# mu2 n0_GS n_exact n_diff
-1.99900 0.000011748159863 0.000040068234394 0.000028320074531
-1.95942 0.008758442894064 0.008741841282956 0.000016601611108
-1.91983 0.021174618641783 0.021151680131898 0.000022938509884
-1.88025 0.034425356695759 0.034387544804388 0.000037811891371
-1.84066 0.047788180622564 0.047732966549945 0.000055214072619
-1.80108 0.061005263258225 0.060930559522836 0.000074703735389
-1.76150 0.073947111035214 0.073881484026081 0.000065627009132
-1.72191 0.086608519728801 0.086551523737314 0.000056995991486
-1.68233 0.099012342172451 0.098935051816938 0.000077290355513
-1.64274 0.111105167841942 0.111039478432013 0.000065689409928
-1.60316 0.122949140290130 0.122878018392221 0.000071121897909
-1.56357 0.134531694816170 0.134466168766100 0.000065526050070
-1.52399 0.145886918178914 0.145819954154947 0.000066964023967
-1.48441 0.157018494220904 0.156955055219920 0.000063439000984
-1.44482 0.167952220473011 0.167886393255288 0.000065827217723
-1.40524 0.178687029606833 0.178627954827165 0.000059074779668
-1.36565 0.189257612003601 0.189192743406872 0.000064868596729
-1.32607 0.199641443945954 0.199592797258473 0.000048646687481
-1.28649 0.209895359521406 0.209839240386696 0.000056119134710
-1.24690 0.219991719191226 0.219942348258696 0.000049370932530
-1.20732 0.229964973470238 0.229911618255420 0.000053355214818
-1.16773 0.239810044550780 0.239755839436967 0.000054205113813
-1.12815 0.249524279271601 0.249483158830059 0.000041120441542
-1.08856 0.259148377157128 0.259101142936352 0.000047234220776
-1.04898 0.268660456540279 0.268616834001319 0.000043622538960
-1.00940 0.278080212617907 0.278036801048430 0.000043411569477
-0.96981 0.287408455216717 0.287367185929566 0.000041269287151
-0.93023 0.296648078702297 0.296613744761757 0.000034333940540
-0.89064 0.305822313087035 0.305781885166268 0.000040427920767
-0.85106 0.314911801431662 0.314876699730803 0.000035101700859
-0.81148 0.323930658993767 0.323902996097998 0.000027662895769
-0.77189 0.332900752688602 0.332865324054649 0.000035428633953
-0.73231 0.341802329903679 0.341767999962922 0.000034329940757
-0.69272 0.350637598249080 0.350615128840696 0.000022469408385
-0.65314 0.359441039705443 0.359410624365462 0.000030415339981
-0.61355 0.368187097133128 0.368158227045754 0.000028870087373
-0.57397 0.376879228935518 0.376861520776469 0.000017708159049
-0.53439 0.385549670925557 0.385523947969722 0.000025722955835
-0.49480 0.394172649797124 0.394148823431028 0.000023826366096
-0.45522 0.402752550193191 0.402739347131368 0.000013203061824
-0.41563 0.411319867775675 0.411298616008910 0.000021251766765
-0.37605 0.419843604398342 0.419829634919590 0.000013969478752
-0.33647 0.428344487794393 0.428335326843052 0.000009160951342
-0.29688 0.436835129716687 0.436818542439598 0.000016587277089
-0.25730 0.445291455926091 0.445282069044389 0.000009386881702
-0.21771 0.453734267005688 0.453728639177133 0.000005627828555
-0.17813 0.462171941874339 0.462160938638704 0.000011003235635
-0.13854 0.470586666900219 0.470581614260425 0.000005052639794
-0.09896 0.478995610498744 0.478993281366966 0.000002329131778
-0.05938 0.487402471284178 0.487398531009972 0.000003940274206
-0.01979 0.495801079927153 0.495799937026442 0.000001142900711
0.01979 0.504198920072848 0.504200062973558 0.000001142900711
0.05938 0.512597528715823 0.512601468990029 0.000003940274206
0.09896 0.521004389501255 0.521006718633034 0.000002329131779
0.13854 0.529413333099782 0.529418385739574 0.000005052639793
0.17813 0.537828058125661 0.537839061361296 0.000011003235635
0.21771 0.546265732994311 0.546271360822868 0.000005627828556
0.25730 0.554708544073909 0.554717930955611 0.000009386881702
0.29688 0.563164870283312 0.563181457560402 0.000016587277090
0.33647 0.571655512205606 0.571664673156948 0.000009160951343
0.37605 0.580156395601658 0.580170365080410 0.000013969478751
0.41563 0.588680132224325 0.588701383991090 0.000021251766764
0.45522 0.597247449806809 0.597260652868633 0.000013203061824
0.49480 0.605827350202876 0.605851176568972 0.000023826366096
0.53439 0.614450329074444 0.614476052030278 0.000025722955834
0.57397 0.623120771064482 0.623138479223531 0.000017708159048
0.61355 0.631812902866873 0.631841772954246 0.000028870087373
0.65314 0.640558960294557 0.640589375634539 0.000030415339981
0.69272 0.649362401750919 0.649384871159305 0.000022469408386
0.73231 0.658197670096320 0.658232000037078 0.000034329940758
0.77189 0.667099247311397 0.667134675945351 0.000035428633954
0.81148 0.676069341006234 0.676097003902002 0.000027662895768
0.85106 0.685088198568337 0.685123300269197 0.000035101700859
0.89064 0.694177686912964 0.694218114833732 0.000040427920768
0.93023 0.703351921297703 0.703386255238243 0.000034333940540
0.96981 0.712591544783282 0.712632814070434 0.000041269287152
1.00940 0.721919787382093 0.721963198951571 0.000043411569478
1.04898 0.731339543459721 0.731383165998681 0.000043622538960
1.08856 0.740851622842871 0.740898857063648 0.000047234220777
1.12815 0.750475720728399 0.750516841169941 0.000041120441542
1.16773 0.760189955449220 0.760244160563033 0.000054205113813
1.20732 0.770035026529763 0.770088381744580 0.000053355214817
1.24690 0.780008280808775 0.780057651741304 0.000049370932529
1.28649 0.790104640478594 0.790160759613304 0.000056119134710
1.32607 0.800358556054045 0.800407202741527 0.000048646687482
1.36565 0.810742387996400 0.810807256593128 0.000064868596728
1.40524 0.821312970393166 0.821372045172835 0.000059074779669
1.44482 0.832047779526988 0.832113606744712 0.000065827217724
1.48441 0.842981505779095 0.843044944780080 0.000063439000985
1.52399 0.854113081821084 0.854180045845053 0.000066964023969
1.56357 0.865468305183830 0.865533831233900 0.000065526050070
1.60316 0.877050859709870 0.877121981607779 0.000071121897908
1.64274 0.888894832158057 0.888960521567986 0.000065689409929
1.68233 0.900987657827549 0.901064948183062 0.000077290355513
1.72191 0.913391480271200 0.913448476262686 0.000056995991486
1.76150 0.926052888964786 0.926118515973918 0.000065627009133
1.80108 0.938994736741774 0.939069440477164 0.000074703735390
1.84066 0.952211819377436 0.952267033450055 0.000055214072619
1.88025 0.965574643304242 0.965612455195612 0.000037811891370
1.91983 0.978825381358217 0.978848319868102 0.000022938509884
1.95942 0.991241557105935 0.991258158717044 0.000016601611109
1.99900 0.999988251840136 0.999959931765606 0.000028320074530
