## Parameters ##
# z = 3
# m = 6
# t = 1.000000000000000e+00
# mu = 1.000000000000000e-10
# opt = sc
#
#
#a = 0.000000
1 5.168132458001810e-01
2 5.168132458001812e-01
3 5.168132458001815e-01
4 4.754558085517425e-01
5 4.754558085517429e-01
6 4.754558085517425e-01
7 4.754558085517426e-01
8 4.754558085517429e-01
9 4.754558085517425e-01
10 5.470530853816330e-01
11 5.470530853816331e-01
12 5.470530853816328e-01
13 5.470530853816333e-01
14 5.470530853816332e-01
15 5.470530853816334e-01
16 5.470530853816333e-01
17 5.470530853816329e-01
18 5.470530853816329e-01
19 5.470530853816331e-01
20 5.470530853816326e-01
21 5.470530853816329e-01
22 4.251517842667885e-01
23 4.251517842667889e-01
24 4.251517842667888e-01
25 4.251517842667890e-01
26 4.251517842667886e-01
27 4.251517842667892e-01
28 4.251517842667891e-01
29 4.251517842667888e-01
30 4.251517842667882e-01
31 4.251517842667882e-01
32 4.251517842667887e-01
33 4.251517842667887e-01
34 4.251517842667890e-01
35 4.251517842667890e-01
36 4.251517842667892e-01
37 4.251517842667886e-01
38 4.251517842667890e-01
39 4.251517842667890e-01
40 4.251517842667889e-01
41 4.251517842667891e-01
42 4.251517842667890e-01
43 4.251517842667893e-01
44 4.251517842667895e-01
45 4.251517842667892e-01
46 6.299048639036612e-01
47 6.299048639036608e-01
48 6.299048639036617e-01
49 6.299048639036615e-01
50 6.299048639036610e-01
51 6.299048639036618e-01
52 6.299048639036613e-01
53 6.299048639036615e-01
54 6.299048639036615e-01
55 6.299048639036608e-01
56 6.299048639036615e-01
57 6.299048639036604e-01
58 6.299048639036604e-01
59 6.299048639036613e-01
60 6.299048639036611e-01
61 6.299048639036611e-01
62 6.299048639036618e-01
63 6.299048639036607e-01
64 6.299048639036617e-01
65 6.299048639036612e-01
66 6.299048639036617e-01
67 6.299048639036617e-01
68 6.299048639036621e-01
69 6.299048639036608e-01
70 6.299048639036617e-01
71 6.299048639036615e-01
72 6.299048639036615e-01
73 6.299048639036617e-01
74 6.299048639036623e-01
75 6.299048639036618e-01
76 6.299048639036621e-01
77 6.299048639036617e-01
78 6.299048639036610e-01
79 6.299048639036610e-01
80 6.299048639036606e-01
81 6.299048639036614e-01
82 6.299048639036615e-01
83 6.299048639036620e-01
84 6.299048639036616e-01
85 6.299048639036616e-01
86 6.299048639036614e-01
87 6.299048639036610e-01
88 6.299048639036615e-01
89 6.299048639036616e-01
90 6.299048639036616e-01
91 6.299048639036613e-01
92 6.299048639036610e-01
93 6.299048639036612e-01


#a = 1.000000
1 5.132464803438831e-01
2 5.132464803438833e-01
3 5.132464803438830e-01
4 5.113014106535360e-01
5 5.113014106535360e-01
6 5.113014106535363e-01
7 5.113014106535363e-01
8 5.113014106535350e-01
9 5.113014106535350e-01
10 5.236701510377767e-01
11 5.236701510377766e-01
12 5.236701510377766e-01
13 5.236701510377758e-01
14 5.236701510377769e-01
15 5.236701510377773e-01
16 5.236701510377773e-01
17 5.236701510377769e-01
18 5.236701510377770e-01
19 5.236701510377769e-01
20 5.236701510377773e-01
21 5.236701510377769e-01
22 5.138857906954526e-01
23 5.138857906954524e-01
24 5.138857906954525e-01
25 5.138857906954527e-01
26 5.138857906954524e-01
27 5.138857906954525e-01
28 5.138857906954523e-01
29 5.138857906954523e-01
30 5.138857906954539e-01
31 5.138857906954534e-01
32 5.138857906954533e-01
33 5.138857906954528e-01
34 5.138857906954527e-01
35 5.138857906954534e-01
36 5.138857906954526e-01
37 5.138857906954529e-01
38 5.138857906954533e-01
39 5.138857906954531e-01
40 5.138857906954534e-01
41 5.138857906954536e-01
42 5.138857906954529e-01
43 5.138857906954529e-01
44 5.138857906954536e-01
45 5.138857906954535e-01
46 5.712346494268116e-01
47 5.712346494268119e-01
48 5.712346494268120e-01
49 5.712346494268122e-01
50 5.712346494268127e-01
51 5.712346494268117e-01
52 5.712346494268123e-01
53 5.712346494268117e-01
54 5.712346494268119e-01
55 5.712346494268120e-01
56 5.712346494268118e-01
57 5.712346494268128e-01
58 5.712346494268119e-01
59 5.712346494268116e-01
60 5.712346494268129e-01
61 5.712346494268107e-01
62 5.712346494268125e-01
63 5.712346494268120e-01
64 5.712346494268121e-01
65 5.712346494268123e-01
66 5.712346494268122e-01
67 5.712346494268122e-01
68 5.712346494268121e-01
69 5.712346494268127e-01
70 5.712346494268122e-01
71 5.712346494268121e-01
72 5.712346494268123e-01
73 5.712346494268115e-01
74 5.712346494268118e-01
75 5.712346494268126e-01
76 5.712346494268120e-01
77 5.712346494268119e-01
78 5.712346494268120e-01
79 5.712346494268117e-01
80 5.712346494268127e-01
81 5.712346494268117e-01
82 5.712346494268127e-01
83 5.712346494268120e-01
84 5.712346494268122e-01
85 5.712346494268120e-01
86 5.712346494268123e-01
87 5.712346494268121e-01
88 5.712346494268121e-01
89 5.712346494268122e-01
90 5.712346494268130e-01
91 5.712346494268127e-01
92 5.712346494268128e-01
93 5.712346494268127e-01


#a = 2.000000
1 5.159535291085611e-01
2 5.159535291085610e-01
3 5.159535291085610e-01
4 5.223100226552225e-01
5 5.223100226552226e-01
6 5.223100226552227e-01
7 5.223100226552220e-01
8 5.223100226552231e-01
9 5.223100226552231e-01
10 5.264083172036044e-01
11 5.264083172036045e-01
12 5.264083172036050e-01
13 5.264083172036053e-01
14 5.264083172036049e-01
15 5.264083172036047e-01
16 5.264083172036051e-01
17 5.264083172036056e-01
18 5.264083172036058e-01
19 5.264083172036059e-01
20 5.264083172036049e-01
21 5.264083172036058e-01
22 5.409963087903410e-01
23 5.409963087903409e-01
24 5.409963087903408e-01
25 5.409963087903407e-01
26 5.409963087903411e-01
27 5.409963087903410e-01
28 5.409963087903413e-01
29 5.409963087903410e-01
30 5.409963087903413e-01
31 5.409963087903416e-01
32 5.409963087903411e-01
33 5.409963087903411e-01
34 5.409963087903407e-01
35 5.409963087903391e-01
36 5.409963087903412e-01
37 5.409963087903411e-01
38 5.409963087903408e-01
39 5.409963087903406e-01
40 5.409963087903418e-01
41 5.409963087903410e-01
42 5.409963087903398e-01
43 5.409963087903418e-01
44 5.409963087903407e-01
45 5.409963087903403e-01
46 5.248404744787297e-01
47 5.248404744787295e-01
48 5.248404744787295e-01
49 5.248404744787292e-01
50 5.248404744787295e-01
51 5.248404744787292e-01
52 5.248404744787302e-01
53 5.248404744787303e-01
54 5.248404744787287e-01
55 5.248404744787291e-01
56 5.248404744787297e-01
57 5.248404744787295e-01
58 5.248404744787302e-01
59 5.248404744787296e-01
60 5.248404744787289e-01
61 5.248404744787305e-01
62 5.248404744787298e-01
63 5.248404744787301e-01
64 5.248404744787302e-01
65 5.248404744787296e-01
66 5.248404744787304e-01
67 5.248404744787307e-01
68 5.248404744787308e-01
69 5.248404744787294e-01
70 5.248404744787289e-01
71 5.248404744787285e-01
72 5.248404744787314e-01
73 5.248404744787316e-01
74 5.248404744787299e-01
75 5.248404744787304e-01
76 5.248404744787289e-01
77 5.248404744787307e-01
78 5.248404744787303e-01
79 5.248404744787287e-01
80 5.248404744787292e-01
81 5.248404744787296e-01
82 5.248404744787292e-01
83 5.248404744787286e-01
84 5.248404744787303e-01
85 5.248404744787296e-01
86 5.248404744787299e-01
87 5.248404744787304e-01
88 5.248404744787277e-01
89 5.248404744787294e-01
90 5.248404744787294e-01
91 5.248404744787301e-01
92 5.248404744787301e-01
93 5.248404744787307e-01


#a = 3.000000
1 5.201721928801870e-01
2 5.201721928801878e-01
3 5.201721928801866e-01
4 5.273689453660920e-01
5 5.273689453660920e-01
6 5.273689453660924e-01
7 5.273689453660925e-01
8 5.273689453660927e-01
9 5.273689453660926e-01
10 5.345306214388559e-01
11 5.345306214388557e-01
12 5.345306214388551e-01
13 5.345306214388550e-01
14 5.345306214388553e-01
15 5.345306214388553e-01
16 5.345306214388557e-01
17 5.345306214388553e-01
18 5.345306214388548e-01
19 5.345306214388547e-01
20 5.345306214388555e-01
21 5.345306214388548e-01
22 5.354210251598867e-01
23 5.354210251598870e-01
24 5.354210251598860e-01
25 5.354210251598861e-01
26 5.354210251598868e-01
27 5.354210251598868e-01
28 5.354210251598868e-01
29 5.354210251598865e-01
30 5.354210251598868e-01
31 5.354210251598873e-01
32 5.354210251598861e-01
33 5.354210251598881e-01
34 5.354210251598881e-01
35 5.354210251598861e-01
36 5.354210251598870e-01
37 5.354210251598868e-01
38 5.354210251598863e-01
39 5.354210251598868e-01
40 5.354210251598865e-01
41 5.354210251598870e-01
42 5.354210251598872e-01
43 5.354210251598855e-01
44 5.354210251598859e-01
45 5.354210251598867e-01
46 4.985357807956452e-01
47 4.985357807956445e-01
48 4.985357807956454e-01
49 4.985357807956438e-01
50 4.985357807956436e-01
51 4.985357807956429e-01
52 4.985357807956445e-01
53 4.985357807956433e-01
54 4.985357807956452e-01
55 4.985357807956426e-01
56 4.985357807956419e-01
57 4.985357807956459e-01
58 4.985357807956446e-01
59 4.985357807956418e-01
60 4.985357807956419e-01
61 4.985357807956451e-01
62 4.985357807956420e-01
63 4.985357807956447e-01
64 4.985357807956425e-01
65 4.985357807956442e-01
66 4.985357807956459e-01
67 4.985357807956449e-01
68 4.985357807956400e-01
69 4.985357807956402e-01
70 4.985357807956401e-01
71 4.985357807956389e-01
72 4.985357807956461e-01
73 4.985357807956466e-01
74 4.985357807956435e-01
75 4.985357807956438e-01
76 4.985357807956438e-01
77 4.985357807956442e-01
78 4.985357807956440e-01
79 4.985357807956428e-01
80 4.985357807956426e-01
81 4.985357807956446e-01
82 4.985357807956441e-01
83 4.985357807956439e-01
84 4.985357807956443e-01
85 4.985357807956442e-01
86 4.985357807956451e-01
87 4.985357807956379e-01
88 4.985357807956454e-01
89 4.985357807956463e-01
90 4.985357807956455e-01
91 4.985357807956431e-01
92 4.985357807956429e-01
93 4.985357807956418e-01


#a = 4.000000
1 5.239861326859677e-01
2 5.239861326859685e-01
3 5.239861326859681e-01
4 5.327833052071069e-01
5 5.327833052071071e-01
6 5.327833052071071e-01
7 5.327833052071076e-01
8 5.327833052071078e-01
9 5.327833052071059e-01
10 5.374235920398818e-01
11 5.374235920398819e-01
12 5.374235920398819e-01
13 5.374235920398820e-01
14 5.374235920398812e-01
15 5.374235920398811e-01
16 5.374235920398803e-01
17 5.374235920398808e-01
18 5.374235920398820e-01
19 5.374235920398827e-01
20 5.374235920398814e-01
21 5.374235920398819e-01
22 5.214131233269437e-01
23 5.214131233269448e-01
24 5.214131233269448e-01
25 5.214131233269431e-01
26 5.214131233269427e-01
27 5.214131233269433e-01
28 5.214131233269430e-01
29 5.214131233269440e-01
30 5.214131233269443e-01
31 5.214131233269442e-01
32 5.214131233269442e-01
33 5.214131233269441e-01
34 5.214131233269432e-01
35 5.214131233269439e-01
36 5.214131233269436e-01
37 5.214131233269435e-01
38 5.214131233269429e-01
39 5.214131233269427e-01
40 5.214131233269431e-01
41 5.214131233269433e-01
42 5.214131233269447e-01
43 5.214131233269443e-01
44 5.214131233269435e-01
45 5.214131233269429e-01
46 4.852025780873623e-01
47 4.852025780873608e-01
48 4.852025780873555e-01
49 4.852025780873548e-01
50 4.852025780873528e-01
51 4.852025780873563e-01
52 4.852025780873647e-01
53 4.852025780873646e-01
54 4.852025780873626e-01
55 4.852025780873571e-01
56 4.852025780873548e-01
57 4.852025780873579e-01
58 4.852025780873647e-01
59 4.852025780873536e-01
60 4.852025780873624e-01
61 4.852025780873466e-01
62 4.852025780873567e-01
63 4.852025780873611e-01
64 4.852025780873555e-01
65 4.852025780873576e-01
66 4.852025780873523e-01
67 4.852025780873649e-01
68 4.852025780873540e-01
69 4.852025780873579e-01
70 4.852025780873594e-01
71 4.852025780873717e-01
72 4.852025780873532e-01
73 4.852025780873534e-01
74 4.852025780873522e-01
75 4.852025780873572e-01
76 4.852025780873553e-01
77 4.852025780873592e-01
78 4.852025780873619e-01
79 4.852025780873513e-01
80 4.852025780873597e-01
81 4.852025780873564e-01
82 4.852025780873668e-01
83 4.852025780873504e-01
84 4.852025780873570e-01
85 4.852025780873637e-01
86 4.852025780873661e-01
87 4.852025780873519e-01
88 4.852025780873589e-01
89 4.852025780873588e-01
90 4.852025780873539e-01
91 4.852025780873628e-01
92 4.852025780873575e-01
93 4.852025780873576e-01


