## Parameters ##
# z = 3
# m = 6
# t = 1.000000000000000e+00
# mu = 1.000000000000000e+00
# opt = sc
#
#
#a = 0.000000
1 4.204294639838735e-01
2 4.204294639838740e-01
3 4.204294639838739e-01
4 5.159179883183477e-01
5 5.159179883183478e-01
6 5.159179883183479e-01
7 5.159179883183475e-01
8 5.159179883183477e-01
9 5.159179883183477e-01
10 3.432289090293343e-01
11 3.432289090293341e-01
12 3.432289090293340e-01
13 3.432289090293341e-01
14 3.432289090293341e-01
15 3.432289090293338e-01
16 3.432289090293336e-01
17 3.432289090293338e-01
18 3.432289090293345e-01
19 3.432289090293342e-01
20 3.432289090293343e-01
21 3.432289090293341e-01
22 4.870019068416918e-01
23 4.870019068416916e-01
24 4.870019068416917e-01
25 4.870019068416915e-01
26 4.870019068416919e-01
27 4.870019068416914e-01
28 4.870019068416916e-01
29 4.870019068416915e-01
30 4.870019068416919e-01
31 4.870019068416919e-01
32 4.870019068416921e-01
33 4.870019068416916e-01
34 4.870019068416922e-01
35 4.870019068416925e-01
36 4.870019068416926e-01
37 4.870019068416925e-01
38 4.870019068416915e-01
39 4.870019068416921e-01
40 4.870019068416920e-01
41 4.870019068416925e-01
42 4.870019068416926e-01
43 4.870019068416924e-01
44 4.870019068416925e-01
45 4.870019068416925e-01
46 5.818235205526247e-01
47 5.818235205526247e-01
48 5.818235205526243e-01
49 5.818235205526249e-01
50 5.818235205526243e-01
51 5.818235205526241e-01
52 5.818235205526244e-01
53 5.818235205526243e-01
54 5.818235205526243e-01
55 5.818235205526251e-01
56 5.818235205526247e-01
57 5.818235205526243e-01
58 5.818235205526241e-01
59 5.818235205526248e-01
60 5.818235205526245e-01
61 5.818235205526243e-01
62 5.818235205526239e-01
63 5.818235205526249e-01
64 5.818235205526248e-01
65 5.818235205526243e-01
66 5.818235205526243e-01
67 5.818235205526248e-01
68 5.818235205526242e-01
69 5.818235205526245e-01
70 5.818235205526247e-01
71 5.818235205526251e-01
72 5.818235205526251e-01
73 5.818235205526250e-01
74 5.818235205526250e-01
75 5.818235205526245e-01
76 5.818235205526248e-01
77 5.818235205526247e-01
78 5.818235205526241e-01
79 5.818235205526251e-01
80 5.818235205526244e-01
81 5.818235205526239e-01
82 5.818235205526250e-01
83 5.818235205526250e-01
84 5.818235205526244e-01
85 5.818235205526248e-01
86 5.818235205526248e-01
87 5.818235205526249e-01
88 5.818235205526247e-01
89 5.818235205526247e-01
90 5.818235205526244e-01
91 5.818235205526243e-01
92 5.818235205526243e-01
93 5.818235205526240e-01


#a = 1.000000
1 4.440987066885738e-01
2 4.440987066885744e-01
3 4.440987066885749e-01
4 4.797343986348818e-01
5 4.797343986348815e-01
6 4.797343986348820e-01
7 4.797343986348815e-01
8 4.797343986348810e-01
9 4.797343986348814e-01
10 4.166286424784597e-01
11 4.166286424784594e-01
12 4.166286424784598e-01
13 4.166286424784597e-01
14 4.166286424784604e-01
15 4.166286424784610e-01
16 4.166286424784607e-01
17 4.166286424784609e-01
18 4.166286424784599e-01
19 4.166286424784603e-01
20 4.166286424784603e-01
21 4.166286424784614e-01
22 4.795306319439308e-01
23 4.795306319439298e-01
24 4.795306319439301e-01
25 4.795306319439309e-01
26 4.795306319439303e-01
27 4.795306319439298e-01
28 4.795306319439297e-01
29 4.795306319439297e-01
30 4.795306319439304e-01
31 4.795306319439306e-01
32 4.795306319439301e-01
33 4.795306319439314e-01
34 4.795306319439310e-01
35 4.795306319439312e-01
36 4.795306319439307e-01
37 4.795306319439300e-01
38 4.795306319439299e-01
39 4.795306319439299e-01
40 4.795306319439309e-01
41 4.795306319439313e-01
42 4.795306319439303e-01
43 4.795306319439304e-01
44 4.795306319439323e-01
45 4.795306319439308e-01
46 5.468013366265091e-01
47 5.468013366265099e-01
48 5.468013366265091e-01
49 5.468013366265094e-01
50 5.468013366265090e-01
51 5.468013366265091e-01
52 5.468013366265095e-01
53 5.468013366265088e-01
54 5.468013366265100e-01
55 5.468013366265094e-01
56 5.468013366265105e-01
57 5.468013366265094e-01
58 5.468013366265085e-01
59 5.468013366265079e-01
60 5.468013366265090e-01
61 5.468013366265083e-01
62 5.468013366265092e-01
63 5.468013366265094e-01
64 5.468013366265091e-01
65 5.468013366265083e-01
66 5.468013366265098e-01
67 5.468013366265098e-01
68 5.468013366265089e-01
69 5.468013366265085e-01
70 5.468013366265085e-01
71 5.468013366265091e-01
72 5.468013366265093e-01
73 5.468013366265091e-01
74 5.468013366265091e-01
75 5.468013366265085e-01
76 5.468013366265090e-01
77 5.468013366265090e-01
78 5.468013366265084e-01
79 5.468013366265085e-01
80 5.468013366265082e-01
81 5.468013366265094e-01
82 5.468013366265092e-01
83 5.468013366265092e-01
84 5.468013366265089e-01
85 5.468013366265102e-01
86 5.468013366265103e-01
87 5.468013366265104e-01
88 5.468013366265093e-01
89 5.468013366265099e-01
90 5.468013366265089e-01
91 5.468013366265090e-01
92 5.468013366265119e-01
93 5.468013366265110e-01


#a = 2.000000
1 4.624533637933482e-01
2 4.624533637933482e-01
3 4.624533637933485e-01
4 4.678638515079110e-01
5 4.678638515079109e-01
6 4.678638515079109e-01
7 4.678638515079109e-01
8 4.678638515079107e-01
9 4.678638515079105e-01
10 4.822479737814453e-01
11 4.822479737814453e-01
12 4.822479737814458e-01
13 4.822479737814455e-01
14 4.822479737814455e-01
15 4.822479737814454e-01
16 4.822479737814461e-01
17 4.822479737814461e-01
18 4.822479737814463e-01
19 4.822479737814461e-01
20 4.822479737814439e-01
21 4.822479737814447e-01
22 4.786976796520417e-01
23 4.786976796520417e-01
24 4.786976796520415e-01
25 4.786976796520419e-01
26 4.786976796520414e-01
27 4.786976796520414e-01
28 4.786976796520412e-01
29 4.786976796520412e-01
30 4.786976796520421e-01
31 4.786976796520416e-01
32 4.786976796520418e-01
33 4.786976796520415e-01
34 4.786976796520415e-01
35 4.786976796520425e-01
36 4.786976796520421e-01
37 4.786976796520418e-01
38 4.786976796520410e-01
39 4.786976796520412e-01
40 4.786976796520417e-01
41 4.786976796520410e-01
42 4.786976796520429e-01
43 4.786976796520432e-01
44 4.786976796520420e-01
45 4.786976796520419e-01
46 5.097773811581296e-01
47 5.097773811581294e-01
48 5.097773811581301e-01
49 5.097773811581288e-01
50 5.097773811581305e-01
51 5.097773811581293e-01
52 5.097773811581285e-01
53 5.097773811581308e-01
54 5.097773811581295e-01
55 5.097773811581288e-01
56 5.097773811581293e-01
57 5.097773811581296e-01
58 5.097773811581299e-01
59 5.097773811581296e-01
60 5.097773811581290e-01
61 5.097773811581303e-01
62 5.097773811581303e-01
63 5.097773811581283e-01
64 5.097773811581298e-01
65 5.097773811581291e-01
66 5.097773811581292e-01
67 5.097773811581300e-01
68 5.097773811581298e-01
69 5.097773811581299e-01
70 5.097773811581288e-01
71 5.097773811581311e-01
72 5.097773811581301e-01
73 5.097773811581285e-01
74 5.097773811581296e-01
75 5.097773811581293e-01
76 5.097773811581301e-01
77 5.097773811581287e-01
78 5.097773811581274e-01
79 5.097773811581312e-01
80 5.097773811581285e-01
81 5.097773811581303e-01
82 5.097773811581310e-01
83 5.097773811581275e-01
84 5.097773811581291e-01
85 5.097773811581296e-01
86 5.097773811581301e-01
87 5.097773811581305e-01
88 5.097773811581299e-01
89 5.097773811581299e-01
90 5.097773811581314e-01
91 5.097773811581291e-01
92 5.097773811581301e-01
93 5.097773811581309e-01


#a = 3.000000
1 4.690569870909330e-01
2 4.690569870909325e-01
3 4.690569870909330e-01
4 4.699221417921985e-01
5 4.699221417921983e-01
6 4.699221417921987e-01
7 4.699221417921990e-01
8 4.699221417921987e-01
9 4.699221417921985e-01
10 4.823721819370819e-01
11 4.823721819370820e-01
12 4.823721819370815e-01
13 4.823721819370814e-01
14 4.823721819370825e-01
15 4.823721819370826e-01
16 4.823721819370835e-01
17 4.823721819370824e-01
18 4.823721819370810e-01
19 4.823721819370806e-01
20 4.823721819370824e-01
21 4.823721819370811e-01
22 4.906620749307861e-01
23 4.906620749307863e-01
24 4.906620749307858e-01
25 4.906620749307851e-01
26 4.906620749307843e-01
27 4.906620749307843e-01
28 4.906620749307850e-01
29 4.906620749307841e-01
30 4.906620749307850e-01
31 4.906620749307852e-01
32 4.906620749307852e-01
33 4.906620749307843e-01
34 4.906620749307852e-01
35 4.906620749307858e-01
36 4.906620749307853e-01
37 4.906620749307849e-01
38 4.906620749307847e-01
39 4.906620749307854e-01
40 4.906620749307855e-01
41 4.906620749307859e-01
42 4.906620749307841e-01
43 4.906620749307844e-01
44 4.906620749307830e-01
45 4.906620749307841e-01
46 4.145635290073010e-01
47 4.145635290073022e-01
48 4.145635290073004e-01
49 4.145635290073024e-01
50 4.145635290073014e-01
51 4.145635290072990e-01
52 4.145635290073004e-01
53 4.145635290073012e-01
54 4.145635290072954e-01
55 4.145635290073059e-01
56 4.145635290073016e-01
57 4.145635290072998e-01
58 4.145635290073028e-01
59 4.145635290072985e-01
60 4.145635290073005e-01
61 4.145635290073011e-01
62 4.145635290073023e-01
63 4.145635290073012e-01
64 4.145635290072990e-01
65 4.145635290073035e-01
66 4.145635290073018e-01
67 4.145635290073015e-01
68 4.145635290072991e-01
69 4.145635290073035e-01
70 4.145635290072901e-01
71 4.145635290073114e-01
72 4.145635290072981e-01
73 4.145635290073042e-01
74 4.145635290073014e-01
75 4.145635290072991e-01
76 4.145635290072973e-01
77 4.145635290073040e-01
78 4.145635290072998e-01
79 4.145635290073054e-01
80 4.145635290072987e-01
81 4.145635290072991e-01
82 4.145635290072999e-01
83 4.145635290073024e-01
84 4.145635290072984e-01
85 4.145635290072993e-01
86 4.145635290073029e-01
87 4.145635290073022e-01
88 4.145635290073069e-01
89 4.145635290072942e-01
90 4.145635290072976e-01
91 4.145635290073051e-01
92 4.145635290073049e-01
93 4.145635290072966e-01


#a = 4.000000
1 4.727721941096252e-01
2 4.727721941096250e-01
3 4.727721941096238e-01
4 4.754168381824686e-01
5 4.754168381824688e-01
6 4.754168381824694e-01
7 4.754168381824685e-01
8 4.754168381824695e-01
9 4.754168381824677e-01
10 4.859428721226527e-01
11 4.859428721226530e-01
12 4.859428721226522e-01
13 4.859428721226527e-01
14 4.859428721226536e-01
15 4.859428721226526e-01
16 4.859428721226534e-01
17 4.859428721226528e-01
18 4.859428721226526e-01
19 4.859428721226518e-01
20 4.859428721226516e-01
21 4.859428721226521e-01
22 4.777009474911155e-01
23 4.777009474911160e-01
24 4.777009474911150e-01
25 4.777009474911158e-01
26 4.777009474911152e-01
27 4.777009474911151e-01
28 4.777009474911152e-01
29 4.777009474911156e-01
30 4.777009474911143e-01
31 4.777009474911146e-01
32 4.777009474911142e-01
33 4.777009474911145e-01
34 4.777009474911184e-01
35 4.777009474911138e-01
36 4.777009474911165e-01
37 4.777009474911147e-01
38 4.777009474911155e-01
39 4.777009474911161e-01
40 4.777009474911165e-01
41 4.777009474911169e-01
42 4.777009474911152e-01
43 4.777009474911171e-01
44 4.777009474911154e-01
45 4.777009474911156e-01
46 3.199982045340500e-01
47 3.199982045340535e-01
48 3.199982045340570e-01
49 3.199982045340435e-01
50 3.199982045340616e-01
51 3.199982045340394e-01
52 3.199982045340506e-01
53 3.199982045340497e-01
54 3.199982045340465e-01
55 3.199982045340549e-01
56 3.199982045340491e-01
57 3.199982045340540e-01
58 3.199982045340346e-01
59 3.199982045340664e-01
60 3.199982045340610e-01
61 3.199982045340415e-01
62 3.199982045340505e-01
63 3.199982045340486e-01
64 3.199982045340438e-01
65 3.199982045340569e-01
66 3.199982045340545e-01
67 3.199982045340468e-01
68 3.199982045340565e-01
69 3.199982045340429e-01
70 3.199982045340249e-01
71 3.199982045340795e-01
72 3.199982045340411e-01
73 3.199982045340610e-01
74 3.199982045340415e-01
75 3.199982045340615e-01
76 3.199982045340560e-01
77 3.199982045340481e-01
78 3.199982045340586e-01
79 3.199982045340510e-01
80 3.199982045340458e-01
81 3.199982045340559e-01
82 3.199982045340292e-01
83 3.199982045340693e-01
84 3.199982045340584e-01
85 3.199982045340433e-01
86 3.199982045340617e-01
87 3.199982045340528e-01
88 3.199982045340602e-01
89 3.199982045340461e-01
90 3.199982045340579e-01
91 3.199982045340495e-01
92 3.199982045340616e-01
93 3.199982045340380e-01


