## Parameters ##
# z = 3
# m = 6
# t = 1.000000000000000e+00
# mu = 1.000000000000000e+00
# opt = sc
#
#
#a = 0.000000
1 7.084202659003220e-01
2 6.222542614149981e-01
3 6.222542614149984e-01
4 6.222542614149980e-01
5 7.176325149343911e-01
6 7.176325149343912e-01
7 7.176325149343910e-01
8 7.176325149343904e-01
9 7.176325149343911e-01
10 7.176325149343918e-01
11 7.015481677001711e-01
12 7.015481677001711e-01
13 7.015481677001710e-01
14 7.015481677001711e-01
15 7.015481677001706e-01
16 7.015481677001709e-01
17 7.015481677001709e-01
18 7.015481677001710e-01
19 7.015481677001709e-01
20 7.015481677001709e-01
21 7.015481677001715e-01
22 7.015481677001710e-01
23 5.202410268538887e-01
24 5.202410268538885e-01
25 5.202410268538883e-01
26 5.202410268538884e-01
27 5.202410268538887e-01
28 5.202410268538883e-01
29 5.202410268538887e-01
30 5.202410268538884e-01
31 5.202410268538885e-01
32 5.202410268538887e-01
33 5.202410268538887e-01
34 5.202410268538887e-01
35 5.202410268538888e-01
36 5.202410268538891e-01
37 5.202410268538893e-01
38 5.202410268538890e-01
39 5.202410268538888e-01
40 5.202410268538886e-01
41 5.202410268538893e-01
42 5.202410268538890e-01
43 5.202410268538890e-01
44 5.202410268538887e-01
45 5.202410268538891e-01
46 5.202410268538886e-01
47 8.169720667365192e-01
48 8.169720667365197e-01
49 8.169720667365206e-01
50 8.169720667365202e-01
51 8.169720667365195e-01
52 8.169720667365196e-01
53 8.169720667365201e-01
54 8.169720667365198e-01
55 8.169720667365200e-01
56 8.169720667365200e-01
57 8.169720667365199e-01
58 8.169720667365199e-01
59 8.169720667365199e-01
60 8.169720667365196e-01
61 8.169720667365199e-01
62 8.169720667365200e-01
63 8.169720667365202e-01
64 8.169720667365198e-01
65 8.169720667365198e-01
66 8.169720667365200e-01
67 8.169720667365193e-01
68 8.169720667365198e-01
69 8.169720667365196e-01
70 8.169720667365191e-01
71 8.169720667365193e-01
72 8.169720667365202e-01
73 8.169720667365200e-01
74 8.169720667365205e-01
75 8.169720667365203e-01
76 8.169720667365202e-01
77 8.169720667365201e-01
78 8.169720667365200e-01
79 8.169720667365200e-01
80 8.169720667365202e-01
81 8.169720667365199e-01
82 8.169720667365202e-01
83 8.169720667365202e-01
84 8.169720667365196e-01
85 8.169720667365205e-01
86 8.169720667365203e-01
87 8.169720667365203e-01
88 8.169720667365201e-01
89 8.169720667365196e-01
90 8.169720667365202e-01
91 8.169720667365201e-01
92 8.169720667365196e-01
93 8.169720667365208e-01
94 8.169720667365199e-01


#a = 1.000000
1 6.767406417554863e-01
2 6.468779184265406e-01
3 6.468779184265410e-01
4 6.468779184265402e-01
5 6.867565256284578e-01
6 6.867565256284570e-01
7 6.867565256284577e-01
8 6.867565256284577e-01
9 6.867565256284579e-01
10 6.867565256284578e-01
11 6.779583165075669e-01
12 6.779583165075671e-01
13 6.779583165075669e-01
14 6.779583165075665e-01
15 6.779583165075663e-01
16 6.779583165075668e-01
17 6.779583165075673e-01
18 6.779583165075668e-01
19 6.779583165075652e-01
20 6.779583165075662e-01
21 6.779583165075670e-01
22 6.779583165075685e-01
23 6.179837924853181e-01
24 6.179837924853177e-01
25 6.179837924853173e-01
26 6.179837924853179e-01
27 6.179837924853183e-01
28 6.179837924853185e-01
29 6.179837924853167e-01
30 6.179837924853172e-01
31 6.179837924853180e-01
32 6.179837924853178e-01
33 6.179837924853180e-01
34 6.179837924853174e-01
35 6.179837924853177e-01
36 6.179837924853178e-01
37 6.179837924853174e-01
38 6.179837924853171e-01
39 6.179837924853169e-01
40 6.179837924853171e-01
41 6.179837924853174e-01
42 6.179837924853178e-01
43 6.179837924853190e-01
44 6.179837924853191e-01
45 6.179837924853189e-01
46 6.179837924853198e-01
47 7.769786589886609e-01
48 7.769786589886596e-01
49 7.769786589886614e-01
50 7.769786589886606e-01
51 7.769786589886601e-01
52 7.769786589886599e-01
53 7.769786589886608e-01
54 7.769786589886609e-01
55 7.769786589886615e-01
56 7.769786589886611e-01
57 7.769786589886609e-01
58 7.769786589886607e-01
59 7.769786589886585e-01
60 7.769786589886586e-01
61 7.769786589886606e-01
62 7.769786589886623e-01
63 7.769786589886608e-01
64 7.769786589886606e-01
65 7.769786589886609e-01
66 7.769786589886610e-01
67 7.769786589886611e-01
68 7.769786589886608e-01
69 7.769786589886623e-01
70 7.769786589886619e-01
71 7.769786589886617e-01
72 7.769786589886613e-01
73 7.769786589886610e-01
74 7.769786589886606e-01
75 7.769786589886606e-01
76 7.769786589886605e-01
77 7.769786589886609e-01
78 7.769786589886609e-01
79 7.769786589886610e-01
80 7.769786589886616e-01
81 7.769786589886618e-01
82 7.769786589886611e-01
83 7.769786589886617e-01
84 7.769786589886624e-01
85 7.769786589886617e-01
86 7.769786589886616e-01
87 7.769786589886606e-01
88 7.769786589886608e-01
89 7.769786589886613e-01
90 7.769786589886604e-01
91 7.769786589886617e-01
92 7.769786589886614e-01
93 7.769786589886621e-01
94 7.769786589886604e-01


#a = 2.000000
1 6.548627970479434e-01
2 6.549291357039972e-01
3 6.549291357039970e-01
4 6.549291357039972e-01
5 6.482006711248471e-01
6 6.482006711248474e-01
7 6.482006711248474e-01
8 6.482006711248482e-01
9 6.482006711248477e-01
10 6.482006711248463e-01
11 6.518031898181307e-01
12 6.518031898181311e-01
13 6.518031898181302e-01
14 6.518031898181298e-01
15 6.518031898181303e-01
16 6.518031898181302e-01
17 6.518031898181310e-01
18 6.518031898181306e-01
19 6.518031898181298e-01
20 6.518031898181305e-01
21 6.518031898181320e-01
22 6.518031898181301e-01
23 6.651689030081227e-01
24 6.651689030081228e-01
25 6.651689030081234e-01
26 6.651689030081235e-01
27 6.651689030081229e-01
28 6.651689030081228e-01
29 6.651689030081227e-01
30 6.651689030081230e-01
31 6.651689030081225e-01
32 6.651689030081225e-01
33 6.651689030081227e-01
34 6.651689030081226e-01
35 6.651689030081229e-01
36 6.651689030081231e-01
37 6.651689030081231e-01
38 6.651689030081234e-01
39 6.651689030081228e-01
40 6.651689030081228e-01
41 6.651689030081230e-01
42 6.651689030081227e-01
43 6.651689030081233e-01
44 6.651689030081235e-01
45 6.651689030081239e-01
46 6.651689030081234e-01
47 7.021969545641351e-01
48 7.021969545641353e-01
49 7.021969545641332e-01
50 7.021969545641349e-01
51 7.021969545641334e-01
52 7.021969545641367e-01
53 7.021969545641358e-01
54 7.021969545641339e-01
55 7.021969545641346e-01
56 7.021969545641344e-01
57 7.021969545641356e-01
58 7.021969545641342e-01
59 7.021969545641341e-01
60 7.021969545641349e-01
61 7.021969545641356e-01
62 7.021969545641342e-01
63 7.021969545641318e-01
64 7.021969545641372e-01
65 7.021969545641349e-01
66 7.021969545641336e-01
67 7.021969545641342e-01
68 7.021969545641344e-01
69 7.021969545641362e-01
70 7.021969545641336e-01
71 7.021969545641342e-01
72 7.021969545641342e-01
73 7.021969545641344e-01
74 7.021969545641360e-01
75 7.021969545641344e-01
76 7.021969545641344e-01
77 7.021969545641336e-01
78 7.021969545641342e-01
79 7.021969545641356e-01
80 7.021969545641324e-01
81 7.021969545641360e-01
82 7.021969545641332e-01
83 7.021969545641327e-01
84 7.021969545641378e-01
85 7.021969545641339e-01
86 7.021969545641342e-01
87 7.021969545641331e-01
88 7.021969545641338e-01
89 7.021969545641351e-01
90 7.021969545641361e-01
91 7.021969545641327e-01
92 7.021969545641364e-01
93 7.021969545641359e-01
94 7.021969545641349e-01


#a = 3.000000
1 6.496515957369466e-01
2 6.567261256304435e-01
3 6.567261256304437e-01
4 6.567261256304436e-01
5 6.548244203920215e-01
6 6.548244203920206e-01
7 6.548244203920215e-01
8 6.548244203920217e-01
9 6.548244203920209e-01
10 6.548244203920208e-01
11 6.538469380411783e-01
12 6.538469380411782e-01
13 6.538469380411771e-01
14 6.538469380411773e-01
15 6.538469380411784e-01
16 6.538469380411783e-01
17 6.538469380411791e-01
18 6.538469380411784e-01
19 6.538469380411779e-01
20 6.538469380411782e-01
21 6.538469380411774e-01
22 6.538469380411771e-01
23 6.925941202484315e-01
24 6.925941202484316e-01
25 6.925941202484307e-01
26 6.925941202484316e-01
27 6.925941202484313e-01
28 6.925941202484309e-01
29 6.925941202484314e-01
30 6.925941202484320e-01
31 6.925941202484321e-01
32 6.925941202484314e-01
33 6.925941202484307e-01
34 6.925941202484320e-01
35 6.925941202484315e-01
36 6.925941202484320e-01
37 6.925941202484318e-01
38 6.925941202484311e-01
39 6.925941202484317e-01
40 6.925941202484318e-01
41 6.925941202484304e-01
42 6.925941202484311e-01
43 6.925941202484316e-01
44 6.925941202484313e-01
45 6.925941202484311e-01
46 6.925941202484299e-01
47 6.871416950533989e-01
48 6.871416950533972e-01
49 6.871416950533996e-01
50 6.871416950533970e-01
51 6.871416950533953e-01
52 6.871416950534017e-01
53 6.871416950533978e-01
54 6.871416950533955e-01
55 6.871416950534088e-01
56 6.871416950533873e-01
57 6.871416950533962e-01
58 6.871416950533984e-01
59 6.871416950533926e-01
60 6.871416950534038e-01
61 6.871416950534013e-01
62 6.871416950533920e-01
63 6.871416950533946e-01
64 6.871416950533993e-01
65 6.871416950533984e-01
66 6.871416950533977e-01
67 6.871416950534044e-01
68 6.871416950533913e-01
69 6.871416950534038e-01
70 6.871416950533877e-01
71 6.871416950534122e-01
72 6.871416950533809e-01
73 6.871416950534053e-01
74 6.871416950533915e-01
75 6.871416950533988e-01
76 6.871416950533996e-01
77 6.871416950534059e-01
78 6.871416950533896e-01
79 6.871416950534002e-01
80 6.871416950533864e-01
81 6.871416950533970e-01
82 6.871416950534044e-01
83 6.871416950534043e-01
84 6.871416950533938e-01
85 6.871416950534046e-01
86 6.871416950533968e-01
87 6.871416950533981e-01
88 6.871416950533940e-01
89 6.871416950533956e-01
90 6.871416950533993e-01
91 6.871416950534077e-01
92 6.871416950533875e-01
93 6.871416950533904e-01
94 6.871416950534068e-01


#a = 4.000000
1 6.492336192014654e-01
2 6.560164808761699e-01
3 6.560164808761695e-01
4 6.560164808761675e-01
5 6.557320735314456e-01
6 6.557320735314452e-01
7 6.557320735314461e-01
8 6.557320735314451e-01
9 6.557320735314454e-01
10 6.557320735314449e-01
11 6.631791466322228e-01
12 6.631791466322224e-01
13 6.631791466322223e-01
14 6.631791466322227e-01
15 6.631791466322212e-01
16 6.631791466322209e-01
17 6.631791466322230e-01
18 6.631791466322237e-01
19 6.631791466322232e-01
20 6.631791466322220e-01
21 6.631791466322225e-01
22 6.631791466322221e-01
23 7.054435322611950e-01
24 7.054435322611939e-01
25 7.054435322611957e-01
26 7.054435322611949e-01
27 7.054435322611938e-01
28 7.054435322611949e-01
29 7.054435322611956e-01
30 7.054435322611955e-01
31 7.054435322611949e-01
32 7.054435322611950e-01
33 7.054435322611948e-01
34 7.054435322611947e-01
35 7.054435322611923e-01
36 7.054435322611974e-01
37 7.054435322611956e-01
38 7.054435322611969e-01
39 7.054435322611954e-01
40 7.054435322611949e-01
41 7.054435322611927e-01
42 7.054435322611921e-01
43 7.054435322611941e-01
44 7.054435322611914e-01
45 7.054435322611918e-01
46 7.054435322611949e-01
47 6.783235408984669e-01
48 6.783235408984480e-01
49 6.783235408984474e-01
50 6.783235408984840e-01
51 6.783235408984054e-01
52 6.783235408985037e-01
53 6.783235408984540e-01
54 6.783235408984585e-01
55 6.783235408984857e-01
56 6.783235408984450e-01
57 6.783235408984672e-01
58 6.783235408984495e-01
59 6.783235408985195e-01
60 6.783235408983928e-01
61 6.783235408984045e-01
62 6.783235408985053e-01
63 6.783235408984658e-01
64 6.783235408984511e-01
65 6.783235408984802e-01
66 6.783235408984404e-01
67 6.783235408984425e-01
68 6.783235408984827e-01
69 6.783235408984536e-01
70 6.783235408984765e-01
71 6.783235408985278e-01
72 6.783235408983939e-01
73 6.783235408984836e-01
74 6.783235408984244e-01
75 6.783235408984749e-01
76 6.783235408984363e-01
77 6.783235408984528e-01
78 6.783235408984494e-01
79 6.783235408984357e-01
80 6.783235408984565e-01
81 6.783235408984790e-01
82 6.783235408984489e-01
83 6.783235408984996e-01
84 6.783235408984176e-01
85 6.783235408984605e-01
86 6.783235408984676e-01
87 6.783235408984308e-01
88 6.783235408984611e-01
89 6.783235408984392e-01
90 6.783235408985040e-01
91 6.783235408984400e-01
92 6.783235408984691e-01
93 6.783235408984214e-01
94 6.783235408985027e-01


