## Parameters ##
# z = 3
# m = 6
# t = 1.000000000000000e+00
# mu = 1.000000000000000e-10
# opt = sc
#
#
#a = 0.000000
1 4.999999999999997e-01
2 6.111111111111112e-01
3 6.111111111111107e-01
4 6.111111111111110e-01
5 4.999999999999996e-01
6 4.999999999999998e-01
7 5.000000000000001e-01
8 5.000000000000001e-01
9 4.999999999999997e-01
10 4.999999999999994e-01
11 6.527777777777771e-01
12 6.527777777777777e-01
13 6.527777777777791e-01
14 6.527777777777777e-01
15 6.527777777777771e-01
16 6.527777777777770e-01
17 6.527777777777775e-01
18 6.527777777777775e-01
19 6.527777777777785e-01
20 6.527777777777785e-01
21 6.527777777777777e-01
22 6.527777777777779e-01
23 4.999999999999998e-01
24 5.000000000000004e-01
25 5.000000000000001e-01
26 5.000000000000004e-01
27 4.999999999999997e-01
28 4.999999999999999e-01
29 4.999999999999998e-01
30 4.999999999999998e-01
31 4.999999999999999e-01
32 5.000000000000000e-01
33 5.000000000000004e-01
34 5.000000000000002e-01
35 4.999999999999998e-01
36 5.000000000000002e-01
37 5.000000000000003e-01
38 5.000000000000004e-01
39 4.999999999999996e-01
40 4.999999999999998e-01
41 5.000000000000002e-01
42 5.000000000000002e-01
43 4.999999999999997e-01
44 5.000000000000002e-01
45 5.000000000000002e-01
46 4.999999999999999e-01
47 7.881944444444452e-01
48 7.881944444444450e-01
49 7.881944444444450e-01
50 7.881944444444439e-01
51 7.881944444444448e-01
52 7.881944444444443e-01
53 7.881944444444449e-01
54 7.881944444444446e-01
55 7.881944444444450e-01
56 7.881944444444443e-01
57 7.881944444444444e-01
58 7.881944444444439e-01
59 7.881944444444444e-01
60 7.881944444444443e-01
61 7.881944444444445e-01
62 7.881944444444440e-01
63 7.881944444444433e-01
64 7.881944444444451e-01
65 7.881944444444442e-01
66 7.881944444444448e-01
67 7.881944444444444e-01
68 7.881944444444450e-01
69 7.881944444444439e-01
70 7.881944444444450e-01
71 7.881944444444438e-01
72 7.881944444444443e-01
73 7.881944444444441e-01
74 7.881944444444451e-01
75 7.881944444444454e-01
76 7.881944444444448e-01
77 7.881944444444438e-01
78 7.881944444444455e-01
79 7.881944444444443e-01
80 7.881944444444448e-01
81 7.881944444444442e-01
82 7.881944444444454e-01
83 7.881944444444450e-01
84 7.881944444444446e-01
85 7.881944444444440e-01
86 7.881944444444446e-01
87 7.881944444444448e-01
88 7.881944444444443e-01
89 7.881944444444449e-01
90 7.881944444444446e-01
91 7.881944444444446e-01
92 7.881944444444440e-01
93 7.881944444444442e-01
94 7.881944444444446e-01


#a = 1.000000
1 5.000000000101328e-01
2 5.428256143664126e-01
3 5.428256143664132e-01
4 5.428256143664120e-01
5 5.000000000104606e-01
6 5.000000000104603e-01
7 5.000000000104614e-01
8 5.000000000104614e-01
9 5.000000000104607e-01
10 5.000000000104609e-01
11 5.689004683289067e-01
12 5.689004683289067e-01
13 5.689004683289071e-01
14 5.689004683289062e-01
15 5.689004683289069e-01
16 5.689004683289069e-01
17 5.689004683289069e-01
18 5.689004683289063e-01
19 5.689004683289072e-01
20 5.689004683289077e-01
21 5.689004683289073e-01
22 5.689004683289072e-01
23 5.000000000100782e-01
24 5.000000000100784e-01
25 5.000000000100782e-01
26 5.000000000100784e-01
27 5.000000000100782e-01
28 5.000000000100786e-01
29 5.000000000100779e-01
30 5.000000000100784e-01
31 5.000000000100787e-01
32 5.000000000100786e-01
33 5.000000000100784e-01
34 5.000000000100786e-01
35 5.000000000100784e-01
36 5.000000000100784e-01
37 5.000000000100786e-01
38 5.000000000100786e-01
39 5.000000000100782e-01
40 5.000000000100782e-01
41 5.000000000100789e-01
42 5.000000000100784e-01
43 5.000000000100787e-01
44 5.000000000100784e-01
45 5.000000000100793e-01
46 5.000000000100788e-01
47 8.134316153466480e-01
48 8.134316153466478e-01
49 8.134316153466479e-01
50 8.134316153466477e-01
51 8.134316153466474e-01
52 8.134316153466477e-01
53 8.134316153466475e-01
54 8.134316153466479e-01
55 8.134316153466485e-01
56 8.134316153466479e-01
57 8.134316153466481e-01
58 8.134316153466472e-01
59 8.134316153466477e-01
60 8.134316153466488e-01
61 8.134316153466473e-01
62 8.134316153466478e-01
63 8.134316153466478e-01
64 8.134316153466479e-01
65 8.134316153466478e-01
66 8.134316153466477e-01
67 8.134316153466473e-01
68 8.134316153466481e-01
69 8.134316153466472e-01
70 8.134316153466471e-01
71 8.134316153466472e-01
72 8.134316153466472e-01
73 8.134316153466482e-01
74 8.134316153466475e-01
75 8.134316153466474e-01
76 8.134316153466469e-01
77 8.134316153466471e-01
78 8.134316153466475e-01
79 8.134316153466478e-01
80 8.134316153466471e-01
81 8.134316153466475e-01
82 8.134316153466477e-01
83 8.134316153466463e-01
84 8.134316153466463e-01
85 8.134316153466475e-01
86 8.134316153466477e-01
87 8.134316153466474e-01
88 8.134316153466475e-01
89 8.134316153466477e-01
90 8.134316153466473e-01
91 8.134316153466474e-01
92 8.134316153466473e-01
93 8.134316153466471e-01
94 8.134316153466471e-01


#a = 2.000000
1 5.000000000156904e-01
2 5.105622485002309e-01
3 5.105622485002310e-01
4 5.105622485002318e-01
5 5.000000000163560e-01
6 5.000000000163567e-01
7 5.000000000163570e-01
8 5.000000000163566e-01
9 5.000000000163569e-01
10 5.000000000163568e-01
11 5.227110768340927e-01
12 5.227110768340926e-01
13 5.227110768340928e-01
14 5.227110768340931e-01
15 5.227110768340935e-01
16 5.227110768340927e-01
17 5.227110768340923e-01
18 5.227110768340932e-01
19 5.227110768340932e-01
20 5.227110768340936e-01
21 5.227110768340928e-01
22 5.227110768340929e-01
23 5.000000000194200e-01
24 5.000000000194199e-01
25 5.000000000194197e-01
26 5.000000000194196e-01
27 5.000000000194191e-01
28 5.000000000194195e-01
29 5.000000000194198e-01
30 5.000000000194192e-01
31 5.000000000194197e-01
32 5.000000000194197e-01
33 5.000000000194205e-01
34 5.000000000194198e-01
35 5.000000000194187e-01
36 5.000000000194194e-01
37 5.000000000194201e-01
38 5.000000000194199e-01
39 5.000000000194190e-01
40 5.000000000194187e-01
41 5.000000000194196e-01
42 5.000000000194196e-01
43 5.000000000194194e-01
44 5.000000000194197e-01
45 5.000000000194194e-01
46 5.000000000194199e-01
47 8.269954235814648e-01
48 8.269954235814641e-01
49 8.269954235814641e-01
50 8.269954235814633e-01
51 8.269954235814647e-01
52 8.269954235814652e-01
53 8.269954235814647e-01
54 8.269954235814649e-01
55 8.269954235814634e-01
56 8.269954235814637e-01
57 8.269954235814644e-01
58 8.269954235814638e-01
59 8.269954235814643e-01
60 8.269954235814639e-01
61 8.269954235814649e-01
62 8.269954235814641e-01
63 8.269954235814633e-01
64 8.269954235814644e-01
65 8.269954235814653e-01
66 8.269954235814668e-01
67 8.269954235814639e-01
68 8.269954235814648e-01
69 8.269954235814632e-01
70 8.269954235814645e-01
71 8.269954235814655e-01
72 8.269954235814663e-01
73 8.269954235814632e-01
74 8.269954235814637e-01
75 8.269954235814652e-01
76 8.269954235814641e-01
77 8.269954235814644e-01
78 8.269954235814627e-01
79 8.269954235814628e-01
80 8.269954235814644e-01
81 8.269954235814637e-01
82 8.269954235814641e-01
83 8.269954235814649e-01
84 8.269954235814645e-01
85 8.269954235814631e-01
86 8.269954235814639e-01
87 8.269954235814648e-01
88 8.269954235814638e-01
89 8.269954235814670e-01
90 8.269954235814646e-01
91 8.269954235814647e-01
92 8.269954235814639e-01
93 8.269954235814625e-01
94 8.269954235814635e-01


#a = 3.000000
1 5.000000000171710e-01
2 5.021385287885559e-01
3 5.021385287885567e-01
4 5.021385287885569e-01
5 5.000000000187451e-01
6 5.000000000187445e-01
7 5.000000000187442e-01
8 5.000000000187441e-01
9 5.000000000187435e-01
10 5.000000000187441e-01
11 5.065334128993276e-01
12 5.065334128993274e-01
13 5.065334128993277e-01
14 5.065334128993273e-01
15 5.065334128993280e-01
16 5.065334128993279e-01
17 5.065334128993285e-01
18 5.065334128993276e-01
19 5.065334128993279e-01
20 5.065334128993269e-01
21 5.065334128993275e-01
22 5.065334128993275e-01
23 5.000000000339156e-01
24 5.000000000339153e-01
25 5.000000000339144e-01
26 5.000000000339146e-01
27 5.000000000339140e-01
28 5.000000000339136e-01
29 5.000000000339143e-01
30 5.000000000339149e-01
31 5.000000000339144e-01
32 5.000000000339148e-01
33 5.000000000339148e-01
34 5.000000000339118e-01
35 5.000000000339111e-01
36 5.000000000339125e-01
37 5.000000000339145e-01
38 5.000000000339149e-01
39 5.000000000339142e-01
40 5.000000000339143e-01
41 5.000000000339148e-01
42 5.000000000339153e-01
43 5.000000000339144e-01
44 5.000000000339146e-01
45 5.000000000339150e-01
46 5.000000000339143e-01
47 8.315663220395585e-01
48 8.315663220395586e-01
49 8.315663220395580e-01
50 8.315663220395586e-01
51 8.315663220395574e-01
52 8.315663220395576e-01
53 8.315663220395569e-01
54 8.315663220395579e-01
55 8.315663220395574e-01
56 8.315663220395594e-01
57 8.315663220395606e-01
58 8.315663220395575e-01
59 8.315663220395577e-01
60 8.315663220395595e-01
61 8.315663220395588e-01
62 8.315663220395567e-01
63 8.315663220395583e-01
64 8.315663220395564e-01
65 8.315663220395577e-01
66 8.315663220395567e-01
67 8.315663220395567e-01
68 8.315663220395574e-01
69 8.315663220395606e-01
70 8.315663220395610e-01
71 8.315663220395622e-01
72 8.315663220395623e-01
73 8.315663220395573e-01
74 8.315663220395569e-01
75 8.315663220395570e-01
76 8.315663220395576e-01
77 8.315663220395566e-01
78 8.315663220395557e-01
79 8.315663220395572e-01
80 8.315663220395586e-01
81 8.315663220395592e-01
82 8.315663220395562e-01
83 8.315663220395585e-01
84 8.315663220395586e-01
85 8.315663220395585e-01
86 8.315663220395584e-01
87 8.315663220395558e-01
88 8.315663220395617e-01
89 8.315663220395565e-01
90 8.315663220395565e-01
91 8.315663220395565e-01
92 8.315663220395585e-01
93 8.315663220395585e-01
94 8.315663220395592e-01


#a = 4.000000
1 5.000000000169852e-01
2 5.004088026510319e-01
3 5.004088026510327e-01
4 5.004088026510322e-01
5 5.000000000193413e-01
6 5.000000000193414e-01
7 5.000000000193410e-01
8 5.000000000193400e-01
9 5.000000000193425e-01
10 5.000000000193405e-01
11 5.018022539940414e-01
12 5.018022539940418e-01
13 5.018022539940405e-01
14 5.018022539940405e-01
15 5.018022539940412e-01
16 5.018022539940409e-01
17 5.018022539940408e-01
18 5.018022539940410e-01
19 5.018022539940403e-01
20 5.018022539940414e-01
21 5.018022539940417e-01
22 5.018022539940405e-01
23 5.000000000562990e-01
24 5.000000000562987e-01
25 5.000000000562987e-01
26 5.000000000562990e-01
27 5.000000000562979e-01
28 5.000000000562986e-01
29 5.000000000562987e-01
30 5.000000000562994e-01
31 5.000000000562987e-01
32 5.000000000562985e-01
33 5.000000000562994e-01
34 5.000000000562983e-01
35 5.000000000563039e-01
36 5.000000000563010e-01
37 5.000000000562979e-01
38 5.000000000562976e-01
39 5.000000000562987e-01
40 5.000000000562975e-01
41 5.000000000562989e-01
42 5.000000000562959e-01
43 5.000000000562974e-01
44 5.000000000562977e-01
45 5.000000000562997e-01
46 5.000000000562994e-01
47 8.328572196382100e-01
48 8.328572196382112e-01
49 8.328572196382144e-01
50 8.328572196382148e-01
51 8.328572196382178e-01
52 8.328572196382154e-01
53 8.328572196382085e-01
54 8.328572196382078e-01
55 8.328572196382096e-01
56 8.328572196382122e-01
57 8.328572196382152e-01
58 8.328572196382128e-01
59 8.328572196382079e-01
60 8.328572196382144e-01
61 8.328572196382089e-01
62 8.328572196382197e-01
63 8.328572196382141e-01
64 8.328572196382099e-01
65 8.328572196382146e-01
66 8.328572196382119e-01
67 8.328572196382152e-01
68 8.328572196382064e-01
69 8.328572196382147e-01
70 8.328572196382126e-01
71 8.328572196382088e-01
72 8.328572196381979e-01
73 8.328572196382156e-01
74 8.328572196382142e-01
75 8.328572196382160e-01
76 8.328572196382125e-01
77 8.328572196382141e-01
78 8.328572196382114e-01
79 8.328572196382096e-01
80 8.328572196382160e-01
81 8.328572196382112e-01
82 8.328572196382136e-01
83 8.328572196382062e-01
84 8.328572196382171e-01
85 8.328572196382142e-01
86 8.328572196382102e-01
87 8.328572196382098e-01
88 8.328572196382186e-01
89 8.328572196382142e-01
90 8.328572196382139e-01
91 8.328572196382160e-01
92 8.328572196382095e-01
93 8.328572196382134e-01
94 8.328572196382138e-01


