## Parameters ##
# z = 3
# m = 6
# t = 1.000000000000000e+00
# mu = 1.000000000000000e-10
# opt = sc
#
#
#a = 0.000000
1 -2.628595816530504e+00
2 -2.449489742883177e+00
3 -2.449489742883172e+00
4 -2.288245611370742e+00
5 -2.288245611370740e+00
6 -2.288245611370736e+00
7 -2.000000000100001e+00
8 -2.000000000100000e+00
9 -2.000000000099999e+00
10 -2.000000000099997e+00
11 -2.000000000099997e+00
12 -2.000000000099995e+00
13 -1.899815972007896e+00
14 -1.414213562473099e+00
15 -1.414213562473099e+00
16 -1.414213562473098e+00
17 -1.414213562473098e+00
18 -1.414213562473096e+00
19 -1.414213562473096e+00
20 -1.414213562473096e+00
21 -1.414213562473096e+00
22 -1.414213562473096e+00
23 -1.414213562473095e+00
24 -1.414213562473095e+00
25 -1.414213562473094e+00
26 -1.414213562473094e+00
27 -1.414213562473093e+00
28 -8.740320489976443e-01
29 -8.740320489976442e-01
30 -8.740320489976429e-01
31 -6.936737755360481e-01
32 -1.000040497703930e-10
33 -1.000032650886060e-10
34 -1.000031236947796e-10
35 -1.000021422838704e-10
36 -1.000019352827818e-10
37 -1.000016088586217e-10
38 -1.000015762380474e-10
39 -1.000012161574967e-10
40 -1.000011651866205e-10
41 -1.000006597505876e-10
42 -1.000006293528225e-10
43 -1.000003853118040e-10
44 -1.000001677454916e-10
45 -1.000000653427184e-10
46 -1.000000027760886e-10
47 -9.999983224223008e-11
48 -9.999947710833230e-11
49 -9.999943300664762e-11
50 -9.999934803170210e-11
51 -9.999914790081978e-11
52 -9.999896953878720e-11
53 -9.999887448352269e-11
54 -9.999870313875577e-11
55 -9.999854279246381e-11
56 -9.999851916110602e-11
57 -9.999836035268539e-11
58 -9.999817106680874e-11
59 -9.999816429064233e-11
60 -9.999780591596790e-11
61 -9.999777644162692e-11
62 -9.999764322109997e-11
63 -9.999560698451489e-11
64 6.936737753360475e-01
65 8.740320487976402e-01
66 8.740320487976441e-01
67 8.740320487976456e-01
68 1.414213562273092e+00
69 1.414213562273093e+00
70 1.414213562273094e+00
71 1.414213562273094e+00
72 1.414213562273094e+00
73 1.414213562273094e+00
74 1.414213562273095e+00
75 1.414213562273095e+00
76 1.414213562273095e+00
77 1.414213562273095e+00
78 1.414213562273096e+00
79 1.414213562273096e+00
80 1.414213562273096e+00
81 1.414213562273097e+00
82 1.899815971807899e+00
83 1.999999999899996e+00
84 1.999999999899999e+00
85 1.999999999900000e+00
86 1.999999999900001e+00
87 1.999999999900002e+00
88 1.999999999900004e+00
89 2.288245611170735e+00
90 2.288245611170737e+00
91 2.288245611170737e+00
92 2.449489742683173e+00
93 2.449489742683177e+00
94 2.628595816330503e+00


#a = 1.000000
1 -2.269239181082767e+00
2 -1.755743850431277e+00
3 -1.755743850431275e+00
4 -1.335664303927152e+00
5 -1.335664303927151e+00
6 -1.335664303927151e+00
7 -1.116833635205140e+00
8 -8.621667206809672e-01
9 -8.621667206809661e-01
10 -8.621667206809660e-01
11 -8.621667206809658e-01
12 -8.621667206809654e-01
13 -8.621667206809644e-01
14 -6.766613321380455e-01
15 -6.766613321380448e-01
16 -3.984300028750865e-01
17 -3.984300028750864e-01
18 -3.984300028750863e-01
19 -3.984300028750858e-01
20 -3.984300028750857e-01
21 -3.984300028750855e-01
22 -3.984300028750853e-01
23 -3.984300028750853e-01
24 -3.984300028750851e-01
25 -3.984300028750851e-01
26 -3.984300028750848e-01
27 -3.984300028750843e-01
28 -3.188215172386306e-01
29 -3.188215172386300e-01
30 -3.188215172386298e-01
31 -2.880671062615117e-01
32 -3.427031033552305e-11
33 -3.426959880480771e-11
34 -2.517764239555852e-11
35 -2.517759677851036e-11
36 -2.517739758325921e-11
37 -2.517732497462910e-11
38 -2.517725974340923e-11
39 -2.517684733446175e-11
40 -1.423286088586640e-11
41 -1.423222600921966e-11
42 -1.423206087118448e-11
43 -1.423205137076127e-11
44 -1.423184926626107e-11
45 -1.423178233849764e-11
46 -1.423173069075259e-11
47 -1.423168297324931e-11
48 -1.423157973147293e-11
49 -1.423150813027411e-11
50 -1.423146073216545e-11
51 -1.423144905502714e-11
52 -1.423137559456045e-11
53 -1.423135735473860e-11
54 -1.423119455178464e-11
55 -1.423110445709529e-11
56 -1.423104082296130e-11
57 -1.423101815495600e-11
58 -1.423092243754958e-11
59 -1.423085498157565e-11
60 -1.423076268939565e-11
61 -1.423075119853602e-11
62 -1.423064581963109e-11
63 -1.423057994123642e-11
64 2.880671061775690e-01
65 3.188215171648751e-01
66 3.188215171648762e-01
67 3.188215171648769e-01
68 3.984300028193115e-01
69 3.984300028193116e-01
70 3.984300028193119e-01
71 3.984300028193120e-01
72 3.984300028193122e-01
73 3.984300028193123e-01
74 3.984300028193123e-01
75 3.984300028193126e-01
76 3.984300028193126e-01
77 3.984300028193128e-01
78 3.984300028193128e-01
79 3.984300028193134e-01
80 6.766613320302499e-01
81 6.766613320302510e-01
82 8.621667205848835e-01
83 8.621667205848838e-01
84 8.621667205848840e-01
85 8.621667205848840e-01
86 8.621667205848845e-01
87 8.621667205848860e-01
88 1.116833635070574e+00
89 1.335664303795520e+00
90 1.335664303795522e+00
91 1.335664303795523e+00
92 1.755743850272007e+00
93 1.755743850272007e+00
94 2.269239180899942e+00


#a = 2.000000
1 -2.119552754935027e+00
2 -1.442390655264488e+00
3 -1.442390655264487e+00
4 -9.088225597734314e-01
5 -9.088225597734307e-01
6 -9.088225597734290e-01
7 -7.637841037867305e-01
8 -4.283340098050143e-01
9 -4.283340098050143e-01
10 -4.283340098050135e-01
11 -4.283340098050132e-01
12 -4.283340098050125e-01
13 -4.283340098050122e-01
14 -3.531328942712638e-01
15 -3.531328942712631e-01
16 -1.122507034341215e-01
17 -1.122507034341211e-01
18 -1.122507034341208e-01
19 -1.122507034341207e-01
20 -1.122507034341207e-01
21 -1.122507034341207e-01
22 -1.122507034341207e-01
23 -1.122507034341206e-01
24 -1.122507034341204e-01
25 -1.122507034341203e-01
26 -1.122507034341197e-01
27 -1.122507034341193e-01
28 -9.976559398667958e-02
29 -9.976559398667954e-02
30 -9.976559398667890e-02
31 -9.504283626079048e-02
32 -7.595521125253234e-12
33 -7.595297073747376e-12
34 -4.831928823634906e-12
35 -4.831579772066922e-12
36 -4.831494156846820e-12
37 -4.831485760961272e-12
38 -4.831146644839004e-12
39 -4.830974203253570e-12
40 -2.026467831228522e-12
41 -2.026199618951659e-12
42 -2.025979370848538e-12
43 -2.025814222847263e-12
44 -2.025809299340601e-12
45 -2.025601185985924e-12
46 -2.025570460747184e-12
47 -2.025528586747391e-12
48 -2.025460853237317e-12
49 -2.025352326777847e-12
50 -2.025286300209947e-12
51 -2.025245340126642e-12
52 -2.025189234822349e-12
53 -2.025161831389121e-12
54 -2.025152558111663e-12
55 -2.025024113106615e-12
56 -2.024777299718625e-12
57 -2.024766790436594e-12
58 -2.024659488350777e-12
59 -2.024614724471459e-12
60 -2.024529663038248e-12
61 -2.024335017392799e-12
62 -2.024249971357311e-12
63 -2.023821560046431e-12
64 9.504283622313592e-02
65 9.976559395588500e-02
66 9.976559395588509e-02
67 9.976559395588518e-02
68 1.122507034148374e-01
69 1.122507034148376e-01
70 1.122507034148380e-01
71 1.122507034148380e-01
72 1.122507034148382e-01
73 1.122507034148383e-01
74 1.122507034148384e-01
75 1.122507034148385e-01
76 1.122507034148385e-01
77 1.122507034148385e-01
78 1.122507034148386e-01
79 1.122507034148391e-01
80 3.531328941972923e-01
81 3.531328941972923e-01
82 4.283340097476773e-01
83 4.283340097476781e-01
84 4.283340097476782e-01
85 4.283340097476785e-01
86 4.283340097476788e-01
87 4.283340097476792e-01
88 7.637841036765983e-01
89 9.088225596712862e-01
90 9.088225596712871e-01
91 9.088225596712880e-01
92 1.442390655121052e+00
93 1.442390655121052e+00
94 2.119552754757811e+00


#a = 3.000000
1 -2.017454264742360e+00
2 -1.232199626359381e+00
3 -1.232199626359380e+00
4 -6.501609530983944e-01
5 -6.501609530983944e-01
6 -6.501609530983941e-01
7 -5.540744797880595e-01
8 -2.257079555056590e-01
9 -2.257079555056587e-01
10 -2.257079555056587e-01
11 -2.257079555056587e-01
12 -2.257079555056586e-01
13 -2.257079555056585e-01
14 -1.956030355723187e-01
15 -1.956030355723186e-01
16 -3.162467768675704e-02
17 -3.162467768675667e-02
18 -3.162467768675652e-02
19 -3.162467768675640e-02
20 -3.162467768675625e-02
21 -3.162467768675617e-02
22 -3.162467768675612e-02
23 -3.162467768675606e-02
24 -3.162467768675604e-02
25 -3.162467768675600e-02
26 -3.162467768675585e-02
27 -3.162467768675563e-02
28 -2.969299165420625e-02
29 -2.969299165420616e-02
30 -2.969299165420594e-02
31 -2.900909590251554e-02
32 -1.395485146770967e-12
33 -1.395428319137443e-12
34 -8.343196267400912e-13
35 -8.342178475140501e-13
36 -8.341056369361806e-13
37 -8.340023095904402e-13
38 -8.338808652056039e-13
39 -8.337767154321154e-13
40 -2.893577478719910e-13
41 -2.890911673216848e-13
42 -2.888660291046467e-13
43 -2.887178090562850e-13
44 -2.885914595516065e-13
45 -2.885161877685551e-13
46 -2.884356454504223e-13
47 -2.883671360326088e-13
48 -2.883178896227011e-13
49 -2.883015758094647e-13
50 -2.882782621741627e-13
51 -2.882627635651254e-13
52 -2.882049796882011e-13
53 -2.880619089082331e-13
54 -2.879841507988850e-13
55 -2.879360190534156e-13
56 -2.878929763252111e-13
57 -2.877766153765699e-13
58 -2.877023735807932e-13
59 -2.876044353087941e-13
60 -2.875692842589948e-13
61 -2.873431697586280e-13
62 -2.872164382401272e-13
63 -2.870222615854713e-13
64 2.900909588487248e-02
65 2.969299164052615e-02
66 2.969299164052617e-02
67 2.969299164052628e-02
68 3.162467767929852e-02
69 3.162467767929863e-02
70 3.162467767929873e-02
71 3.162467767929891e-02
72 3.162467767929891e-02
73 3.162467767929900e-02
74 3.162467767929902e-02
75 3.162467767929907e-02
76 3.162467767929911e-02
77 3.162467767929915e-02
78 3.162467767929919e-02
79 3.162467767929934e-02
80 1.956030355220489e-01
81 1.956030355220491e-01
82 2.257079554709522e-01
83 2.257079554709528e-01
84 2.257079554709529e-01
85 2.257079554709530e-01
86 2.257079554709531e-01
87 2.257079554709531e-01
88 5.540744796954760e-01
89 6.501609530169969e-01
90 6.501609530169971e-01
91 6.501609530169972e-01
92 1.232199626227636e+00
93 1.232199626227636e+00
94 2.017454264569176e+00


#a = 4.000000
1 -1.938613072191836e+00
2 -1.073795183925544e+00
3 -1.073795183925543e+00
4 -4.769102212739023e-01
5 -4.769102212739020e-01
6 -4.769102212739016e-01
7 -4.134407654485723e-01
8 -1.211512594072530e-01
9 -1.211512594072527e-01
10 -1.211512594072526e-01
11 -1.211512594072526e-01
12 -1.211512594072525e-01
13 -1.211512594072524e-01
14 -1.093077273827078e-01
15 -1.093077273827076e-01
16 -8.909701304435226e-03
17 -8.909701304435080e-03
18 -8.909701304435063e-03
19 -8.909701304435020e-03
20 -8.909701304434983e-03
21 -8.909701304434926e-03
22 -8.909701304434919e-03
23 -8.909701304434914e-03
24 -8.909701304434836e-03
25 -8.909701304434820e-03
26 -8.909701304434761e-03
27 -8.909701304434662e-03
28 -8.618926102651830e-03
29 -8.618926102651735e-03
30 -8.618926102651598e-03
31 -8.526551349017359e-03
32 -2.442706622031999e-13
33 -2.439540609456657e-13
34 -1.402323120033208e-13
35 -1.401588497919239e-13
36 -1.400865185617001e-13
37 -1.400677994237234e-13
38 -1.399940149998402e-13
39 -1.398796278466828e-13
40 -4.190255732570669e-14
41 -4.162340913828450e-14
42 -4.131901110793373e-14
43 -4.128387177564805e-14
44 -4.119619481677682e-14
45 -4.112754289815318e-14
46 -4.112476528271865e-14
47 -4.109165342114303e-14
48 -4.107446985694505e-14
49 -4.106585761948264e-14
50 -4.104927361276642e-14
51 -4.100878213632454e-14
52 -4.100384934446519e-14
53 -4.099045263907877e-14
54 -4.097323288230660e-14
55 -4.094133233251587e-14
56 -4.082016608882267e-14
57 -4.081579796360834e-14
58 -4.079022856738515e-14
59 -4.078641537704541e-14
60 -4.072648327239358e-14
61 -4.064725799928170e-14
62 -4.059459139963678e-14
63 -4.036303490700410e-14
64 8.526551340967107e-03
65 8.618926096606704e-03
66 8.618926096606730e-03
67 8.618926096606779e-03
68 8.909701301415626e-03
69 8.909701301415706e-03
70 8.909701301415883e-03
71 8.909701301415898e-03
72 8.909701301415902e-03
73 8.909701301415912e-03
74 8.909701301415943e-03
75 8.909701301415964e-03
76 8.909701301415985e-03
77 8.909701301416021e-03
78 8.909701301416051e-03
79 8.909701301416122e-03
80 1.093077273488923e-01
81 1.093077273488928e-01
82 1.211512593859832e-01
83 1.211512593859833e-01
84 1.211512593859834e-01
85 1.211512593859837e-01
86 1.211512593859841e-01
87 1.211512593859842e-01
88 4.134407653702995e-01
89 4.769102212084522e-01
90 4.769102212084524e-01
91 4.769102212084525e-01
92 1.073795183803351e+00
93 1.073795183803353e+00
94 1.938613072021907e+00


