## Parameters ##
# z = 3
# m = 6
# t = 1.000000000000000e+00
# mu = 1.000000000000000e+00
# opt = sc
#
#
#a = 0.000000
1 -3.628595816430506e+00
2 -3.449489742783179e+00
3 -3.449489742783178e+00
4 -3.288245611270739e+00
5 -3.288245611270737e+00
6 -3.288245611270736e+00
7 -3.000000000000002e+00
8 -3.000000000000002e+00
9 -3.000000000000000e+00
10 -3.000000000000000e+00
11 -2.999999999999999e+00
12 -2.999999999999997e+00
13 -2.899815971907895e+00
14 -2.414213562373099e+00
15 -2.414213562373098e+00
16 -2.414213562373098e+00
17 -2.414213562373098e+00
18 -2.414213562373098e+00
19 -2.414213562373097e+00
20 -2.414213562373096e+00
21 -2.414213562373094e+00
22 -2.414213562373094e+00
23 -2.414213562373094e+00
24 -2.414213562373094e+00
25 -2.414213562373093e+00
26 -2.414213562373093e+00
27 -2.414213562373092e+00
28 -1.874032048897642e+00
29 -1.874032048897641e+00
30 -1.874032048897641e+00
31 -1.693673775436050e+00
32 -1.000000000000003e+00
33 -1.000000000000002e+00
34 -1.000000000000002e+00
35 -1.000000000000002e+00
36 -1.000000000000001e+00
37 -1.000000000000001e+00
38 -1.000000000000001e+00
39 -1.000000000000001e+00
40 -1.000000000000000e+00
41 -1.000000000000000e+00
42 -1.000000000000000e+00
43 -9.999999999999999e-01
44 -9.999999999999999e-01
45 -9.999999999999999e-01
46 -9.999999999999998e-01
47 -9.999999999999997e-01
48 -9.999999999999997e-01
49 -9.999999999999994e-01
50 -9.999999999999994e-01
51 -9.999999999999991e-01
52 -9.999999999999991e-01
53 -9.999999999999991e-01
54 -9.999999999999987e-01
55 -9.999999999999986e-01
56 -9.999999999999986e-01
57 -9.999999999999986e-01
58 -9.999999999999981e-01
59 -9.999999999999981e-01
60 -9.999999999999978e-01
61 -9.999999999999976e-01
62 -9.999999999999973e-01
63 -9.999999999999970e-01
64 -3.063262245639496e-01
65 -1.259679511023580e-01
66 -1.259679511023569e-01
67 -1.259679511023565e-01
68 4.142135623730921e-01
69 4.142135623730939e-01
70 4.142135623730944e-01
71 4.142135623730948e-01
72 4.142135623730948e-01
73 4.142135623730948e-01
74 4.142135623730948e-01
75 4.142135623730954e-01
76 4.142135623730956e-01
77 4.142135623730957e-01
78 4.142135623730959e-01
79 4.142135623730959e-01
80 4.142135623730960e-01
81 4.142135623730963e-01
82 8.998159719078965e-01
83 9.999999999999981e-01
84 9.999999999999982e-01
85 9.999999999999991e-01
86 9.999999999999991e-01
87 1.000000000000001e+00
88 1.000000000000001e+00
89 1.288245611270732e+00
90 1.288245611270738e+00
91 1.288245611270742e+00
92 1.449489742783178e+00
93 1.449489742783180e+00
94 1.628595816430503e+00


#a = 1.000000
1 -3.191371105863376e+00
2 -2.568737854735226e+00
3 -2.568737854735226e+00
4 -2.014519774258033e+00
5 -2.014519774258031e+00
6 -2.014519774258027e+00
7 -1.820528830813134e+00
8 -1.366523336497942e+00
9 -1.366523336497941e+00
10 -1.366523336497941e+00
11 -1.366523336497941e+00
12 -1.366523336497940e+00
13 -1.366523336497940e+00
14 -1.260766353727415e+00
15 -1.260766353727415e+00
16 -7.699898110252077e-01
17 -7.361382917696321e-01
18 -7.361382917696320e-01
19 -7.361382917696309e-01
20 -7.000446895484584e-01
21 -7.000446895484582e-01
22 -7.000446895484576e-01
23 -7.000446895484571e-01
24 -7.000446895484570e-01
25 -7.000446895484570e-01
26 -7.000446895484563e-01
27 -7.000446895484562e-01
28 -7.000446895484561e-01
29 -7.000446895484557e-01
30 -7.000446895484553e-01
31 -7.000446895484547e-01
32 -3.679504025179998e-01
33 -3.679504025179995e-01
34 -2.614822617244029e-01
35 -2.614822617244028e-01
36 -2.614822617244024e-01
37 -2.614822617244020e-01
38 -2.614822617244012e-01
39 -2.614822617243998e-01
40 -1.423148382732873e-01
41 -1.423148382732864e-01
42 -1.423148382732863e-01
43 -1.423148382732861e-01
44 -1.423148382732860e-01
45 -1.423148382732859e-01
46 -1.423148382732857e-01
47 -1.423148382732856e-01
48 -1.423148382732855e-01
49 -1.423148382732854e-01
50 -1.423148382732853e-01
51 -1.423148382732851e-01
52 -1.423148382732849e-01
53 -1.423148382732848e-01
54 -1.423148382732848e-01
55 -1.423148382732844e-01
56 -1.423148382732843e-01
57 -1.423148382732842e-01
58 -1.423148382732841e-01
59 -1.423148382732841e-01
60 -1.423148382732840e-01
61 -1.423148382732833e-01
62 -1.423148382732828e-01
63 -1.423148382732825e-01
64 -8.915741020337249e-02
65 -1.055087446479412e-02
66 -1.055087446479254e-02
67 -1.055087446479250e-02
68 1.423148382732841e-01
69 1.423148382732842e-01
70 1.423148382732846e-01
71 1.423148382732846e-01
72 1.423148382732848e-01
73 1.423148382732849e-01
74 1.423148382732850e-01
75 1.423148382732853e-01
76 1.423148382732855e-01
77 1.423148382732861e-01
78 1.423148382732864e-01
79 1.423148382732868e-01
80 2.005147396267918e-01
81 2.005147396267921e-01
82 4.154150130018860e-01
83 4.154150130018871e-01
84 4.154150130018871e-01
85 4.154150130018872e-01
86 4.154150130018881e-01
87 4.154150130018884e-01
88 4.907103558304098e-01
89 7.073648224408174e-01
90 7.073648224408176e-01
91 7.073648224408177e-01
92 9.836027796877114e-01
93 9.836027796877116e-01
94 1.366999710408541e+00


#a = 2.000000
1 -3.016465845309208e+00
2 -2.183158292447162e+00
3 -2.183158292447160e+00
4 -1.446728530405238e+00
5 -1.446728530405236e+00
6 -1.446728530405236e+00
7 -1.358740871273879e+00
8 -7.823049894291108e-01
9 -7.823049894291108e-01
10 -7.397200523943569e-01
11 -7.397200523943562e-01
12 -7.397200523943561e-01
13 -7.397200523943558e-01
14 -7.397200523943551e-01
15 -7.397200523943547e-01
16 -3.855401968497470e-01
17 -3.221008874378124e-01
18 -3.221008874378123e-01
19 -3.221008874378120e-01
20 -2.320591698807237e-01
21 -2.320591698807236e-01
22 -2.320591698807235e-01
23 -2.320591698807234e-01
24 -2.320591698807233e-01
25 -2.320591698807233e-01
26 -2.320591698807233e-01
27 -2.320591698807232e-01
28 -2.320591698807232e-01
29 -2.320591698807231e-01
30 -2.320591698807229e-01
31 -2.320591698807228e-01
32 -1.154695286048079e-01
33 -1.154695286048075e-01
34 -5.690885911290681e-02
35 -5.690885911290644e-02
36 -5.690885911290634e-02
37 -5.690885911290621e-02
38 -5.690885911290603e-02
39 -5.690885911290565e-02
40 -2.025351319275226e-02
41 -2.025351319275198e-02
42 -2.025351319275174e-02
43 -2.025351319275174e-02
44 -2.025351319275165e-02
45 -2.025351319275161e-02
46 -2.025351319275152e-02
47 -2.025351319275148e-02
48 -2.025351319275142e-02
49 -2.025351319275137e-02
50 -2.025351319275133e-02
51 -2.025351319275129e-02
52 -2.025351319275128e-02
53 -2.025351319275122e-02
54 -2.025351319275119e-02
55 -2.025351319275115e-02
56 -2.025351319275112e-02
57 -2.025351319275107e-02
58 -2.025351319275097e-02
59 -2.025351319275094e-02
60 -2.025351319275088e-02
61 -2.025351319275074e-02
62 -2.025351319275067e-02
63 -2.025351319275049e-02
64 -1.583137317469782e-02
65 3.584270516997194e-03
66 3.584270516997612e-03
67 3.584270516998032e-03
68 3.923602366061379e-02
69 3.923602366061405e-02
70 3.923602366061419e-02
71 3.923602366061432e-02
72 3.923602366061433e-02
73 3.923602366061441e-02
74 3.923602366061441e-02
75 3.923602366061447e-02
76 3.923602366061463e-02
77 3.923602366061468e-02
78 3.923602366061481e-02
79 3.923602366061484e-02
80 7.184729911740505e-02
81 7.184729911740549e-02
82 1.749631844237956e-01
83 1.749631844237960e-01
84 1.749631844237962e-01
85 1.749631844237962e-01
86 1.749631844237963e-01
87 1.749631844237964e-01
88 2.770017296784171e-01
89 4.358719137416411e-01
90 4.358719137416420e-01
91 4.358719137416428e-01
92 7.590855113636734e-01
93 7.590855113636747e-01
94 1.249576556929114e+00


#a = 3.000000
1 -2.896306044685430e+00
2 -1.919739000254275e+00
3 -1.919739000254273e+00
4 -1.087400458880323e+00
5 -1.087400458880323e+00
6 -1.087400458880322e+00
7 -1.070620172693609e+00
8 -5.170618604236532e-01
9 -5.170618604236527e-01
10 -4.236844172968743e-01
11 -4.236844172968741e-01
12 -4.236844172968741e-01
13 -4.236844172968737e-01
14 -4.236844172968735e-01
15 -4.236844172968733e-01
16 -2.031251046202208e-01
17 -1.494298189528562e-01
18 -1.494298189528562e-01
19 -1.494298189528558e-01
20 -8.401499681276289e-02
21 -8.401499681276273e-02
22 -8.401499681276271e-02
23 -8.401499681276269e-02
24 -8.401499681276266e-02
25 -8.401499681276262e-02
26 -8.401499681276262e-02
27 -8.401499681276255e-02
28 -8.401499681276255e-02
29 -8.401499681276253e-02
30 -8.401499681276248e-02
31 -8.401499681276238e-02
32 -3.458995300321123e-02
33 -3.458995300321102e-02
34 -1.092933123793922e-02
35 -1.092933123793881e-02
36 -1.092933123793867e-02
37 -1.092933123793853e-02
38 -1.092933123793849e-02
39 -1.092933123793806e-02
40 -2.882375454492931e-03
41 -2.882375454492814e-03
42 -2.882375454492669e-03
43 -2.882375454492640e-03
44 -2.882375454492584e-03
45 -2.882375454492439e-03
46 -2.882375454492422e-03
47 -2.882375454492404e-03
48 -2.882375454492359e-03
49 -2.882375454492330e-03
50 -2.882375454492282e-03
51 -2.882375454492265e-03
52 -2.882375454492243e-03
53 -2.882375454492225e-03
54 -2.882375454492194e-03
55 -2.882375454492163e-03
56 -2.882375454492072e-03
57 -2.882375454492026e-03
58 -2.882375454491974e-03
59 -2.882375454491918e-03
60 -2.882375454491820e-03
61 -2.882375454491692e-03
62 -2.882375454491572e-03
63 -2.882375454491114e-03
64 -2.152864470291990e-03
65 1.673101101538052e-03
66 1.673101101538064e-03
67 1.673101101538218e-03
68 9.444605010479138e-03
69 9.444605010479192e-03
70 9.444605010479655e-03
71 9.444605010479758e-03
72 9.444605010479837e-03
73 9.444605010479895e-03
74 9.444605010479969e-03
75 9.444605010480049e-03
76 9.444605010480089e-03
77 9.444605010480178e-03
78 9.444605010480207e-03
79 9.444605010480434e-03
80 2.293901088881838e-02
81 2.293901088881840e-02
82 7.921118948136052e-02
83 7.921118948136104e-02
84 7.921118948136113e-02
85 7.921118948136127e-02
86 7.921118948136131e-02
87 7.921118948136141e-02
88 1.673904147486145e-01
89 2.843931776231244e-01
90 2.843931776231245e-01
91 2.843931776231247e-01
92 6.143528899866094e-01
93 6.143528899866098e-01
94 1.170714858915228e+00


#a = 4.000000
1 -2.802918706064183e+00
2 -1.717730242636214e+00
3 -1.717730242636213e+00
4 -8.662675369070143e-01
5 -8.363683908822118e-01
6 -8.363683908822115e-01
7 -8.363683908822113e-01
8 -3.515677960016156e-01
9 -3.515677960016143e-01
10 -2.502237308159986e-01
11 -2.502237308159979e-01
12 -2.502237308159977e-01
13 -2.502237308159973e-01
14 -2.502237308159970e-01
15 -2.502237308159962e-01
16 -1.067662832707770e-01
17 -6.945531972173839e-02
18 -6.945531972173838e-02
19 -6.945531972173835e-02
20 -3.227176855163977e-02
21 -3.227176855163925e-02
22 -3.227176855163920e-02
23 -3.227176855163919e-02
24 -3.227176855163871e-02
25 -3.227176855163870e-02
26 -3.227176855163847e-02
27 -3.227176855163819e-02
28 -3.227176855163787e-02
29 -3.227176855163777e-02
30 -3.227176855163775e-02
31 -3.227176855163770e-02
32 -9.790067277305142e-03
33 -9.790067277303988e-03
34 -1.926158184471280e-03
35 -1.926158184470972e-03
36 -1.926158184470370e-03
37 -1.926158184470000e-03
38 -1.926158184469968e-03
39 -1.926158184469568e-03
40 -4.102047966501461e-04
41 -4.102047966497838e-04
42 -4.102047966496203e-04
43 -4.102047966495719e-04
44 -4.102047966494704e-04
45 -4.102047966493882e-04
46 -4.102047966493448e-04
47 -4.102047966493003e-04
48 -4.102047966492734e-04
49 -4.102047966492694e-04
50 -4.102047966491845e-04
51 -4.102047966490717e-04
52 -4.102047966490616e-04
53 -4.102047966489184e-04
54 -4.102047966489047e-04
55 -4.102047966488557e-04
56 -4.102047966488436e-04
57 -4.102047966488017e-04
58 -4.102047966486691e-04
59 -4.102047966485843e-04
60 -4.102047966485321e-04
61 -4.102047966484015e-04
62 -4.102047966481309e-04
63 -4.102047966480495e-04
64 -2.494199251110315e-04
65 4.619601511514923e-04
66 4.619601511516512e-04
67 4.619601511520239e-04
68 2.081285511792143e-03
69 2.081285511792282e-03
70 2.081285511792462e-03
71 2.081285511792578e-03
72 2.081285511792705e-03
73 2.081285511792842e-03
74 2.081285511792882e-03
75 2.081285511792888e-03
76 2.081285511792960e-03
77 2.081285511792970e-03
78 2.081285511793326e-03
79 2.081285511793576e-03
80 7.146467215212558e-03
81 7.146467215212797e-03
82 3.805344679907569e-02
83 3.805344679907579e-02
84 3.805344679907658e-02
85 3.805344679907663e-02
86 3.805344679907664e-02
87 3.805344679907725e-02
88 1.030397748031123e-01
89 1.904153934936238e-01
90 1.904153934936246e-01
91 1.904153934936252e-01
92 5.094416386999214e-01
93 5.094416386999221e-01
94 1.110662171363975e+00


