1 4.640070491178366e-01
2 -1.283703558766166e-01
3 -4.094094322421869e-02
4 4.867493208562201e-02
5 -5.996973603760938e-03
6 -1.424922061875424e-02
7 7.973914246765272e-03
8 2.134911362983792e-03
9 -4.042328844259050e-03
10 8.489019910593526e-04
11 1.311649520443136e-03
12 -9.240412075134199e-04
13 -1.604745291693164e-04
14 4.710294273490837e-04
15 -1.363869948392761e-04
16 -1.485638859773017e-04
17 1.267361587419190e-04
18 1.060432166531812e-05
19 -6.221315998805295e-05
20 2.297490629337214e-05
21 1.826266916420173e-05
22 -1.881177544303041e-05
23 3.777967540284288e-09
24 8.762971157020558e-06
25 -3.965686249446788e-06
26 -2.319032755874088e-06
27 2.922616094817529e-06
28 -2.319105208048481e-07
29 -1.281740076852417e-06
30 6.951509375698139e-07
31 2.946088150410725e-07
32 -4.677484501129763e-07
33 7.277055116231160e-08
34 1.918734497820827e-07
35 -1.232495232736675e-07
36 -3.619123706191714e-08
37 7.644982084799640e-08
38 -1.763424277328114e-08
39 -2.911956770105564e-08
40 2.206079631308470e-08
41 4.052239020712358e-09
42 -1.269470933925885e-08
43 3.889629896734188e-09
44 4.447399192344389e-09
45 -3.983505258206033e-09
46 -3.477421248890832e-10
47 2.134783284038367e-09
48 -8.212029070019612e-10
49 -6.787577036817043e-10
50 7.256314805908713e-10


1 4.586225058123124e-01
2 -1.340679797239911e-01
3 -3.548477015527289e-02
4 4.888268190494591e-02
5 -8.829714778504031e-03
6 -1.297976533787739e-02
7 8.777457825473333e-03
8 1.109070699447761e-03
9 -3.947571641682688e-03
10 1.317295640046454e-03
11 1.036942605667792e-03
12 -1.025789062110147e-03
13 2.672794197175222e-05
14 4.313180687591315e-04
15 -2.111276363936735e-04
16 -9.238036759838509e-05
17 1.370497419778309e-04
18 -2.262933149365954e-05
19 -5.129363779282251e-05
20 3.439600893006059e-05
21 7.239326873503021e-06
22 -1.922136837788005e-05
23 5.749528207894463e-06
24 6.190074653846944e-06
25 -5.615072820360830e-06
26 -2.263384499788587e-07
27 2.743312139909893e-06
28 -1.199976161516514e-06
29 -7.248611960989890e-07
30 9.151563059628449e-07
31 -9.198099091694789e-08
32 -3.931374720254572e-07
33 2.320456327376967e-07
34 7.805220200468349e-08
35 -1.493232721422393e-07
36 3.366372468869891e-08
37 5.648838338704838e-08
38 -4.347367574774378e-08
39 -6.900201290153112e-09
40 2.473239276575331e-08
41 -8.405069601799694e-09
42 -8.331821386325130e-09
43 8.208864463993641e-09
44 3.246699688324420e-10
45 -4.387726193370438e-09
46 1.913358102728432e-09
47 1.464323937731376e-09
48 -1.772769540080152e-09
49 -6.961506902853032e-11
50 1.406748938202728e-09


1 4.572964424348300e-01
2 -1.354938264999423e-01
3 -3.413860023549974e-02
4 4.895649279548760e-02
5 -9.542692565287874e-03
6 -1.267534636361101e-02
7 8.991292504723665e-03
8 8.524029200249255e-04
9 -3.932286551087421e-03
10 1.440063840779208e-03
11 9.698979343531445e-04
12 -1.055787396289368e-03
13 7.540447433687155e-05
14 4.229880501405705e-04
15 -2.319345809985374e-04
16 -7.798247606263884e-05
17 1.406756465765216e-04
18 -3.178641520891745e-05
19 -4.866608252485784e-05
20 3.781343299021541e-05
21 4.203358114481502e-06
22 -1.948451644735051e-05
23 7.447174403895327e-06
24 5.483695955900953e-06
25 -6.142440370079284e-06
26 4.030417913438206e-07
27 2.702046227514762e-06
28 -1.506483257725621e-06
29 -5.489066123300522e-07
30 9.860133864704146e-07
31 -2.198936601196452e-07
32 -3.649772352868219e-07
33 2.846938553368116e-07
34 3.612743815857819e-08
35 -1.553343279186838e-07
36 5.894676991536304e-08
37 4.638953743517985e-08
38 -5.157087724009346e-08
39 2.826730409882721e-09
40 2.381922438763108e-08
41 -1.316389056791368e-08
42 -5.183381750954521e-09
43 9.045265355339067e-09
44 -1.923662491710173e-09
45 -3.518587317984819e-09
46 2.695162468901856e-09
47 4.164921590822607e-10
48 -1.549842215886515e-09
49 5.435214211191664e-10
50 5.711271980808375e-10


1 4.573310214999509e-01
2 -1.355522604656684e-01
3 -3.415712728517944e-02
4 4.902653768640912e-02
5 -9.568757697335126e-03
6 -1.271250309009713e-02
7 9.030462182817677e-03
8 8.550847205375718e-04
9 -3.958715268137825e-03
10 1.452848704591389e-03
11 9.789460498020588e-04
12 -1.068237927593918e-03
13 7.678476172242072e-05
14 4.294132989092864e-04
15 -2.361172064125902e-04
16 -7.938632933323300e-05
17 1.437336221177203e-04
18 -3.261036626187933e-05
19 -4.990237450150973e-05
20 3.889702258548772e-05
21 4.305330734364755e-06
22 -2.010944367230471e-05
23 7.712547361156056e-06
24 5.672207116810948e-06
25 -6.372985182011735e-06
26 4.235643408237686e-07
27 2.806065379332364e-06
28 -1.567642497685101e-06
29 -5.685557756677489e-07
30 1.023651900583704e-06
31 -2.288723711962831e-07
32 -3.767631470071152e-07
33 2.934383327215926e-07
34 3.661188079067620e-08
35 -1.580296947487027e-07
36 5.966760022927954e-08
37 4.618076455436047e-08
38 -5.082513345778012e-08
39 2.824951214982128e-09
40 2.256886426976686e-08
41 -1.220587942687166e-08
42 -4.610000081403542e-09
43 7.791088990508975e-09
44 -1.597376443807017e-09
45 -2.698033584332526e-09
46 1.920535311435602e-09
47 2.514661111271952e-10
48 -8.421369972690886e-10
49 2.519878762839367e-10
50 1.198266136173274e-10


1 4.573783106167203e-01
2 -1.355979968054740e-01
3 -3.418837659605628e-02
4 4.909646568990966e-02
5 -9.588331467057377e-03
6 -1.275269175362545e-02
7 9.067722162972540e-03
8 8.601818305539554e-04
9 -3.985187783141781e-03
10 1.464369669661136e-03
11 9.885159315629051e-04
12 -1.080172472148283e-03
13 7.766424868369056e-05
14 4.357070444790686e-04
15 -2.399232628836546e-04
16 -8.085585358987113e-05
17 1.465577751697397e-04
18 -3.327959707051745e-05
19 -5.104565386017392e-05
20 3.982178260532273e-05
21 4.423018141983693e-06
22 -2.062836394987250e-05
23 7.908907256062233e-06
24 5.823322770133949e-06
25 -6.533863594707729e-06
26 4.312077294664235e-07
27 2.868839507214373e-06
28 -1.596561134400467e-06
29 -5.782442712752520e-07
30 1.033771250496539e-06
31 -2.289535739745019e-07
32 -3.752851574576681e-07
33 2.888594003663054e-07
34 3.596862836868657e-08
35 -1.515739725349519e-07
36 5.602272604153278e-08
37 4.272594242356498e-08
38 -4.567991021433430e-08
39 2.363366821806240e-09
40 1.907100322859938e-08
41 -9.838225140820057e-09
42 -3.601842266292342e-09
43 5.675799908663824e-09
44 -1.059853745063892e-09
45 -1.706889761343471e-09
46 1.081317691843367e-09
47 1.385763123553447e-10
48 -3.569996668020825e-10
49 7.283938228537307e-11
50 2.074995209379182e-11


