1 5.052457701111807e-01
2 -3.869066276319882e-02
3 -8.768833413893537e-02
4 1.902354131712859e-02
5 2.512687993233303e-02
6 -9.257133553041723e-03
7 -8.099771365984028e-03
8 4.456282226530715e-03
9 2.675977449530779e-03
10 -2.120804767511127e-03
11 -8.564056694524626e-04
12 9.969402005288632e-04
13 2.465157351898368e-04
14 -4.623167887992948e-04
15 -5.179823824369813e-05
16 2.111411057526738e-04
17 -2.801411967914944e-06
18 -9.474134923246022e-05
19 1.299358420272322e-05
20 4.162681062653979e-05
21 -1.114476848690562e-05
22 -1.781981431935541e-05
23 7.396680218655452e-06
24 7.374678383969939e-06
25 -4.386471059073428e-06
26 -2.911993809483177e-06
27 2.434967086028257e-06
28 1.070259377114032e-06
29 -1.291129472421264e-06
30 -3.461143593153586e-07
31 6.605285257481652e-07
32 8.189032965748209e-08
33 -3.276496218010077e-07
34 2.285798129797085e-09
35 1.578860984351253e-07
36 -2.125872184301921e-08
37 -7.387314755997996e-08
38 1.978694865095027e-08
39 3.346412897201960e-08
40 -1.395359487800348e-08
41 -1.458651374493439e-08
42 8.717145715146770e-09
43 6.047077063099004e-09
44 -5.070870771944045e-09
45 -2.330104243367479e-09
46 2.807317253037009e-09
47 7.916580975257072e-10
48 -1.495431960794888e-09
49 -2.001669178826927e-10
50 7.708322558311356e-10


1 5.062459744422476e-01
2 -3.200694318183935e-02
3 -8.894446351106720e-02
4 1.582026980954173e-02
5 2.611747541040007e-02
6 -7.764787751103368e-03
7 -8.764501945816502e-03
8 3.783576903083716e-03
9 3.085171644287290e-03
10 -1.829808240198912e-03
11 -1.094545647070296e-03
12 8.779406285317497e-04
13 3.794995532910707e-04
14 -4.176870789942078e-04
15 -1.236333501221170e-04
16 1.969069502253869e-04
17 3.490344254472777e-05
18 -9.189640145439508e-05
19 -6.279948089007928e-06
20 4.240709550369337e-05
21 -1.544417667474903e-06
22 -1.931860126586614e-05
23 2.741165043949436e-06
24 8.668419240143495e-06
25 -2.194519961788069e-06
26 -3.819045796986620e-06
27 1.438128691967196e-06
28 1.644312193161000e-06
29 -8.573280472499625e-07
30 -6.868171297224280e-07
31 4.830217219940124e-07
32 2.748739240509520e-07
33 -2.618404287799417e-07
34 -1.029536477749606e-07
35 1.378937485269810e-07
36 3.420681572523161e-08
37 -7.094482744804945e-08
38 -8.469864351061188e-09
39 3.577822511286766e-08
40 -9.480472446643498e-11
41 -1.772110305006224e-08
42 2.246569040137216e-09
43 8.629609738666252e-09
44 -2.277385865985830e-09
45 -4.133657756346256e-09
46 1.794079301814349e-09
47 1.948984351411827e-09
48 -1.353728585354297e-09
49 -9.085668573239731e-10
50 1.334639401795289e-09


1 5.065728751555773e-01
2 -2.995841726992224e-02
3 -8.936666306103951e-02
4 1.484424342047216e-02
5 2.645218824304050e-02
6 -7.314720316356280e-03
7 -8.989538614675408e-03
8 3.584034779090260e-03
9 3.223849644282109e-03
10 -1.745782485701317e-03
11 -1.175326824712932e-03
12 8.451400329843366e-04
13 4.246568385243372e-04
14 -4.064691143789368e-04
15 -1.480593267099272e-04
16 1.941246491342482e-04
17 4.774802576911943e-05
18 -9.200777471858860e-05
19 -1.286297968255338e-05
20 4.324355747639500e-05
21 1.747070470236439e-06
22 -2.013424472181170e-05
23 1.136193519929233e-06
24 9.274614966978018e-06
25 -1.432622589303465e-06
26 -4.219322379671705e-06
27 1.087251464999893e-06
28 1.891196935322838e-06
29 -7.015326251108929e-07
30 -8.323598667146795e-07
31 4.170489791344876e-07
32 3.579354073352667e-07
33 -2.357383430526567e-07
34 -1.492267272629922e-07
35 1.286660561636401e-07
36 5.953171859611592e-08
37 -6.838596853068252e-08
38 -2.216825849381534e-08
39 3.557033063256786e-08
40 7.280346525831283e-09
41 -1.815872668628514e-08
42 -1.746069136219809e-09
43 9.112140736139965e-09
44 -6.696486089293494e-11
45 -4.496282244448223e-09
46 5.016557103425870e-10
47 2.179231091241296e-09
48 -4.930292002746009e-10
49 -1.031978371714781e-09
50 4.432135755372143e-10


1 5.066240906849168e-01
2 -2.992731690716954e-02
3 -8.944634501073051e-02
4 1.484506067613192e-02
5 2.651577392078709e-02
6 -7.327822522310385e-03
7 -9.031018274493813e-03
8 3.598884373240911e-03
9 3.248074461617666e-03
10 -1.758131744530065e-03
11 -1.188380901288370e-03
12 8.540396751200302e-04
13 4.312074200356356e-04
14 -4.123391999252667e-04
15 -1.511093498177079e-04
16 1.977570593228806e-04
17 4.904159845602534e-05
18 -9.414357845166664e-05
19 -1.333842087042774e-05
20 4.444478257209256e-05
21 1.875544070082667e-06
22 -2.078226390682568e-05
23 1.134853379758638e-06
24 9.609829870742978e-06
25 -1.464957470564451e-06
26 -4.385028253701949e-06
27 1.118926227391361e-06
28 1.968885552861268e-06
29 -7.234564382668378e-07
30 -8.664202564420531e-07
31 4.294709401849496e-07
32 3.715296746839855e-07
33 -2.414177918311328e-07
34 -1.538901126227688e-07
35 1.303198018544038e-07
36 6.069857549728179e-08
37 -6.798433235100669e-08
38 -2.221642483553419e-08
39 3.433273426039026e-08
40 7.138281396538171e-09
41 -1.674841046345686e-08
42 -1.703623839389507e-09
43 7.838063630978881e-09
44 2.942952088762191e-11
45 -3.465501435085836e-09
46 3.039635133477491e-10
47 1.395271464990466e-09
48 -2.341615083689606e-10
49 -4.461504587672558e-10
50 7.685412788989681e-11


1 5.066697275074374e-01
2 -2.993775531670785e-02
3 -8.951900322563798e-02
4 1.486603209615055e-02
5 2.657362839985500e-02
6 -7.350444649793682e-03
7 -9.068437967443960e-03
8 3.618035725189799e-03
9 3.269620557022117e-03
10 -1.772271842272386e-03
11 -1.199747427019860e-03
12 8.635608885878933e-04
13 4.367345125548404e-04
14 -4.183177773441032e-04
15 -1.535621982029127e-04
16 2.012984826314546e-04
17 5.000270128528179e-05
18 -9.613258052837829e-05
19 -1.364051403952683e-05
20 4.550401107640569e-05
21 1.922808735712274e-06
22 -2.131428845062446e-05
23 1.163938720257396e-06
24 9.858550185604530e-06
25 -1.501711587768305e-06
26 -4.490161118772476e-06
27 1.143308935388140e-06
28 2.006272207588987e-06
29 -7.342035254887777e-07
30 -8.749166887509150e-07
31 4.307819548896126e-07
32 3.696941759458397e-07
33 -2.377670890798516e-07
34 -1.497522491896620e-07
35 1.249182493755046e-07
36 5.718226045174353e-08
37 -6.268466031741950e-08
38 -1.999112856991801e-08
39 2.997752678511853e-08
40 6.026156437207740e-09
41 -1.355828090403879e-08
42 -1.316836308050011e-09
43 5.711594366134854e-09
44 2.019301752435742e-11
45 -2.174582412608233e-09
46 1.745028050234002e-10
47 6.969008866856645e-10
48 -1.047317785756833e-10
49 -1.440288272292765e-10
50 1.176675218994776e-11


