## Parameters ##
# z = 2
# m = 20
# t = 1.000000000000000e+00
# mu = 0.000000000000000e+00
# opt = sc
#
#
#a = 0.000000
1 6.372747421591187e-01
2 6.372747421591184e-01
3 6.333335444929071e-01
4 6.333335444929081e-01
5 6.412652986684197e-01
6 6.412652986684186e-01
7 6.292417602763728e-01
8 6.292417602763739e-01
9 6.455154764116727e-01
10 6.455154764116724e-01
11 6.247673316232437e-01
12 6.247673316232443e-01
13 6.502931621957792e-01
14 6.502931621957788e-01
15 6.195880235359441e-01
16 6.195880235359452e-01
17 6.560009003485541e-01
18 6.560009003485540e-01
19 6.131827271924714e-01
20 6.131827271924726e-01
21 6.633373371166131e-01
22 6.633373371166126e-01
23 6.045801406652932e-01
24 6.045801406652938e-01
25 6.737076335505651e-01
26 6.737076335505643e-01
27 5.916517773650782e-01
28 5.916517773650792e-01
29 6.905216816177838e-01
30 6.905216816177828e-01
31 5.685270242505546e-01
32 5.685270242505538e-01
33 7.249358030479204e-01
34 7.249358030479204e-01
35 5.106090021807805e-01
36 5.106090021807808e-01
37 8.475164229794668e-01
38 8.475164229794661e-01


#a = 1.000000
1 6.370070588910135e-01
2 6.370070588910132e-01
3 6.367385465517513e-01
4 6.367385465517530e-01
5 6.372906419327002e-01
6 6.372906419327012e-01
7 6.364561160126635e-01
8 6.364561160126638e-01
9 6.376220418666172e-01
10 6.376220418666165e-01
11 6.361263726844942e-01
12 6.361263726844947e-01
13 6.380479549226985e-01
14 6.380479549226979e-01
15 6.357006626452716e-01
16 6.357006626452715e-01
17 6.386480001936353e-01
18 6.386480001936349e-01
19 6.350938684472645e-01
20 6.350938684472650e-01
21 6.395797327902396e-01
22 6.395797327902399e-01
23 6.341317894814168e-01
24 6.341317894814167e-01
25 6.412088189300400e-01
26 6.412088189300406e-01
27 6.323900933332387e-01
28 6.323900933332394e-01
29 6.445914508169713e-01
30 6.445914508169719e-01
31 6.285435188643553e-01
32 6.285435188643552e-01
33 6.541644182383839e-01
34 6.541644182383836e-01
35 6.161055273111475e-01
36 6.161055273111464e-01
37 7.183407515675512e-01
38 7.183407515675508e-01


#a = 2.000000
1 6.373070300640261e-01
2 6.373070300640266e-01
3 6.373119568198831e-01
4 6.373119568198842e-01
5 6.373017835288110e-01
6 6.373017835288107e-01
7 6.373176361936708e-01
8 6.373176361936691e-01
9 6.372949954616056e-01
10 6.372949954616047e-01
11 6.373255178655857e-01
12 6.373255178655850e-01
13 6.372846356083761e-01
14 6.372846356083764e-01
15 6.373383077587261e-01
16 6.373383077587270e-01
17 6.372663859974584e-01
18 6.372663859974591e-01
19 6.373622537097070e-01
20 6.373622537097069e-01
21 6.372291617980744e-01
22 6.372291617980735e-01
23 6.374147931469539e-01
24 6.374147931469532e-01
25 6.371378482832331e-01
26 6.371378482832331e-01
27 6.375578089249661e-01
28 6.375578089249669e-01
29 6.368413158447471e-01
30 6.368413158447466e-01
31 6.381122762796827e-01
32 6.381122762796825e-01
33 6.352113016903496e-01
34 6.352113016903506e-01
35 6.426508813867585e-01
36 6.426508813867594e-01
37 5.935503520335024e-01
38 5.935503520335026e-01


#a = 3.000000
1 6.376527908810237e-01
2 6.376527908810234e-01
3 6.376458347813339e-01
4 6.376458347813334e-01
5 6.376322043293683e-01
6 6.376322043293678e-01
7 6.376097977505579e-01
8 6.376097977505586e-01
9 6.375795069028911e-01
10 6.375795069028922e-01
11 6.375362628441159e-01
12 6.375362628441168e-01
13 6.374817167010346e-01
14 6.374817167010348e-01
15 6.374053501467829e-01
16 6.374053501467828e-01
17 6.373098436115190e-01
18 6.373098436115204e-01
19 6.371724276536546e-01
20 6.371724276536544e-01
21 6.369971518897909e-01
22 6.369971518897930e-01
23 6.367274214102215e-01
24 6.367274214102223e-01
25 6.363684553507638e-01
26 6.363684553507644e-01
27 6.357403390095359e-01
28 6.357403390095352e-01
29 6.348455457017784e-01
30 6.348455457017783e-01
31 6.327824938460466e-01
32 6.327824938460459e-01
33 6.296179861905193e-01
34 6.296179861905206e-01
35 6.118881819286661e-01
36 6.118881819286651e-01
37 5.423148460672839e-01
38 5.423148460672864e-01


#a = 4.000000
1 6.379968862552808e-01
2 6.379968862552808e-01
3 6.379787500080033e-01
4 6.379787500080030e-01
5 6.379414836294039e-01
6 6.379414836294052e-01
7 6.378831181284348e-01
8 6.378831181284343e-01
9 6.378001929246815e-01
10 6.378001929246804e-01
11 6.376877784176445e-01
12 6.376877784176430e-01
13 6.375380788930607e-01
14 6.375380788930605e-01
15 6.373402813227936e-01
16 6.373402813227934e-01
17 6.370770326192798e-01
18 6.370770326192799e-01
19 6.367233511572375e-01
20 6.367233511572360e-01
21 6.362365082430609e-01
22 6.362365082430607e-01
23 6.355502975187901e-01
24 6.355502975187897e-01
25 6.345379454626952e-01
26 6.345379454626944e-01
27 6.329785854362007e-01
28 6.329785854362006e-01
29 6.303540598830232e-01
30 6.303540598830227e-01
31 6.255910048338592e-01
32 6.255910048338587e-01
33 6.135597474631475e-01
34 6.135597474631463e-01
35 5.787623991868195e-01
36 5.787623991868213e-01
37 5.215142567980501e-01
38 5.215142567980408e-01


