## Parameters ##
# z = 2
# m = 20
# t = 1.000000000000000e+00
# mu = 0.000000000000000e+00
# opt = sc
#
#
#a = 0.000000
1 4.999999999999999e-01
2 4.749999999999998e-01
3 4.999999999999999e-01
4 4.750000000000009e-01
5 4.999999999999994e-01
6 4.750000000000000e-01
7 4.999999999999999e-01
8 4.750000000000001e-01
9 4.999999999999998e-01
10 4.750000000000001e-01
11 5.000000000000000e-01
12 4.749999999999999e-01
13 5.000000000000003e-01
14 4.750000000000004e-01
15 5.000000000000001e-01
16 4.750000000000005e-01
17 4.999999999999998e-01
18 4.750000000000005e-01
19 5.000000000000002e-01
20 4.750000000000002e-01


#a = 1.000000
1 5.000000000000001e-01
2 4.931177995274543e-01
3 4.999999999999998e-01
4 4.929351239920571e-01
5 5.000000000000003e-01
6 4.925444901158953e-01
7 5.000000000000007e-01
8 4.918861915779922e-01
9 5.000000000000006e-01
10 4.908410256563802e-01
11 4.999999999999999e-01
12 4.891663826766873e-01
13 4.999999999999998e-01
14 4.863129459581644e-01
15 4.999999999999997e-01
16 4.807602026988194e-01
17 4.999999999999997e-01
18 4.663126707327339e-01
19 5.000000000000004e-01
20 3.661231670638176e-01


#a = 2.000000
1 5.000000000000002e-01
2 4.994089845279611e-01
3 4.999999999999999e-01
4 4.993771932648480e-01
5 4.999999999999998e-01
6 4.993064162447963e-01
7 5.000000000000000e-01
8 4.991785262115437e-01
9 4.999999999999998e-01
10 4.989532622258536e-01
11 4.999999999999998e-01
12 4.985354938697135e-01
13 4.999999999999998e-01
14 4.976624324155655e-01
15 4.999999999999999e-01
16 4.953810294137578e-01
17 4.999999999999993e-01
18 4.858395395600681e-01
19 4.999999999999994e-01
20 2.763571222658934e-01


#a = 3.000000
1 4.999999999999998e-01
2 4.999667517816399e-01
3 5.000000000000006e-01
4 4.999640333446444e-01
5 4.999999999999998e-01
6 4.999577313408030e-01
7 5.000000000000004e-01
8 4.999455170432356e-01
9 4.999999999999998e-01
10 4.999216341320084e-01
11 4.999999999999996e-01
12 4.998703098795542e-01
13 5.000000000000000e-01
14 4.997384730993940e-01
15 5.000000000000000e-01
16 4.992735798245906e-01
17 5.000000000000009e-01
18 4.961007043498236e-01
19 5.000000000000002e-01
20 2.552612652043053e-01


#a = 4.000000
1 4.999999999999999e-01
2 4.999982621437650e-01
3 5.000000000000000e-01
4 4.999980701535873e-01
5 5.000000000000006e-01
6 4.999976066072489e-01
7 4.999999999999999e-01
8 4.999966425962815e-01
9 5.000000000000002e-01
10 4.999945488022107e-01
11 5.000000000000003e-01
12 4.999893291618221e-01
13 5.000000000000006e-01
14 4.999728140509639e-01
15 5.000000000000006e-01
16 4.998938532896198e-01
17 4.999999999999997e-01
18 4.990023667938316e-01
19 5.000000000000001e-01
20 2.511565064006793e-01


