## Parameters ##
# z = 2
# m = 20
# t = 1.000000000000000e+00
# mu = 0.000000000000000e+00
# opt = sc
#
#
#a = 0.000000
1 -1.993834667466256e+00
2 -1.975376681190275e+00
3 -1.944739840795353e+00
4 -1.902113032590308e+00
5 -1.847759065022575e+00
6 -1.782013048376736e+00
7 -1.705280328708184e+00
8 -1.618033988749896e+00
9 -1.520811931200063e+00
10 -1.414213562373096e+00
11 -1.298896096660367e+00
12 -1.175570504584946e+00
13 -1.044997129431897e+00
14 -9.079809994790933e-01
15 -7.653668647301792e-01
16 -6.180339887498952e-01
17 -4.668907277118098e-01
18 -3.128689300804623e-01
19 -1.569181914556896e-01
20 4.638293170428921e-16
21 1.569181914556901e-01
22 3.128689300804617e-01
23 4.668907277118102e-01
24 6.180339887498949e-01
25 7.653668647301792e-01
26 9.079809994790939e-01
27 1.044997129431898e+00
28 1.175570504584946e+00
29 1.298896096660368e+00
30 1.414213562373095e+00
31 1.520811931200062e+00
32 1.618033988749896e+00
33 1.705280328708184e+00
34 1.782013048376736e+00
35 1.847759065022574e+00
36 1.902113032590307e+00
37 1.944739840795354e+00
38 1.975376681190276e+00
39 1.993834667466256e+00


#a = 1.000000
1 -1.921058129934996e+00
2 -1.766355832307952e+00
3 -1.617955408022459e+00
4 -1.475737974566505e+00
5 -1.339591273218634e+00
6 -1.209410449570959e+00
7 -1.085099060944294e+00
8 -9.665703960187938e-01
9 -8.537492348708774e-01
10 -7.465742487766142e-01
11 -6.450013630603640e-01
12 -5.490086352869630e-01
13 -4.586036590462993e-01
14 -3.738355289712624e-01
15 -2.948161179438566e-01
16 -2.217640047763091e-01
17 -1.551095432063792e-01
18 -9.569752841061992e-02
19 -4.452547031491305e-02
20 1.013453471628588e-17
21 4.452547031491300e-02
22 9.569752841061993e-02
23 1.551095432063792e-01
24 2.217640047763091e-01
25 2.948161179438567e-01
26 3.738355289712625e-01
27 4.586036590462995e-01
28 5.490086352869628e-01
29 6.450013630603644e-01
30 7.465742487766140e-01
31 8.537492348708775e-01
32 9.665703960187938e-01
33 1.085099060944294e+00
34 1.209410449570959e+00
35 1.339591273218634e+00
36 1.475737974566506e+00
37 1.617955408022459e+00
38 1.766355832307953e+00
39 1.921058129934996e+00


#a = 2.000000
1 -1.890057916010837e+00
2 -1.677960100424349e+00
3 -1.481122448608734e+00
4 -1.298934922914968e+00
5 -1.130817675118447e+00
6 -9.762212941520642e-01
7 -8.346271468668545e-01
8 -7.055478112226993e-01
9 -5.885275988472800e-01
10 -4.831431608605157e-01
11 -3.890041672116087e-01
12 -3.057540454187967e-01
13 -2.330707591363191e-01
14 -1.706675988204372e-01
15 -1.182939396678659e-01
16 -7.573586851971466e-02
17 -4.281634867212630e-02
18 -1.939330291775740e-02
19 -5.344459598321685e-03
20 4.122356106104616e-18
21 5.344459598321676e-03
22 1.939330291775741e-02
23 4.281634867212630e-02
24 7.573586851971469e-02
25 1.182939396678659e-01
26 1.706675988204372e-01
27 2.330707591363191e-01
28 3.057540454187966e-01
29 3.890041672116085e-01
30 4.831431608605156e-01
31 5.885275988472805e-01
32 7.055478112226992e-01
33 8.346271468668542e-01
34 9.762212941520642e-01
35 1.130817675118448e+00
36 1.298934922914968e+00
37 1.481122448608734e+00
38 1.677960100424350e+00
39 1.890057916010838e+00


#a = 3.000000
1 -1.866781547768433e+00
2 -1.612597199470803e+00
3 -1.382224657244583e+00
4 -1.174316439811916e+00
5 -9.876015431218860e-01
6 -8.208815228947347e-01
7 -6.730257153224313e-01
8 -5.429652046005292e-01
9 -4.296850204351233e-01
10 -3.322138917033169e-01
11 -2.496106916632900e-01
12 -1.809464895364037e-01
13 -1.252808934260059e-01
14 -8.163119116457168e-02
15 -4.893276784758758e-02
16 -2.598985287350707e-02
17 -1.141943001668649e-02
18 -3.579586971863257e-03
19 -4.868200500332144e-04
20 9.194050430222372e-20
21 4.868200500332114e-04
22 3.579586971863261e-03
23 1.141943001668646e-02
24 2.598985287350707e-02
25 4.893276784758760e-02
26 8.163119116457167e-02
27 1.252808934260060e-01
28 1.809464895364037e-01
29 2.496106916632899e-01
30 3.322138917033172e-01
31 4.296850204351233e-01
32 5.429652046005293e-01
33 6.730257153224312e-01
34 8.208815228947345e-01
35 9.876015431218859e-01
36 1.174316439811916e+00
37 1.382224657244583e+00
38 1.612597199470802e+00
39 1.866781547768433e+00


#a = 4.000000
1 -1.847496381321096e+00
2 -1.559111720665210e+00
3 -1.302811499699778e+00
4 -1.076349787427799e+00
5 -8.776256844421337e-01
6 -7.046702502720129e-01
7 -5.556306865502204e-01
8 -4.287508278459820e-01
9 -3.223469272771713e-01
10 -2.347778388757458e-01
11 -1.644091770628770e-01
12 -1.095721719318850e-01
13 -6.852015875368467e-02
14 -3.938944449535177e-02
15 -2.017696633003293e-02
16 -8.753246327025193e-03
17 -2.931621962667927e-03
18 -6.161500720545346e-04
19 -4.084740125235253e-05
20 8.481099809414648e-21
21 4.084740125235269e-05
22 6.161500720545351e-04
23 2.931621962667929e-03
24 8.753246327025177e-03
25 2.017696633003293e-02
26 3.938944449535173e-02
27 6.852015875368470e-02
28 1.095721719318849e-01
29 1.644091770628770e-01
30 2.347778388757459e-01
31 3.223469272771715e-01
32 4.287508278459818e-01
33 5.556306865502209e-01
34 7.046702502720127e-01
35 8.776256844421337e-01
36 1.076349787427798e+00
37 1.302811499699779e+00
38 1.559111720665208e+00
39 1.847496381321097e+00


