## Parameters ##
# z = 2
# m = 30
# t = 1.000000000000000e+00
# mu = 0.000000000000000e+00
# opt = sc
#
#
#a = 0.000000
1 6.369107536432466e-01
2 6.369107536432478e-01
3 6.351626265033503e-01
4 6.351626265033501e-01
5 6.386685299102174e-01
6 6.386685299102181e-01
7 6.333853375349018e-01
8 6.333853375349013e-01
9 6.404756342684296e-01
10 6.404756342684294e-01
11 6.315374300343928e-01
12 6.315374300343917e-01
13 6.423762978259387e-01
14 6.423762978259393e-01
15 6.295707622442087e-01
16 6.295707622442080e-01
17 6.444239138287299e-01
18 6.444239138287311e-01
19 6.274250599564533e-01
20 6.274250599564525e-01
21 6.466876680860928e-01
22 6.466876680860928e-01
23 6.250196389737331e-01
24 6.250196389737335e-01
25 6.492631047500768e-01
26 6.492631047500768e-01
27 6.222396435260357e-01
28 6.222396435260354e-01
29 6.522903977290091e-01
30 6.522903977290094e-01
31 6.189113195290774e-01
32 6.189113195290771e-01
33 6.559884810523031e-01
34 6.559884810523031e-01
35 6.147538987364064e-01
36 6.147538987364072e-01
37 6.607244720949680e-01
38 6.607244720949688e-01
39 6.092767934982803e-01
40 6.092767934982798e-01
41 6.671705030509849e-01
42 6.671705030509859e-01
43 6.015319282989575e-01
44 6.015319282989574e-01
45 6.767112143233117e-01
46 6.767112143233125e-01
47 5.894091068570799e-01
48 5.894091068570804e-01
49 6.927400453269480e-01
50 6.927400453269482e-01
51 5.670526587822535e-01
52 5.670526587822532e-01
53 7.263996078557462e-01
54 7.263996078557473e-01
55 5.098784197383411e-01
56 5.098784197383416e-01
57 8.482444005533386e-01
58 8.482444005533379e-01


#a = 1.000000
1 6.367870759976670e-01
2 6.367870759976667e-01
3 6.366825664944815e-01
4 6.366825664944800e-01
5 6.368943120443975e-01
6 6.368943120443977e-01
7 6.365759133140789e-01
8 6.365759133140780e-01
9 6.370094296075867e-01
10 6.370094296075863e-01
11 6.364619534416610e-01
12 6.364619534416599e-01
13 6.371385081876504e-01
14 6.371385081876503e-01
15 6.363345807041508e-01
16 6.363345807041515e-01
17 6.372894126532123e-01
18 6.372894126532119e-01
19 6.361858572566214e-01
20 6.361858572566208e-01
21 6.374731262964825e-01
22 6.374731262964818e-01
23 6.360046176193086e-01
24 6.360046176193077e-01
25 6.377060297825501e-01
26 6.377060297825495e-01
27 6.357740457670826e-01
28 6.357740457670823e-01
29 6.380141240169208e-01
30 6.380141240169210e-01
31 6.354671067306029e-01
32 6.354671067306031e-01
33 6.384415088113728e-01
34 6.384415088113740e-01
35 6.350371763803139e-01
36 6.350371763803134e-01
37 6.390690630431844e-01
38 6.390690630431851e-01
39 6.343968212426828e-01
40 6.343968212426833e-01
41 6.400607522152902e-01
42 6.400607522152904e-01
43 6.333631979675688e-01
44 6.333631979675679e-01
45 6.417984527412479e-01
46 6.417984527412481e-01
47 6.314903270327128e-01
48 6.314903270327124e-01
49 6.453801737404397e-01
50 6.453801737404393e-01
51 6.273945482657214e-01
52 6.273945482657211e-01
53 6.553838680306628e-01
54 6.553838680306630e-01
55 6.143712552060928e-01
56 6.143712552060921e-01
57 7.213238454791037e-01
58 7.213238454791036e-01


#a = 2.000000
1 6.369203689212348e-01
2 6.369203689212346e-01
3 6.369213048216279e-01
4 6.369213048216261e-01
5 6.369194068506455e-01
6 6.369194068506452e-01
7 6.369223012161361e-01
8 6.369223012161355e-01
9 6.369183268695879e-01
10 6.369183268695874e-01
11 6.369234571817007e-01
12 6.369234571817012e-01
13 6.369170128907157e-01
14 6.369170128907168e-01
15 6.369249061907359e-01
16 6.369249061907367e-01
17 6.369152961427029e-01
18 6.369152961427035e-01
19 6.369268514673904e-01
20 6.369268514673915e-01
21 6.369129050134255e-01
22 6.369129050134259e-01
23 6.369296320775959e-01
24 6.369296320775965e-01
25 6.369093653485967e-01
26 6.369093653485967e-01
27 6.369338597482456e-01
28 6.369338597482471e-01
29 6.369037829691064e-01
30 6.369037829691073e-01
31 6.369407294952912e-01
32 6.369407294952918e-01
33 6.368943210581156e-01
34 6.368943210581157e-01
35 6.369528017544898e-01
36 6.369528017544890e-01
37 6.368767889627918e-01
38 6.368767889627913e-01
39 6.369762435573714e-01
40 6.369762435573714e-01
41 6.368402071101137e-01
42 6.368402071101141e-01
43 6.370284606647797e-01
44 6.370284606647805e-01
45 6.367496013870794e-01
46 6.367496013870785e-01
47 6.371713694589144e-01
48 6.371713694589147e-01
49 6.364542112155586e-01
50 6.364542112155586e-01
51 6.377261534508428e-01
52 6.377261534508435e-01
53 6.348277848247108e-01
54 6.348277848247101e-01
55 6.422663836867396e-01
56 6.422663836867394e-01
57 5.932206278367926e-01
58 5.932206278367909e-01


#a = 3.000000
1 6.370710739310453e-01
2 6.370710739310456e-01
3 6.370697740774955e-01
4 6.370697740774957e-01
5 6.370671950352038e-01
6 6.370671950352036e-01
7 6.370631743346720e-01
8 6.370631743346730e-01
9 6.370577751773282e-01
10 6.370577751773279e-01
11 6.370506455581992e-01
12 6.370506455582006e-01
13 6.370418948283095e-01
14 6.370418948283120e-01
15 6.370309183878641e-01
16 6.370309183878650e-01
17 6.370178775969748e-01
18 6.370178775969747e-01
19 6.370017934118659e-01
20 6.370017934118656e-01
21 6.369828864110224e-01
22 6.369828864110226e-01
23 6.369595716854657e-01
24 6.369595716854655e-01
25 6.369321341135176e-01
26 6.369321341135168e-01
27 6.368979260299268e-01
28 6.368979260299259e-01
29 6.368572876583632e-01
30 6.368572876583636e-01
31 6.368055410122397e-01
32 6.368055410122389e-01
33 6.367430186154859e-01
34 6.367430186154860e-01
35 6.366607522088382e-01
36 6.366607522088364e-01
37 6.365588084452499e-01
38 6.365588084452501e-01
39 6.364179024613843e-01
40 6.364179024613832e-01
41 6.362368349142247e-01
42 6.362368349142244e-01
43 6.359666764079680e-01
44 6.359666764079673e-01
45 6.356007727450791e-01
46 6.356007727450794e-01
47 6.349787906974976e-01
48 6.349787906974972e-01
49 6.340685635904991e-01
50 6.340685635905000e-01
51 6.320391282550796e-01
52 6.320391282550797e-01
53 6.287934107180575e-01
54 6.287934107180583e-01
55 6.111124566968368e-01
56 6.111124566968369e-01
57 5.424800746199104e-01
58 5.424800746199124e-01


#a = 4.000000
1 6.372214643453269e-01
2 6.372214643453274e-01
3 6.372180301447706e-01
4 6.372180301447703e-01
5 6.372110821028321e-01
6 6.372110821028312e-01
7 6.372004611539217e-01
8 6.372004611539204e-01
9 6.371859124329989e-01
10 6.371859124329995e-01
11 6.371670853575361e-01
12 6.371670853575351e-01
13 6.371434963386678e-01
14 6.371434963386674e-01
15 6.371145265825021e-01
16 6.371145265825008e-01
17 6.370793524771862e-01
18 6.370793524771862e-01
19 6.370369356158536e-01
20 6.370369356158545e-01
21 6.369858960127861e-01
22 6.369858960127864e-01
23 6.369244805743381e-01
24 6.369244805743369e-01
25 6.368503239309784e-01
26 6.368503239309784e-01
27 6.367603593822294e-01
28 6.367603593822295e-01
29 6.366503354061085e-01
30 6.366503354061092e-01
31 6.365145682310073e-01
32 6.365145682310064e-01
33 6.363448640539545e-01
34 6.363448640539543e-01
35 6.361298010955639e-01
36 6.361298010955633e-01
37 6.358519927859410e-01
38 6.358519927859401e-01
39 6.354857926161567e-01
40 6.354857926161566e-01
41 6.349890092144438e-01
42 6.349890092144428e-01
43 6.342942885151923e-01
44 6.342942885151913e-01
45 6.332768983222983e-01
46 6.332768983222982e-01
47 6.317125874397080e-01
48 6.317125874397093e-01
49 6.290936354962013e-01
50 6.290936354961999e-01
51 6.242853509618309e-01
52 6.242853509618345e-01
53 6.122953224892358e-01
54 6.122953224892296e-01
55 5.782060955363140e-01
56 5.782060955363212e-01
57 5.216423929764485e-01
58 5.216423929764390e-01


