## Parameters ##
# z = 2
# m = 30
# t = 1.000000000000000e+00
# mu = 0.000000000000000e+00
# opt = sc
#
#
#a = 0.000000
1 6.369107536432466e-01
2 6.351626265033503e-01
3 6.386685299102174e-01
4 6.333853375349018e-01
5 6.404756342684296e-01
6 6.315374300343928e-01
7 6.423762978259387e-01
8 6.295707622442087e-01
9 6.444239138287299e-01
10 6.274250599564533e-01
11 6.466876680860928e-01
12 6.250196389737331e-01
13 6.492631047500768e-01
14 6.222396435260357e-01
15 6.522903977290091e-01
16 6.189113195290774e-01
17 6.559884810523031e-01
18 6.147538987364064e-01
19 6.607244720949680e-01
20 6.092767934982803e-01
21 6.671705030509849e-01
22 6.015319282989575e-01
23 6.767112143233117e-01
24 5.894091068570799e-01
25 6.927400453269480e-01
26 5.670526587822535e-01
27 7.263996078557462e-01
28 5.098784197383411e-01
29 8.482444005533386e-01


#a = 1.000000
1 6.367870759976670e-01
2 6.366825664944815e-01
3 6.368943120443975e-01
4 6.365759133140789e-01
5 6.370094296075867e-01
6 6.364619534416610e-01
7 6.371385081876504e-01
8 6.363345807041508e-01
9 6.372894126532123e-01
10 6.361858572566214e-01
11 6.374731262964825e-01
12 6.360046176193086e-01
13 6.377060297825501e-01
14 6.357740457670826e-01
15 6.380141240169208e-01
16 6.354671067306029e-01
17 6.384415088113728e-01
18 6.350371763803139e-01
19 6.390690630431844e-01
20 6.343968212426828e-01
21 6.400607522152902e-01
22 6.333631979675688e-01
23 6.417984527412479e-01
24 6.314903270327128e-01
25 6.453801737404397e-01
26 6.273945482657214e-01
27 6.553838680306628e-01
28 6.143712552060928e-01
29 7.213238454791037e-01


#a = 2.000000
1 6.369203689212348e-01
2 6.369213048216279e-01
3 6.369194068506455e-01
4 6.369223012161361e-01
5 6.369183268695879e-01
6 6.369234571817007e-01
7 6.369170128907157e-01
8 6.369249061907359e-01
9 6.369152961427029e-01
10 6.369268514673904e-01
11 6.369129050134255e-01
12 6.369296320775959e-01
13 6.369093653485967e-01
14 6.369338597482456e-01
15 6.369037829691064e-01
16 6.369407294952912e-01
17 6.368943210581156e-01
18 6.369528017544898e-01
19 6.368767889627918e-01
20 6.369762435573714e-01
21 6.368402071101137e-01
22 6.370284606647797e-01
23 6.367496013870794e-01
24 6.371713694589144e-01
25 6.364542112155586e-01
26 6.377261534508428e-01
27 6.348277848247108e-01
28 6.422663836867396e-01
29 5.932206278367926e-01


#a = 3.000000
1 6.370710739310453e-01
2 6.370697740774955e-01
3 6.370671950352038e-01
4 6.370631743346720e-01
5 6.370577751773282e-01
6 6.370506455581992e-01
7 6.370418948283095e-01
8 6.370309183878641e-01
9 6.370178775969748e-01
10 6.370017934118659e-01
11 6.369828864110224e-01
12 6.369595716854657e-01
13 6.369321341135176e-01
14 6.368979260299268e-01
15 6.368572876583632e-01
16 6.368055410122397e-01
17 6.367430186154859e-01
18 6.366607522088382e-01
19 6.365588084452499e-01
20 6.364179024613843e-01
21 6.362368349142247e-01
22 6.359666764079680e-01
23 6.356007727450791e-01
24 6.349787906974976e-01
25 6.340685635904991e-01
26 6.320391282550796e-01
27 6.287934107180575e-01
28 6.111124566968368e-01
29 5.424800746199104e-01


#a = 4.000000
1 6.372214643453269e-01
2 6.372180301447706e-01
3 6.372110821028321e-01
4 6.372004611539217e-01
5 6.371859124329989e-01
6 6.371670853575361e-01
7 6.371434963386678e-01
8 6.371145265825021e-01
9 6.370793524771862e-01
10 6.370369356158536e-01
11 6.369858960127861e-01
12 6.369244805743381e-01
13 6.368503239309784e-01
14 6.367603593822294e-01
15 6.366503354061085e-01
16 6.365145682310073e-01
17 6.363448640539545e-01
18 6.361298010955639e-01
19 6.358519927859410e-01
20 6.354857926161567e-01
21 6.349890092144438e-01
22 6.342942885151923e-01
23 6.332768983222983e-01
24 6.317125874397080e-01
25 6.290936354962013e-01
26 6.242853509618309e-01
27 6.122953224892358e-01
28 5.782060955363140e-01
29 5.216423929764485e-01


