## Parameters ##
# z = 2
# m = 30
# t = 1.000000000000000e+00
# mu = 0.000000000000000e+00
# opt = sc
#
#
#a = 0.000000
1 5.000000000000003e-01
2 5.166666666666673e-01
3 5.000000000000003e-01
4 5.166666666666672e-01
5 5.000000000000007e-01
6 5.166666666666675e-01
7 5.000000000000000e-01
8 5.166666666666673e-01
9 5.000000000000000e-01
10 5.166666666666672e-01
11 5.000000000000003e-01
12 5.166666666666668e-01
13 5.000000000000006e-01
14 5.166666666666667e-01
15 5.000000000000004e-01
16 5.166666666666667e-01
17 5.000000000000002e-01
18 5.166666666666667e-01
19 5.000000000000001e-01
20 5.166666666666662e-01
21 5.000000000000003e-01
22 5.166666666666667e-01
23 5.000000000000000e-01
24 5.166666666666666e-01
25 5.000000000000003e-01
26 5.166666666666663e-01
27 5.000000000000003e-01
28 5.166666666666666e-01
29 5.000000000000001e-01
30 5.166666666666662e-01


#a = 1.000000
1 5.000000000000002e-01
2 4.957571590587067e-01
3 5.000000000000000e-01
4 4.957085701213981e-01
5 5.000000000000008e-01
6 4.956085597980997e-01
7 5.000000000000007e-01
8 4.954510487863035e-01
9 5.000000000000003e-01
10 4.952257647907686e-01
11 5.000000000000004e-01
12 4.949164738254051e-01
13 5.000000000000006e-01
14 4.944977702084218e-01
15 5.000000000000001e-01
16 4.939290945273792e-01
17 4.999999999999993e-01
18 4.931429308358106e-01
19 4.999999999999996e-01
20 4.920195002511525e-01
21 4.999999999999997e-01
22 4.903259175559030e-01
23 4.999999999999999e-01
24 4.875442416966669e-01
25 4.999999999999998e-01
26 4.822502809852969e-01
27 4.999999999999995e-01
28 4.686535038463688e-01
29 4.999999999999999e-01
30 3.749691837123194e-01


#a = 2.000000
1 4.999999999999994e-01
2 5.002574324540259e-01
3 5.000000000000000e-01
4 5.002633624393131e-01
5 5.000000000000003e-01
6 5.002757806186932e-01
7 4.999999999999992e-01
8 5.002959186610039e-01
9 4.999999999999987e-01
10 5.003259548275072e-01
11 4.999999999999998e-01
12 5.003695557151027e-01
13 4.999999999999993e-01
14 5.004329395315706e-01
15 4.999999999999997e-01
16 5.005270559691712e-01
17 4.999999999999999e-01
18 5.006723986841917e-01
19 4.999999999999999e-01
20 5.009107726308603e-01
21 4.999999999999995e-01
22 5.013383489522074e-01
23 4.999999999999993e-01
24 5.022186568637791e-01
25 4.999999999999993e-01
26 5.045053938266233e-01
27 4.999999999999996e-01
28 5.140516654574725e-01
29 5.000000000000008e-01
30 7.235547633684778e-01


#a = 3.000000
1 4.999999999999993e-01
2 5.000095683610257e-01
3 4.999999999999994e-01
4 5.000099008700977e-01
5 4.999999999999994e-01
6 5.000106093364125e-01
7 4.999999999999992e-01
8 5.000117923711096e-01
9 5.000000000000008e-01
10 5.000136326013348e-01
11 5.000000000000006e-01
12 5.000164574480467e-01
13 5.000000000000007e-01
14 5.000208681270791e-01
15 5.000000000000007e-01
16 5.000280302978636e-01
17 5.000000000000007e-01
18 5.000403908405151e-01
19 5.000000000000004e-01
20 5.000636733303194e-01
21 5.000000000000006e-01
22 5.001134218308185e-01
23 4.999999999999999e-01
24 5.002420905392974e-01
25 5.000000000000002e-01
26 5.007005542108047e-01
27 4.999999999999988e-01
28 5.038586404322505e-01
29 4.999999999999954e-01
30 7.448603694030260e-01


#a = 4.000000
1 5.000000000000007e-01
2 5.000003300142986e-01
3 4.999999999999997e-01
4 5.000003453932422e-01
5 5.000000000000006e-01
6 5.000003787334346e-01
7 5.000000000000006e-01
8 5.000004360646381e-01
9 5.000000000000009e-01
10 5.000005290795770e-01
11 5.000000000000002e-01
12 5.000006800894042e-01
13 5.000000000000007e-01
14 5.000009333846381e-01
15 5.000000000000003e-01
16 5.000013833103797e-01
17 5.000000000000008e-01
18 5.000022514373836e-01
19 5.000000000000004e-01
20 5.000041307233161e-01
21 5.000000000000001e-01
22 5.000089195899564e-01
23 5.000000000000006e-01
24 5.000245124342992e-01
25 4.999999999999998e-01
26 5.001010815010505e-01
27 5.000000000000006e-01
28 5.009832450446952e-01
29 5.000000000000131e-01
30 7.488708431996722e-01


