## Parameters ##
# z = 2
# m = 30
# t = 1.000000000000000e+00
# mu = 0.000000000000000e+00
# opt = sc
#
#
#a = 0.000000
1 -1.997259069509148e+00
2 -1.989043790736547e+00
3 -1.975376681190276e+00
4 -1.956295201467612e+00
5 -1.931851652578136e+00
6 -1.902113032590307e+00
7 -1.867160852994403e+00
8 -1.827090915285202e+00
9 -1.782013048376736e+00
10 -1.732050807568878e+00
11 -1.677341135890849e+00
12 -1.618033988749895e+00
13 -1.554291922913942e+00
14 -1.486289650954788e+00
15 -1.414213562373095e+00
16 -1.338261212717717e+00
17 -1.258640782099674e+00
18 -1.175570504584946e+00
19 -1.089278070030053e+00
20 -9.999999999999998e-01
21 -9.079809994790921e-01
22 -8.134732861516002e-01
23 -7.167358990905999e-01
24 -6.180339887498961e-01
25 -5.176380902050410e-01
26 -4.158233816355185e-01
27 -3.128689300804622e-01
28 -2.090569265353076e-01
29 -1.046719124858875e-01
30 -3.104263476074798e-16
31 1.046719124858884e-01
32 2.090569265353072e-01
33 3.128689300804626e-01
34 4.158233816355189e-01
35 5.176380902050421e-01
36 6.180339887498951e-01
37 7.167358990906001e-01
38 8.134732861515996e-01
39 9.079809994790936e-01
40 1.000000000000000e+00
41 1.089278070030054e+00
42 1.175570504584945e+00
43 1.258640782099675e+00
44 1.338261212717716e+00
45 1.414213562373096e+00
46 1.486289650954789e+00
47 1.554291922913942e+00
48 1.618033988749896e+00
49 1.677341135890847e+00
50 1.732050807568877e+00
51 1.782013048376736e+00
52 1.827090915285202e+00
53 1.867160852994404e+00
54 1.902113032590308e+00
55 1.931851652578136e+00
56 1.956295201467611e+00
57 1.975376681190276e+00
58 1.989043790736546e+00
59 1.997259069509147e+00


#a = 1.000000
1 -1.947458426969108e+00
2 -1.843774484602914e+00
3 -1.742870876463263e+00
4 -1.644712015888961e+00
5 -1.549263470042824e+00
6 -1.456492034662637e+00
7 -1.366365821529155e+00
8 -1.278854361283024e+00
9 -1.193928724914947e+00
10 -1.111561668171265e+00
11 -1.031727804349628e+00
12 -9.544038126381830e-01
13 -8.795686914740916e-01
14 -8.072040696666454e-01
15 -7.372945927234783e-01
16 -6.698284087056613e-01
17 -6.047977883016831e-01
18 -5.421999298660852e-01
19 -4.820380259019741e-01
20 -4.243227104214463e-01
21 -3.690740819889046e-01
22 -3.163246382414754e-01
23 -2.661237455375318e-01
24 -2.185449337102637e-01
25 -1.736991118958085e-01
26 -1.317621498403259e-01
27 -9.303711129803706e-02
28 -5.804929012260709e-02
29 -2.733087313833895e-02
30 3.542250141692270e-17
31 2.733087313833895e-02
32 5.804929012260708e-02
33 9.303711129803714e-02
34 1.317621498403258e-01
35 1.736991118958083e-01
36 2.185449337102636e-01
37 2.661237455375319e-01
38 3.163246382414753e-01
39 3.690740819889046e-01
40 4.243227104214462e-01
41 4.820380259019736e-01
42 5.421999298660852e-01
43 6.047977883016828e-01
44 6.698284087056611e-01
45 7.372945927234784e-01
46 8.072040696666458e-01
47 8.795686914740917e-01
48 9.544038126381832e-01
49 1.031727804349627e+00
50 1.111561668171265e+00
51 1.193928724914947e+00
52 1.278854361283022e+00
53 1.366365821529157e+00
54 1.456492034662638e+00
55 1.549263470042823e+00
56 1.644712015888961e+00
57 1.742870876463262e+00
58 1.843774484602913e+00
59 1.947458426969108e+00


#a = 2.000000
1 -1.926446413594969e+00
2 -1.782788544231764e+00
3 -1.645936817505990e+00
4 -1.515709167935831e+00
5 -1.391929263913859e+00
6 -1.274426527119006e+00
7 -1.163036159570112e+00
8 -1.057599178433292e+00
9 -9.579624586361116e-01
10 -8.639787832704924e-01
11 -7.755069016822349e-01
12 -6.924115950482285e-01
13 -6.145637491325044e-01
14 -5.418404337901761e-01
15 -4.741249886546970e-01
16 -4.113071143005452e-01
17 -3.532829680215337e-01
18 -2.999552632056972e-01
19 -2.512333711190267e-01
20 -2.070334237234246e-01
21 -1.672784159201945e-01
22 -1.318983052455424e-01
23 -1.008301063006859e-01
24 -7.401797528106371e-02
25 -5.141327400841108e-02
26 -3.297458073261005e-02
27 -1.866751412481062e-02
28 -8.463674555330668e-03
29 -2.333838015183895e-03
30 -2.395687599629862e-18
31 2.333838015183892e-03
32 8.463674555330675e-03
33 1.866751412481063e-02
34 3.297458073261006e-02
35 5.141327400841111e-02
36 7.401797528106369e-02
37 1.008301063006859e-01
38 1.318983052455425e-01
39 1.672784159201944e-01
40 2.070334237234246e-01
41 2.512333711190266e-01
42 2.999552632056972e-01
43 3.532829680215335e-01
44 4.113071143005452e-01
45 4.741249886546971e-01
46 5.418404337901763e-01
47 6.145637491325047e-01
48 6.924115950482281e-01
49 7.755069016822351e-01
50 8.639787832704923e-01
51 9.579624586361114e-01
52 1.057599178433291e+00
53 1.163036159570112e+00
54 1.274426527119005e+00
55 1.391929263913860e+00
56 1.515709167935832e+00
57 1.645936817505989e+00
58 1.782788544231764e+00
59 1.926446413594970e+00


#a = 3.000000
1 -1.910554541505505e+00
2 -1.737121892320483e+00
3 -1.574399676932286e+00
4 -1.421983366923715e+00
5 -1.279483584426361e+00
6 -1.146525684287122e+00
7 -1.022749293570984e+00
8 -9.078077940933945e-01
9 -8.013677305624555e-01
10 -7.031081232281706e-01
11 -6.127196596043634e-01
12 -5.299037347709250e-01
13 -4.543713039087284e-01
14 -3.858415040203188e-01
15 -3.240399942501204e-01
16 -2.686969559428054e-01
17 -2.195446848546094e-01
18 -1.763146993693473e-01
19 -1.387342813270124e-01
20 -1.065223622175083e-01
21 -7.938467056695449e-02
22 -5.700807219968743e-02
23 -3.905407317359420e-02
24 -2.515153002656135e-02
25 -1.488873590864894e-02
26 -7.805316899959911e-03
27 -3.385211971654186e-03
28 -1.048291800986985e-03
29 -1.412092495572913e-04
30 -6.112911266404839e-20
31 1.412092495572953e-04
32 1.048291800986982e-03
33 3.385211971654182e-03
34 7.805316899959901e-03
35 1.488873590864894e-02
36 2.515153002656135e-02
37 3.905407317359420e-02
38 5.700807219968743e-02
39 7.938467056695452e-02
40 1.065223622175084e-01
41 1.387342813270123e-01
42 1.763146993693473e-01
43 2.195446848546095e-01
44 2.686969559428055e-01
45 3.240399942501206e-01
46 3.858415040203187e-01
47 4.543713039087284e-01
48 5.299037347709249e-01
49 6.127196596043633e-01
50 7.031081232281703e-01
51 8.013677305624554e-01
52 9.078077940933944e-01
53 1.022749293570984e+00
54 1.146525684287121e+00
55 1.279483584426360e+00
56 1.421983366923715e+00
57 1.574399676932286e+00
58 1.737121892320483e+00
59 1.910554541505503e+00


#a = 4.000000
1 -1.897310924309509e+00
2 -1.699371078545871e+00
3 -1.515961116095891e+00
4 -1.346402672350754e+00
5 -1.190046901868076e+00
6 -1.046273087394100e+00
7 -9.144871008425460e-01
8 -7.941196746710474e-01
9 -6.846244362414191e-01
10 -5.854756524669386e-01
11 -4.961656282418129e-01
12 -4.162017011991194e-01
13 -3.451027793098043e-01
14 -2.823953796876267e-01
15 -2.276091508676922e-01
16 -1.802719023976386e-01
17 -1.399042320043659e-01
18 -1.060139403163943e-01
19 -7.809056461914560e-02
20 -5.560055205881064e-02
21 -3.798382639507438e-02
22 -2.465276071321792e-02
23 -1.499480232757365e-02
24 -8.380118623300788e-03
25 -4.175508158333325e-03
26 -1.765213011332117e-03
27 -5.779987749282882e-04
28 -1.193482354242928e-04
29 -7.826515822832802e-06
30 -4.184607081829133e-21
31 7.826515822832025e-06
32 1.193482354242928e-04
33 5.779987749282890e-04
34 1.765213011332117e-03
35 4.175508158333324e-03
36 8.380118623300790e-03
37 1.499480232757365e-02
38 2.465276071321793e-02
39 3.798382639507439e-02
40 5.560055205881063e-02
41 7.809056461914562e-02
42 1.060139403163943e-01
43 1.399042320043659e-01
44 1.802719023976386e-01
45 2.276091508676922e-01
46 2.823953796876268e-01
47 3.451027793098045e-01
48 4.162017011991194e-01
49 4.961656282418128e-01
50 5.854756524669384e-01
51 6.846244362414189e-01
52 7.941196746710474e-01
53 9.144871008425460e-01
54 1.046273087394101e+00
55 1.190046901868077e+00
56 1.346402672350755e+00
57 1.515961116095891e+00
58 1.699371078545872e+00
59 1.897310924309508e+00


