## Parameters ##
# z = 3
# m = 8
# t = 1.000000000000000e+00
# mu = 1.000000000000000e+00
# opt = sc
#
#
#a = 0.000000
1 4.570576424596418e-01
2 4.570576424596415e-01
3 4.570576424596419e-01
4 5.156976995945947e-01
5 5.156976995945948e-01
6 5.156976995945949e-01
7 5.156976995945954e-01
8 5.156976995945939e-01
9 5.156976995945947e-01
10 4.125899149575963e-01
11 4.125899149575962e-01
12 4.125899149575955e-01
13 4.125899149575956e-01
14 4.125899149575965e-01
15 4.125899149575969e-01
16 4.125899149575965e-01
17 4.125899149575963e-01
18 4.125899149575973e-01
19 4.125899149575964e-01
20 4.125899149575963e-01
21 4.125899149575966e-01
22 5.175215776707045e-01
23 5.175215776707044e-01
24 5.175215776707036e-01
25 5.175215776707041e-01
26 5.175215776707038e-01
27 5.175215776707044e-01
28 5.175215776707047e-01
29 5.175215776707045e-01
30 5.175215776707047e-01
31 5.175215776707046e-01
32 5.175215776707041e-01
33 5.175215776707041e-01
34 5.175215776707041e-01
35 5.175215776707044e-01
36 5.175215776707043e-01
37 5.175215776707045e-01
38 5.175215776707034e-01
39 5.175215776707033e-01
40 5.175215776707035e-01
41 5.175215776707032e-01
42 5.175215776707033e-01
43 5.175215776707034e-01
44 5.175215776707041e-01
45 5.175215776707036e-01
46 3.515282229223507e-01
47 3.515282229223511e-01
48 3.515282229223505e-01
49 3.515282229223508e-01
50 3.515282229223504e-01
51 3.515282229223509e-01
52 3.515282229223508e-01
53 3.515282229223507e-01
54 3.515282229223512e-01
55 3.515282229223513e-01
56 3.515282229223508e-01
57 3.515282229223509e-01
58 3.515282229223508e-01
59 3.515282229223511e-01
60 3.515282229223511e-01
61 3.515282229223511e-01
62 3.515282229223509e-01
63 3.515282229223510e-01
64 3.515282229223514e-01
65 3.515282229223520e-01
66 3.515282229223513e-01
67 3.515282229223509e-01
68 3.515282229223515e-01
69 3.515282229223515e-01
70 3.515282229223513e-01
71 3.515282229223516e-01
72 3.515282229223513e-01
73 3.515282229223518e-01
74 3.515282229223511e-01
75 3.515282229223513e-01
76 3.515282229223514e-01
77 3.515282229223511e-01
78 3.515282229223501e-01
79 3.515282229223500e-01
80 3.515282229223498e-01
81 3.515282229223516e-01
82 3.515282229223500e-01
83 3.515282229223497e-01
84 3.515282229223500e-01
85 3.515282229223491e-01
86 3.515282229223500e-01
87 3.515282229223488e-01
88 3.515282229223495e-01
89 3.515282229223483e-01
90 3.515282229223492e-01
91 3.515282229223495e-01
92 3.515282229223499e-01
93 3.515282229223502e-01
94 4.843766507246579e-01
95 4.843766507246579e-01
96 4.843766507246577e-01
97 4.843766507246577e-01
98 4.843766507246585e-01
99 4.843766507246586e-01
100 4.843766507246581e-01
101 4.843766507246576e-01
102 4.843766507246582e-01
103 4.843766507246577e-01
104 4.843766507246579e-01
105 4.843766507246579e-01
106 4.843766507246583e-01
107 4.843766507246579e-01
108 4.843766507246575e-01
109 4.843766507246582e-01
110 4.843766507246579e-01
111 4.843766507246579e-01
112 4.843766507246580e-01
113 4.843766507246582e-01
114 4.843766507246581e-01
115 4.843766507246581e-01
116 4.843766507246582e-01
117 4.843766507246579e-01
118 4.843766507246581e-01
119 4.843766507246583e-01
120 4.843766507246580e-01
121 4.843766507246580e-01
122 4.843766507246582e-01
123 4.843766507246584e-01
124 4.843766507246582e-01
125 4.843766507246584e-01
126 4.843766507246579e-01
127 4.843766507246579e-01
128 4.843766507246579e-01
129 4.843766507246576e-01
130 4.843766507246576e-01
131 4.843766507246576e-01
132 4.843766507246576e-01
133 4.843766507246577e-01
134 4.843766507246579e-01
135 4.843766507246575e-01
136 4.843766507246575e-01
137 4.843766507246575e-01
138 4.843766507246579e-01
139 4.843766507246577e-01
140 4.843766507246574e-01
141 4.843766507246568e-01
142 4.843766507246583e-01
143 4.843766507246580e-01
144 4.843766507246586e-01
145 4.843766507246587e-01
146 4.843766507246577e-01
147 4.843766507246579e-01
148 4.843766507246585e-01
149 4.843766507246578e-01
150 4.843766507246579e-01
151 4.843766507246586e-01
152 4.843766507246578e-01
153 4.843766507246579e-01
154 4.843766507246581e-01
155 4.843766507246579e-01
156 4.843766507246578e-01
157 4.843766507246585e-01
158 4.843766507246590e-01
159 4.843766507246590e-01
160 4.843766507246580e-01
161 4.843766507246596e-01
162 4.843766507246570e-01
163 4.843766507246583e-01
164 4.843766507246586e-01
165 4.843766507246572e-01
166 4.843766507246579e-01
167 4.843766507246580e-01
168 4.843766507246569e-01
169 4.843766507246567e-01
170 4.843766507246566e-01
171 4.843766507246576e-01
172 4.843766507246554e-01
173 4.843766507246571e-01
174 4.843766507246565e-01
175 4.843766507246581e-01
176 4.843766507246552e-01
177 4.843766507246566e-01
178 4.843766507246575e-01
179 4.843766507246573e-01
180 4.843766507246574e-01
181 4.843766507246574e-01
182 4.843766507246579e-01
183 4.843766507246569e-01
184 4.843766507246576e-01
185 4.843766507246575e-01
186 4.843766507246576e-01
187 4.843766507246573e-01
188 4.843766507246580e-01
189 4.843766507246581e-01
190 5.839484277994779e-01
191 5.839484277994783e-01
192 5.839484277994784e-01
193 5.839484277994785e-01
194 5.839484277994779e-01
195 5.839484277994783e-01
196 5.839484277994783e-01
197 5.839484277994785e-01
198 5.839484277994781e-01
199 5.839484277994783e-01
200 5.839484277994779e-01
201 5.839484277994781e-01
202 5.839484277994779e-01
203 5.839484277994776e-01
204 5.839484277994785e-01
205 5.839484277994780e-01
206 5.839484277994781e-01
207 5.839484277994774e-01
208 5.839484277994781e-01
209 5.839484277994781e-01
210 5.839484277994772e-01
211 5.839484277994779e-01
212 5.839484277994775e-01
213 5.839484277994776e-01
214 5.839484277994781e-01
215 5.839484277994779e-01
216 5.839484277994778e-01
217 5.839484277994781e-01
218 5.839484277994781e-01
219 5.839484277994783e-01
220 5.839484277994782e-01
221 5.839484277994778e-01
222 5.839484277994778e-01
223 5.839484277994778e-01
224 5.839484277994775e-01
225 5.839484277994773e-01
226 5.839484277994773e-01
227 5.839484277994778e-01
228 5.839484277994778e-01
229 5.839484277994778e-01
230 5.839484277994778e-01
231 5.839484277994778e-01
232 5.839484277994778e-01
233 5.839484277994780e-01
234 5.839484277994778e-01
235 5.839484277994781e-01
236 5.839484277994778e-01
237 5.839484277994780e-01
238 5.839484277994778e-01
239 5.839484277994774e-01
240 5.839484277994783e-01
241 5.839484277994783e-01
242 5.839484277994774e-01
243 5.839484277994774e-01
244 5.839484277994780e-01
245 5.839484277994780e-01
246 5.839484277994781e-01
247 5.839484277994781e-01
248 5.839484277994778e-01
249 5.839484277994778e-01
250 5.839484277994779e-01
251 5.839484277994779e-01
252 5.839484277994788e-01
253 5.839484277994782e-01
254 5.839484277994780e-01
255 5.839484277994780e-01
256 5.839484277994776e-01
257 5.839484277994780e-01
258 5.839484277994780e-01
259 5.839484277994780e-01
260 5.839484277994781e-01
261 5.839484277994783e-01
262 5.839484277994775e-01
263 5.839484277994786e-01
264 5.839484277994780e-01
265 5.839484277994779e-01
266 5.839484277994778e-01
267 5.839484277994778e-01
268 5.839484277994779e-01
269 5.839484277994773e-01
270 5.839484277994788e-01
271 5.839484277994781e-01
272 5.839484277994781e-01
273 5.839484277994790e-01
274 5.839484277994783e-01
275 5.839484277994778e-01
276 5.839484277994776e-01
277 5.839484277994779e-01
278 5.839484277994778e-01
279 5.839484277994780e-01
280 5.839484277994778e-01
281 5.839484277994782e-01
282 5.839484277994778e-01
283 5.839484277994780e-01
284 5.839484277994784e-01
285 5.839484277994778e-01
286 5.839484277994780e-01
287 5.839484277994778e-01
288 5.839484277994781e-01
289 5.839484277994783e-01
290 5.839484277994780e-01
291 5.839484277994783e-01
292 5.839484277994782e-01
293 5.839484277994780e-01
294 5.839484277994778e-01
295 5.839484277994778e-01
296 5.839484277994776e-01
297 5.839484277994781e-01
298 5.839484277994778e-01
299 5.839484277994779e-01
300 5.839484277994778e-01
301 5.839484277994782e-01
302 5.839484277994778e-01
303 5.839484277994781e-01
304 5.839484277994780e-01
305 5.839484277994783e-01
306 5.839484277994786e-01
307 5.839484277994784e-01
308 5.839484277994785e-01
309 5.839484277994784e-01
310 5.839484277994780e-01
311 5.839484277994781e-01
312 5.839484277994783e-01
313 5.839484277994785e-01
314 5.839484277994786e-01
315 5.839484277994780e-01
316 5.839484277994778e-01
317 5.839484277994782e-01
318 5.839484277994771e-01
319 5.839484277994782e-01
320 5.839484277994794e-01
321 5.839484277994775e-01
322 5.839484277994783e-01
323 5.839484277994785e-01
324 5.839484277994790e-01
325 5.839484277994791e-01
326 5.839484277994771e-01
327 5.839484277994772e-01
328 5.839484277994775e-01
329 5.839484277994768e-01
330 5.839484277994771e-01
331 5.839484277994773e-01
332 5.839484277994780e-01
333 5.839484277994784e-01
334 5.839484277994790e-01
335 5.839484277994776e-01
336 5.839484277994763e-01
337 5.839484277994772e-01
338 5.839484277994778e-01
339 5.839484277994774e-01
340 5.839484277994780e-01
341 5.839484277994785e-01
342 5.839484277994770e-01
343 5.839484277994775e-01
344 5.839484277994760e-01
345 5.839484277994771e-01
346 5.839484277994772e-01
347 5.839484277994780e-01
348 5.839484277994786e-01
349 5.839484277994761e-01
350 5.839484277994779e-01
351 5.839484277994761e-01
352 5.839484277994762e-01
353 5.839484277994761e-01
354 5.839484277994771e-01
355 5.839484277994780e-01
356 5.839484277994771e-01
357 5.839484277994773e-01
358 5.839484277994754e-01
359 5.839484277994762e-01
360 5.839484277994775e-01
361 5.839484277994759e-01
362 5.839484277994770e-01
363 5.839484277994778e-01
364 5.839484277994768e-01
365 5.839484277994783e-01
366 5.839484277994778e-01
367 5.839484277994773e-01
368 5.839484277994774e-01
369 5.839484277994778e-01
370 5.839484277994778e-01
371 5.839484277994776e-01
372 5.839484277994780e-01
373 5.839484277994775e-01
374 5.839484277994782e-01
375 5.839484277994783e-01
376 5.839484277994778e-01
377 5.839484277994776e-01
378 5.839484277994768e-01
379 5.839484277994765e-01
380 5.839484277994769e-01
381 5.839484277994766e-01


#a = 1.000000
1 4.563315704139016e-01
2 4.563315704139016e-01
3 4.563315704139017e-01
4 4.795691000632752e-01
5 4.795691000632755e-01
6 4.795691000632745e-01
7 4.795691000632745e-01
8 4.795691000632752e-01
9 4.795691000632744e-01
10 4.442767147218448e-01
11 4.442767147218443e-01
12 4.442767147218454e-01
13 4.442767147218452e-01
14 4.442767147218445e-01
15 4.442767147218458e-01
16 4.442767147218449e-01
17 4.442767147218452e-01
18 4.442767147218458e-01
19 4.442767147218450e-01
20 4.442767147218448e-01
21 4.442767147218441e-01
22 4.783427216964402e-01
23 4.783427216964403e-01
24 4.783427216964407e-01
25 4.783427216964408e-01
26 4.783427216964398e-01
27 4.783427216964400e-01
28 4.783427216964398e-01
29 4.783427216964403e-01
30 4.783427216964404e-01
31 4.783427216964403e-01
32 4.783427216964405e-01
33 4.783427216964397e-01
34 4.783427216964396e-01
35 4.783427216964398e-01
36 4.783427216964392e-01
37 4.783427216964394e-01
38 4.783427216964407e-01
39 4.783427216964398e-01
40 4.783427216964410e-01
41 4.783427216964394e-01
42 4.783427216964388e-01
43 4.783427216964389e-01
44 4.783427216964403e-01
45 4.783427216964402e-01
46 4.242560498601673e-01
47 4.242560498601677e-01
48 4.242560498601683e-01
49 4.242560498601682e-01
50 4.242560498601683e-01
51 4.242560498601687e-01
52 4.242560498601685e-01
53 4.242560498601687e-01
54 4.242560498601681e-01
55 4.242560498601684e-01
56 4.242560498601685e-01
57 4.242560498601685e-01
58 4.242560498601682e-01
59 4.242560498601682e-01
60 4.242560498601673e-01
61 4.242560498601672e-01
62 4.242560498601689e-01
63 4.242560498601689e-01
64 4.242560498601690e-01
65 4.242560498601696e-01
66 4.242560498601690e-01
67 4.242560498601686e-01
68 4.242560498601683e-01
69 4.242560498601685e-01
70 4.242560498601691e-01
71 4.242560498601690e-01
72 4.242560498601683e-01
73 4.242560498601684e-01
74 4.242560498601685e-01
75 4.242560498601690e-01
76 4.242560498601684e-01
77 4.242560498601685e-01
78 4.242560498601681e-01
79 4.242560498601676e-01
80 4.242560498601672e-01
81 4.242560498601683e-01
82 4.242560498601701e-01
83 4.242560498601690e-01
84 4.242560498601702e-01
85 4.242560498601707e-01
86 4.242560498601678e-01
87 4.242560498601664e-01
88 4.242560498601679e-01
89 4.242560498601687e-01
90 4.242560498601679e-01
91 4.242560498601681e-01
92 4.242560498601668e-01
93 4.242560498601671e-01
94 4.765793644527699e-01
95 4.765793644527701e-01
96 4.765793644527702e-01
97 4.765793644527699e-01
98 4.765793644527698e-01
99 4.765793644527702e-01
100 4.765793644527697e-01
101 4.765793644527698e-01
102 4.765793644527705e-01
103 4.765793644527699e-01
104 4.765793644527708e-01
105 4.765793644527708e-01
106 4.765793644527707e-01
107 4.765793644527713e-01
108 4.765793644527712e-01
109 4.765793644527714e-01
110 4.765793644527712e-01
111 4.765793644527710e-01
112 4.765793644527702e-01
113 4.765793644527703e-01
114 4.765793644527715e-01
115 4.765793644527710e-01
116 4.765793644527710e-01
117 4.765793644527714e-01
118 4.765793644527704e-01
119 4.765793644527705e-01
120 4.765793644527703e-01
121 4.765793644527709e-01
122 4.765793644527706e-01
123 4.765793644527702e-01
124 4.765793644527706e-01
125 4.765793644527709e-01
126 4.765793644527721e-01
127 4.765793644527718e-01
128 4.765793644527710e-01
129 4.765793644527710e-01
130 4.765793644527712e-01
131 4.765793644527711e-01
132 4.765793644527707e-01
133 4.765793644527705e-01
134 4.765793644527710e-01
135 4.765793644527705e-01
136 4.765793644527705e-01
137 4.765793644527709e-01
138 4.765793644527707e-01
139 4.765793644527705e-01
140 4.765793644527715e-01
141 4.765793644527702e-01
142 4.765793644527705e-01
143 4.765793644527703e-01
144 4.765793644527707e-01
145 4.765793644527708e-01
146 4.765793644527705e-01
147 4.765793644527710e-01
148 4.765793644527711e-01
149 4.765793644527707e-01
150 4.765793644527703e-01
151 4.765793644527704e-01
152 4.765793644527709e-01
153 4.765793644527694e-01
154 4.765793644527706e-01
155 4.765793644527707e-01
156 4.765793644527715e-01
157 4.765793644527715e-01
158 4.765793644527714e-01
159 4.765793644527705e-01
160 4.765793644527709e-01
161 4.765793644527712e-01
162 4.765793644527723e-01
163 4.765793644527712e-01
164 4.765793644527724e-01
165 4.765793644527716e-01
166 4.765793644527715e-01
167 4.765793644527720e-01
168 4.765793644527709e-01
169 4.765793644527705e-01
170 4.765793644527717e-01
171 4.765793644527750e-01
172 4.765793644527710e-01
173 4.765793644527729e-01
174 4.765793644527725e-01
175 4.765793644527715e-01
176 4.765793644527720e-01
177 4.765793644527709e-01
178 4.765793644527739e-01
179 4.765793644527720e-01
180 4.765793644527745e-01
181 4.765793644527679e-01
182 4.765793644527714e-01
183 4.765793644527691e-01
184 4.765793644527728e-01
185 4.765793644527712e-01
186 4.765793644527724e-01
187 4.765793644527711e-01
188 4.765793644527712e-01
189 4.765793644527730e-01
190 5.487279308864543e-01
191 5.487279308864541e-01
192 5.487279308864543e-01
193 5.487279308864540e-01
194 5.487279308864547e-01
195 5.487279308864544e-01
196 5.487279308864542e-01
197 5.487279308864539e-01
198 5.487279308864540e-01
199 5.487279308864542e-01
200 5.487279308864541e-01
201 5.487279308864542e-01
202 5.487279308864543e-01
203 5.487279308864544e-01
204 5.487279308864544e-01
205 5.487279308864540e-01
206 5.487279308864548e-01
207 5.487279308864543e-01
208 5.487279308864544e-01
209 5.487279308864548e-01
210 5.487279308864542e-01
211 5.487279308864544e-01
212 5.487279308864542e-01
213 5.487279308864539e-01
214 5.487279308864542e-01
215 5.487279308864540e-01
216 5.487279308864538e-01
217 5.487279308864539e-01
218 5.487279308864544e-01
219 5.487279308864546e-01
220 5.487279308864541e-01
221 5.487279308864539e-01
222 5.487279308864539e-01
223 5.487279308864536e-01
224 5.487279308864546e-01
225 5.487279308864536e-01
226 5.487279308864531e-01
227 5.487279308864547e-01
228 5.487279308864540e-01
229 5.487279308864532e-01
230 5.487279308864547e-01
231 5.487279308864537e-01
232 5.487279308864543e-01
233 5.487279308864541e-01
234 5.487279308864534e-01
235 5.487279308864543e-01
236 5.487279308864542e-01
237 5.487279308864543e-01
238 5.487279308864538e-01
239 5.487279308864537e-01
240 5.487279308864538e-01
241 5.487279308864536e-01
242 5.487279308864538e-01
243 5.487279308864542e-01
244 5.487279308864543e-01
245 5.487279308864536e-01
246 5.487279308864543e-01
247 5.487279308864540e-01
248 5.487279308864538e-01
249 5.487279308864548e-01
250 5.487279308864542e-01
251 5.487279308864541e-01
252 5.487279308864540e-01
253 5.487279308864536e-01
254 5.487279308864546e-01
255 5.487279308864532e-01
256 5.487279308864548e-01
257 5.487279308864544e-01
258 5.487279308864546e-01
259 5.487279308864541e-01
260 5.487279308864541e-01
261 5.487279308864544e-01
262 5.487279308864546e-01
263 5.487279308864542e-01
264 5.487279308864544e-01
265 5.487279308864544e-01
266 5.487279308864540e-01
267 5.487279308864544e-01
268 5.487279308864533e-01
269 5.487279308864552e-01
270 5.487279308864536e-01
271 5.487279308864533e-01
272 5.487279308864548e-01
273 5.487279308864538e-01
274 5.487279308864547e-01
275 5.487279308864533e-01
276 5.487279308864546e-01
277 5.487279308864540e-01
278 5.487279308864539e-01
279 5.487279308864544e-01
280 5.487279308864539e-01
281 5.487279308864548e-01
282 5.487279308864541e-01
283 5.487279308864540e-01
284 5.487279308864548e-01
285 5.487279308864538e-01
286 5.487279308864544e-01
287 5.487279308864539e-01
288 5.487279308864536e-01
289 5.487279308864544e-01
290 5.487279308864537e-01
291 5.487279308864548e-01
292 5.487279308864542e-01
293 5.487279308864534e-01
294 5.487279308864541e-01
295 5.487279308864550e-01
296 5.487279308864539e-01
297 5.487279308864538e-01
298 5.487279308864548e-01
299 5.487279308864540e-01
300 5.487279308864544e-01
301 5.487279308864540e-01
302 5.487279308864539e-01
303 5.487279308864541e-01
304 5.487279308864541e-01
305 5.487279308864541e-01
306 5.487279308864527e-01
307 5.487279308864532e-01
308 5.487279308864529e-01
309 5.487279308864562e-01
310 5.487279308864540e-01
311 5.487279308864544e-01
312 5.487279308864552e-01
313 5.487279308864543e-01
314 5.487279308864542e-01
315 5.487279308864551e-01
316 5.487279308864547e-01
317 5.487279308864539e-01
318 5.487279308864530e-01
319 5.487279308864536e-01
320 5.487279308864551e-01
321 5.487279308864554e-01
322 5.487279308864547e-01
323 5.487279308864537e-01
324 5.487279308864530e-01
325 5.487279308864557e-01
326 5.487279308864538e-01
327 5.487279308864552e-01
328 5.487279308864553e-01
329 5.487279308864529e-01
330 5.487279308864552e-01
331 5.487279308864520e-01
332 5.487279308864538e-01
333 5.487279308864553e-01
334 5.487279308864573e-01
335 5.487279308864524e-01
336 5.487279308864532e-01
337 5.487279308864553e-01
338 5.487279308864538e-01
339 5.487279308864541e-01
340 5.487279308864562e-01
341 5.487279308864542e-01
342 5.487279308864533e-01
343 5.487279308864573e-01
344 5.487279308864571e-01
345 5.487279308864464e-01
346 5.487279308864553e-01
347 5.487279308864550e-01
348 5.487279308864540e-01
349 5.487279308864520e-01
350 5.487279308864521e-01
351 5.487279308864540e-01
352 5.487279308864544e-01
353 5.487279308864534e-01
354 5.487279308864562e-01
355 5.487279308864531e-01
356 5.487279308864554e-01
357 5.487279308864552e-01
358 5.487279308864530e-01
359 5.487279308864537e-01
360 5.487279308864541e-01
361 5.487279308864539e-01
362 5.487279308864516e-01
363 5.487279308864472e-01
364 5.487279308864622e-01
365 5.487279308864534e-01
366 5.487279308864546e-01
367 5.487279308864529e-01
368 5.487279308864532e-01
369 5.487279308864561e-01
370 5.487279308864539e-01
371 5.487279308864523e-01
372 5.487279308864546e-01
373 5.487279308864543e-01
374 5.487279308864534e-01
375 5.487279308864534e-01
376 5.487279308864543e-01
377 5.487279308864548e-01
378 5.487279308864520e-01
379 5.487279308864531e-01
380 5.487279308864534e-01
381 5.487279308864539e-01


#a = 2.000000
1 4.617801084162472e-01
2 4.617801084162472e-01
3 4.617801084162477e-01
4 4.638807365569450e-01
5 4.638807365569447e-01
6 4.638807365569450e-01
7 4.638807365569447e-01
8 4.638807365569450e-01
9 4.638807365569450e-01
10 4.646776003929143e-01
11 4.646776003929145e-01
12 4.646776003929135e-01
13 4.646776003929144e-01
14 4.646776003929143e-01
15 4.646776003929139e-01
16 4.646776003929148e-01
17 4.646776003929142e-01
18 4.646776003929138e-01
19 4.646776003929141e-01
20 4.646776003929136e-01
21 4.646776003929141e-01
22 4.668632935086643e-01
23 4.668632935086641e-01
24 4.668632935086636e-01
25 4.668632935086632e-01
26 4.668632935086638e-01
27 4.668632935086628e-01
28 4.668632935086637e-01
29 4.668632935086641e-01
30 4.668632935086633e-01
31 4.668632935086641e-01
32 4.668632935086626e-01
33 4.668632935086630e-01
34 4.668632935086630e-01
35 4.668632935086632e-01
36 4.668632935086630e-01
37 4.668632935086627e-01
38 4.668632935086632e-01
39 4.668632935086630e-01
40 4.668632935086615e-01
41 4.668632935086627e-01
42 4.668632935086623e-01
43 4.668632935086611e-01
44 4.668632935086616e-01
45 4.668632935086620e-01
46 4.814183724229544e-01
47 4.814183724229544e-01
48 4.814183724229543e-01
49 4.814183724229540e-01
50 4.814183724229537e-01
51 4.814183724229537e-01
52 4.814183724229540e-01
53 4.814183724229537e-01
54 4.814183724229529e-01
55 4.814183724229523e-01
56 4.814183724229526e-01
57 4.814183724229532e-01
58 4.814183724229536e-01
59 4.814183724229535e-01
60 4.814183724229533e-01
61 4.814183724229534e-01
62 4.814183724229552e-01
63 4.814183724229558e-01
64 4.814183724229552e-01
65 4.814183724229552e-01
66 4.814183724229551e-01
67 4.814183724229545e-01
68 4.814183724229540e-01
69 4.814183724229538e-01
70 4.814183724229555e-01
71 4.814183724229548e-01
72 4.814183724229556e-01
73 4.814183724229543e-01
74 4.814183724229543e-01
75 4.814183724229544e-01
76 4.814183724229543e-01
77 4.814183724229533e-01
78 4.814183724229515e-01
79 4.814183724229532e-01
80 4.814183724229552e-01
81 4.814183724229551e-01
82 4.814183724229524e-01
83 4.814183724229533e-01
84 4.814183724229517e-01
85 4.814183724229537e-01
86 4.814183724229547e-01
87 4.814183724229532e-01
88 4.814183724229520e-01
89 4.814183724229538e-01
90 4.814183724229539e-01
91 4.814183724229513e-01
92 4.814183724229519e-01
93 4.814183724229503e-01
94 4.765855479323939e-01
95 4.765855479323940e-01
96 4.765855479323939e-01
97 4.765855479323944e-01
98 4.765855479323942e-01
99 4.765855479323943e-01
100 4.765855479323946e-01
101 4.765855479323940e-01
102 4.765855479323938e-01
103 4.765855479323939e-01
104 4.765855479323942e-01
105 4.765855479323942e-01
106 4.765855479323938e-01
107 4.765855479323934e-01
108 4.765855479323933e-01
109 4.765855479323934e-01
110 4.765855479323934e-01
111 4.765855479323939e-01
112 4.765855479323935e-01
113 4.765855479323938e-01
114 4.765855479323933e-01
115 4.765855479323935e-01
116 4.765855479323934e-01
117 4.765855479323933e-01
118 4.765855479323928e-01
119 4.765855479323934e-01
120 4.765855479323935e-01
121 4.765855479323932e-01
122 4.765855479323930e-01
123 4.765855479323929e-01
124 4.765855479323937e-01
125 4.765855479323935e-01
126 4.765855479323938e-01
127 4.765855479323943e-01
128 4.765855479323948e-01
129 4.765855479323944e-01
130 4.765855479323944e-01
131 4.765855479323944e-01
132 4.765855479323953e-01
133 4.765855479323962e-01
134 4.765855479323938e-01
135 4.765855479323939e-01
136 4.765855479323936e-01
137 4.765855479323938e-01
138 4.765855479323940e-01
139 4.765855479323935e-01
140 4.765855479323933e-01
141 4.765855479323943e-01
142 4.765855479323936e-01
143 4.765855479323942e-01
144 4.765855479323938e-01
145 4.765855479323937e-01
146 4.765855479323930e-01
147 4.765855479323930e-01
148 4.765855479323935e-01
149 4.765855479323932e-01
150 4.765855479323941e-01
151 4.765855479323937e-01
152 4.765855479323935e-01
153 4.765855479323943e-01
154 4.765855479323952e-01
155 4.765855479323923e-01
156 4.765855479323956e-01
157 4.765855479323940e-01
158 4.765855479323933e-01
159 4.765855479323947e-01
160 4.765855479323940e-01
161 4.765855479323946e-01
162 4.765855479323949e-01
163 4.765855479323947e-01
164 4.765855479323949e-01
165 4.765855479323940e-01
166 4.765855479323924e-01
167 4.765855479323947e-01
168 4.765855479323931e-01
169 4.765855479323948e-01
170 4.765855479323926e-01
171 4.765855479323946e-01
172 4.765855479323929e-01
173 4.765855479323945e-01
174 4.765855479323926e-01
175 4.765855479323930e-01
176 4.765855479323940e-01
177 4.765855479323975e-01
178 4.765855479323928e-01
179 4.765855479323948e-01
180 4.765855479323984e-01
181 4.765855479323975e-01
182 4.765855479323886e-01
183 4.765855479323917e-01
184 4.765855479323933e-01
185 4.765855479323945e-01
186 4.765855479323942e-01
187 4.765855479323936e-01
188 4.765855479323928e-01
189 4.765855479323938e-01
190 5.090804076203707e-01
191 5.090804076203699e-01
192 5.090804076203702e-01
193 5.090804076203701e-01
194 5.090804076203699e-01
195 5.090804076203703e-01
196 5.090804076203702e-01
197 5.090804076203704e-01
198 5.090804076203705e-01
199 5.090804076203701e-01
200 5.090804076203705e-01
201 5.090804076203703e-01
202 5.090804076203701e-01
203 5.090804076203709e-01
204 5.090804076203703e-01
205 5.090804076203708e-01
206 5.090804076203701e-01
207 5.090804076203703e-01
208 5.090804076203705e-01
209 5.090804076203700e-01
210 5.090804076203690e-01
211 5.090804076203712e-01
212 5.090804076203700e-01
213 5.090804076203705e-01
214 5.090804076203710e-01
215 5.090804076203708e-01
216 5.090804076203710e-01
217 5.090804076203714e-01
218 5.090804076203703e-01
219 5.090804076203705e-01
220 5.090804076203697e-01
221 5.090804076203708e-01
222 5.090804076203730e-01
223 5.090804076203692e-01
224 5.090804076203710e-01
225 5.090804076203711e-01
226 5.090804076203702e-01
227 5.090804076203711e-01
228 5.090804076203712e-01
229 5.090804076203707e-01
230 5.090804076203701e-01
231 5.090804076203709e-01
232 5.090804076203710e-01
233 5.090804076203701e-01
234 5.090804076203710e-01
235 5.090804076203705e-01
236 5.090804076203701e-01
237 5.090804076203714e-01
238 5.090804076203705e-01
239 5.090804076203702e-01
240 5.090804076203703e-01
241 5.090804076203705e-01
242 5.090804076203710e-01
243 5.090804076203697e-01
244 5.090804076203702e-01
245 5.090804076203707e-01
246 5.090804076203700e-01
247 5.090804076203708e-01
248 5.090804076203703e-01
249 5.090804076203705e-01
250 5.090804076203699e-01
251 5.090804076203708e-01
252 5.090804076203701e-01
253 5.090804076203707e-01
254 5.090804076203705e-01
255 5.090804076203705e-01
256 5.090804076203710e-01
257 5.090804076203699e-01
258 5.090804076203699e-01
259 5.090804076203713e-01
260 5.090804076203695e-01
261 5.090804076203710e-01
262 5.090804076203701e-01
263 5.090804076203714e-01
264 5.090804076203708e-01
265 5.090804076203709e-01
266 5.090804076203715e-01
267 5.090804076203701e-01
268 5.090804076203707e-01
269 5.090804076203697e-01
270 5.090804076203694e-01
271 5.090804076203710e-01
272 5.090804076203701e-01
273 5.090804076203707e-01
274 5.090804076203705e-01
275 5.090804076203699e-01
276 5.090804076203694e-01
277 5.090804076203711e-01
278 5.090804076203713e-01
279 5.090804076203710e-01
280 5.090804076203702e-01
281 5.090804076203708e-01
282 5.090804076203715e-01
283 5.090804076203692e-01
284 5.090804076203692e-01
285 5.090804076203702e-01
286 5.090804076203712e-01
287 5.090804076203704e-01
288 5.090804076203688e-01
289 5.090804076203732e-01
290 5.090804076203713e-01
291 5.090804076203708e-01
292 5.090804076203665e-01
293 5.090804076203752e-01
294 5.090804076203718e-01
295 5.090804076203699e-01
296 5.090804076203711e-01
297 5.090804076203700e-01
298 5.090804076203702e-01
299 5.090804076203694e-01
300 5.090804076203711e-01
301 5.090804076203697e-01
302 5.090804076203679e-01
303 5.090804076203722e-01
304 5.090804076203699e-01
305 5.090804076203708e-01
306 5.090804076203712e-01
307 5.090804076203703e-01
308 5.090804076203693e-01
309 5.090804076203711e-01
310 5.090804076203709e-01
311 5.090804076203697e-01
312 5.090804076203771e-01
313 5.090804076203643e-01
314 5.090804076203597e-01
315 5.090804076203819e-01
316 5.090804076203712e-01
317 5.090804076203703e-01
318 5.090804076203728e-01
319 5.090804076203713e-01
320 5.090804076203717e-01
321 5.090804076203701e-01
322 5.090804076203695e-01
323 5.090804076203690e-01
324 5.090804076203823e-01
325 5.090804076203566e-01
326 5.090804076203684e-01
327 5.090804076203715e-01
328 5.090804076203771e-01
329 5.090804076203648e-01
330 5.090804076203692e-01
331 5.090804076203715e-01
332 5.090804076203673e-01
333 5.090804076203737e-01
334 5.090804076203760e-01
335 5.090804076203655e-01
336 5.090804076203772e-01
337 5.090804076203610e-01
338 5.090804076203778e-01
339 5.090804076203670e-01
340 5.090804076203641e-01
341 5.090804076203758e-01
342 5.090804076203678e-01
343 5.090804076203724e-01
344 5.090804076203737e-01
345 5.090804076203673e-01
346 5.090804076203705e-01
347 5.090804076203682e-01
348 5.090804076203651e-01
349 5.090804076203729e-01
350 5.090804076203694e-01
351 5.090804076203723e-01
352 5.090804076203755e-01
353 5.090804076203682e-01
354 5.090804076203674e-01
355 5.090804076203749e-01
356 5.090804076203701e-01
357 5.090804076203747e-01
358 5.090804076203768e-01
359 5.090804076203667e-01
360 5.090804076203660e-01
361 5.090804076203751e-01
362 5.090804076203703e-01
363 5.090804076203721e-01
364 5.090804076203698e-01
365 5.090804076203724e-01
366 5.090804076203702e-01
367 5.090804076203644e-01
368 5.090804076203741e-01
369 5.090804076203670e-01
370 5.090804076203681e-01
371 5.090804076203717e-01
372 5.090804076203682e-01
373 5.090804076203715e-01
374 5.090804076203700e-01
375 5.090804076203697e-01
376 5.090804076203700e-01
377 5.090804076203710e-01
378 5.090804076203717e-01
379 5.090804076203708e-01
380 5.090804076203740e-01
381 5.090804076203701e-01


#a = 3.000000
1 4.642480151820840e-01
2 4.642480151820841e-01
3 4.642480151820848e-01
4 4.648333018590111e-01
5 4.648333018590107e-01
6 4.648333018590106e-01
7 4.648333018590101e-01
8 4.648333018590106e-01
9 4.648333018590115e-01
10 4.695667447956767e-01
11 4.695667447956766e-01
12 4.695667447956763e-01
13 4.695667447956760e-01
14 4.695667447956773e-01
15 4.695667447956776e-01
16 4.695667447956770e-01
17 4.695667447956767e-01
18 4.695667447956775e-01
19 4.695667447956776e-01
20 4.695667447956779e-01
21 4.695667447956774e-01
22 4.685626686289829e-01
23 4.685626686289834e-01
24 4.685626686289830e-01
25 4.685626686289837e-01
26 4.685626686289838e-01
27 4.685626686289835e-01
28 4.685626686289849e-01
29 4.685626686289847e-01
30 4.685626686289853e-01
31 4.685626686289848e-01
32 4.685626686289837e-01
33 4.685626686289843e-01
34 4.685626686289834e-01
35 4.685626686289839e-01
36 4.685626686289838e-01
37 4.685626686289830e-01
38 4.685626686289867e-01
39 4.685626686289855e-01
40 4.685626686289861e-01
41 4.685626686289855e-01
42 4.685626686289842e-01
43 4.685626686289843e-01
44 4.685626686289838e-01
45 4.685626686289839e-01
46 4.784473895319525e-01
47 4.784473895319526e-01
48 4.784473895319525e-01
49 4.784473895319528e-01
50 4.784473895319532e-01
51 4.784473895319531e-01
52 4.784473895319537e-01
53 4.784473895319530e-01
54 4.784473895319535e-01
55 4.784473895319535e-01
56 4.784473895319538e-01
57 4.784473895319540e-01
58 4.784473895319541e-01
59 4.784473895319543e-01
60 4.784473895319541e-01
61 4.784473895319549e-01
62 4.784473895319524e-01
63 4.784473895319522e-01
64 4.784473895319526e-01
65 4.784473895319525e-01
66 4.784473895319512e-01
67 4.784473895319513e-01
68 4.784473895319524e-01
69 4.784473895319521e-01
70 4.784473895319528e-01
71 4.784473895319529e-01
72 4.784473895319541e-01
73 4.784473895319523e-01
74 4.784473895319525e-01
75 4.784473895319514e-01
76 4.784473895319542e-01
77 4.784473895319524e-01
78 4.784473895319531e-01
79 4.784473895319540e-01
80 4.784473895319518e-01
81 4.784473895319528e-01
82 4.784473895319517e-01
83 4.784473895319524e-01
84 4.784473895319516e-01
85 4.784473895319529e-01
86 4.784473895319548e-01
87 4.784473895319541e-01
88 4.784473895319547e-01
89 4.784473895319534e-01
90 4.784473895319525e-01
91 4.784473895319529e-01
92 4.784473895319528e-01
93 4.784473895319532e-01
94 4.871622133097123e-01
95 4.871622133097121e-01
96 4.871622133097126e-01
97 4.871622133097123e-01
98 4.871622133097122e-01
99 4.871622133097123e-01
100 4.871622133097122e-01
101 4.871622133097125e-01
102 4.871622133097128e-01
103 4.871622133097127e-01
104 4.871622133097128e-01
105 4.871622133097127e-01
106 4.871622133097128e-01
107 4.871622133097127e-01
108 4.871622133097130e-01
109 4.871622133097126e-01
110 4.871622133097118e-01
111 4.871622133097118e-01
112 4.871622133097114e-01
113 4.871622133097119e-01
114 4.871622133097127e-01
115 4.871622133097123e-01
116 4.871622133097127e-01
117 4.871622133097130e-01
118 4.871622133097120e-01
119 4.871622133097125e-01
120 4.871622133097119e-01
121 4.871622133097122e-01
122 4.871622133097130e-01
123 4.871622133097136e-01
124 4.871622133097130e-01
125 4.871622133097132e-01
126 4.871622133097118e-01
127 4.871622133097124e-01
128 4.871622133097128e-01
129 4.871622133097129e-01
130 4.871622133097118e-01
131 4.871622133097130e-01
132 4.871622133097118e-01
133 4.871622133097128e-01
134 4.871622133097117e-01
135 4.871622133097119e-01
136 4.871622133097125e-01
137 4.871622133097132e-01
138 4.871622133097135e-01
139 4.871622133097132e-01
140 4.871622133097122e-01
141 4.871622133097134e-01
142 4.871622133097129e-01
143 4.871622133097126e-01
144 4.871622133097125e-01
145 4.871622133097124e-01
146 4.871622133097082e-01
147 4.871622133097133e-01
148 4.871622133097132e-01
149 4.871622133097118e-01
150 4.871622133097119e-01
151 4.871622133097139e-01
152 4.871622133097139e-01
153 4.871622133097122e-01
154 4.871622133097135e-01
155 4.871622133097089e-01
156 4.871622133097124e-01
157 4.871622133097137e-01
158 4.871622133097122e-01
159 4.871622133097117e-01
160 4.871622133097113e-01
161 4.871622133097122e-01
162 4.871622133097115e-01
163 4.871622133097158e-01
164 4.871622133097123e-01
165 4.871622133097131e-01
166 4.871622133097109e-01
167 4.871622133097112e-01
168 4.871622133097136e-01
169 4.871622133097067e-01
170 4.871622133097113e-01
171 4.871622133097118e-01
172 4.871622133097115e-01
173 4.871622133097107e-01
174 4.871622133097110e-01
175 4.871622133097117e-01
176 4.871622133097115e-01
177 4.871622133097127e-01
178 4.871622133097165e-01
179 4.871622133097052e-01
180 4.871622133097201e-01
181 4.871622133097051e-01
182 4.871622133097222e-01
183 4.871622133097026e-01
184 4.871622133097090e-01
185 4.871622133097148e-01
186 4.871622133097119e-01
187 4.871622133097134e-01
188 4.871622133097148e-01
189 4.871622133097080e-01
190 4.086235732063621e-01
191 4.086235732063594e-01
192 4.086235732063604e-01
193 4.086235732063609e-01
194 4.086235732063611e-01
195 4.086235732063602e-01
196 4.086235732063601e-01
197 4.086235732063610e-01
198 4.086235732063609e-01
199 4.086235732063606e-01
200 4.086235732063611e-01
201 4.086235732063600e-01
202 4.086235732063609e-01
203 4.086235732063600e-01
204 4.086235732063606e-01
205 4.086235732063603e-01
206 4.086235732063612e-01
207 4.086235732063606e-01
208 4.086235732063614e-01
209 4.086235732063597e-01
210 4.086235732063594e-01
211 4.086235732063613e-01
212 4.086235732063613e-01
213 4.086235732063602e-01
214 4.086235732063601e-01
215 4.086235732063616e-01
216 4.086235732063592e-01
217 4.086235732063618e-01
218 4.086235732063605e-01
219 4.086235732063606e-01
220 4.086235732063602e-01
221 4.086235732063606e-01
222 4.086235732063610e-01
223 4.086235732063604e-01
224 4.086235732063606e-01
225 4.086235732063610e-01
226 4.086235732063609e-01
227 4.086235732063599e-01
228 4.086235732063603e-01
229 4.086235732063607e-01
230 4.086235732063671e-01
231 4.086235732063552e-01
232 4.086235732063608e-01
233 4.086235732063612e-01
234 4.086235732063602e-01
235 4.086235732063613e-01
236 4.086235732063603e-01
237 4.086235732063609e-01
238 4.086235732063654e-01
239 4.086235732063553e-01
240 4.086235732063572e-01
241 4.086235732063628e-01
242 4.086235732063610e-01
243 4.086235732063597e-01
244 4.086235732063602e-01
245 4.086235732063612e-01
246 4.086235732063634e-01
247 4.086235732063578e-01
248 4.086235732063608e-01
249 4.086235732063594e-01
250 4.086235732063608e-01
251 4.086235732063604e-01
252 4.086235732063610e-01
253 4.086235732063594e-01
254 4.086235732063462e-01
255 4.086235732063741e-01
256 4.086235732063628e-01
257 4.086235732063577e-01
258 4.086235732063593e-01
259 4.086235732063616e-01
260 4.086235732063612e-01
261 4.086235732063590e-01
262 4.086235732063612e-01
263 4.086235732063606e-01
264 4.086235732063623e-01
265 4.086235732063601e-01
266 4.086235732063631e-01
267 4.086235732063581e-01
268 4.086235732063611e-01
269 4.086235732063592e-01
270 4.086235732063596e-01
271 4.086235732063624e-01
272 4.086235732063616e-01
273 4.086235732063591e-01
274 4.086235732063593e-01
275 4.086235732063621e-01
276 4.086235732063566e-01
277 4.086235732063642e-01
278 4.086235732063591e-01
279 4.086235732063624e-01
280 4.086235732063592e-01
281 4.086235732063623e-01
282 4.086235732063659e-01
283 4.086235732063572e-01
284 4.086235732063605e-01
285 4.086235732063594e-01
286 4.086235732063573e-01
287 4.086235732063614e-01
288 4.086235732063556e-01
289 4.086235732063647e-01
290 4.086235732063577e-01
291 4.086235732063613e-01
292 4.086235732063563e-01
293 4.086235732063642e-01
294 4.086235732063588e-01
295 4.086235732063708e-01
296 4.086235732063737e-01
297 4.086235732063485e-01
298 4.086235732063384e-01
299 4.086235732063852e-01
300 4.086235732063591e-01
301 4.086235732063658e-01
302 4.086235732063609e-01
303 4.086235732063621e-01
304 4.086235732063648e-01
305 4.086235732063532e-01
306 4.086235732063533e-01
307 4.086235732063729e-01
308 4.086235732063586e-01
309 4.086235732063666e-01
310 4.086235732063767e-01
311 4.086235732063402e-01
312 4.086235732063734e-01
313 4.086235732063507e-01
314 4.086235732063599e-01
315 4.086235732063640e-01
316 4.086235732063603e-01
317 4.086235732063615e-01
318 4.086235732063612e-01
319 4.086235732063608e-01
320 4.086235732063501e-01
321 4.086235732063714e-01
322 4.086235732063507e-01
323 4.086235732063691e-01
324 4.086235732063802e-01
325 4.086235732063356e-01
326 4.086235732063678e-01
327 4.086235732063586e-01
328 4.086235732063801e-01
329 4.086235732063415e-01
330 4.086235732063629e-01
331 4.086235732063539e-01
332 4.086235732063470e-01
333 4.086235732063702e-01
334 4.086235732063751e-01
335 4.086235732063541e-01
336 4.086235732063477e-01
337 4.086235732063764e-01
338 4.086235732063558e-01
339 4.086235732063496e-01
340 4.086235732062944e-01
341 4.086235732064146e-01
342 4.086235732063572e-01
343 4.086235732063645e-01
344 4.086235732063655e-01
345 4.086235732063543e-01
346 4.086235732063730e-01
347 4.086235732063509e-01
348 4.086235732063677e-01
349 4.086235732063455e-01
350 4.086235732063589e-01
351 4.086235732063663e-01
352 4.086235732063604e-01
353 4.086235732063613e-01
354 4.086235732063643e-01
355 4.086235732063626e-01
356 4.086235732063517e-01
357 4.086235732063705e-01
358 4.086235732063750e-01
359 4.086235732063396e-01
360 4.086235732063491e-01
361 4.086235732063799e-01
362 4.086235732063123e-01
363 4.086235732063963e-01
364 4.086235732064136e-01
365 4.086235732062930e-01
366 4.086235732063125e-01
367 4.086235732063924e-01
368 4.086235732064020e-01
369 4.086235732063264e-01
370 4.086235732063517e-01
371 4.086235732063696e-01
372 4.086235732063774e-01
373 4.086235732063336e-01
374 4.086235732063686e-01
375 4.086235732063491e-01
376 4.086235732063592e-01
377 4.086235732063585e-01
378 4.086235732063568e-01
379 4.086235732063587e-01
380 4.086235732063421e-01
381 4.086235732063753e-01


#a = 4.000000
1 4.654817257605982e-01
2 4.654817257605980e-01
3 4.654817257605974e-01
4 4.686232665505083e-01
5 4.686232665505088e-01
6 4.686232665505089e-01
7 4.686232665505103e-01
8 4.686232665505066e-01
9 4.686232665505082e-01
10 4.705630971772961e-01
11 4.705630971772963e-01
12 4.705630971772965e-01
13 4.705630971772968e-01
14 4.705630971772965e-01
15 4.705630971772958e-01
16 4.705630971772974e-01
17 4.705630971772966e-01
18 4.705630971772984e-01
19 4.705630971772975e-01
20 4.705630971772991e-01
21 4.705630971772992e-01
22 4.725513646547554e-01
23 4.725513646547561e-01
24 4.725513646547577e-01
25 4.725513646547573e-01
26 4.725513646547574e-01
27 4.725513646547572e-01
28 4.725513646547564e-01
29 4.725513646547560e-01
30 4.725513646547551e-01
31 4.725513646547545e-01
32 4.725513646547562e-01
33 4.725513646547558e-01
34 4.725513646547557e-01
35 4.725513646547558e-01
36 4.725513646547561e-01
37 4.725513646547567e-01
38 4.725513646547567e-01
39 4.725513646547569e-01
40 4.725513646547557e-01
41 4.725513646547580e-01
42 4.725513646547596e-01
43 4.725513646547607e-01
44 4.725513646547586e-01
45 4.725513646547596e-01
46 4.783808747178252e-01
47 4.783808747178245e-01
48 4.783808747178246e-01
49 4.783808747178243e-01
50 4.783808747178250e-01
51 4.783808747178238e-01
52 4.783808747178253e-01
53 4.783808747178241e-01
54 4.783808747178240e-01
55 4.783808747178242e-01
56 4.783808747178221e-01
57 4.783808747178233e-01
58 4.783808747178236e-01
59 4.783808747178228e-01
60 4.783808747178226e-01
61 4.783808747178223e-01
62 4.783808747178254e-01
63 4.783808747178248e-01
64 4.783808747178256e-01
65 4.783808747178249e-01
66 4.783808747178252e-01
67 4.783808747178239e-01
68 4.783808747178239e-01
69 4.783808747178250e-01
70 4.783808747178246e-01
71 4.783808747178243e-01
72 4.783808747178239e-01
73 4.783808747178231e-01
74 4.783808747178247e-01
75 4.783808747178258e-01
76 4.783808747178241e-01
77 4.783808747178233e-01
78 4.783808747178250e-01
79 4.783808747178248e-01
80 4.783808747178233e-01
81 4.783808747178228e-01
82 4.783808747178217e-01
83 4.783808747178288e-01
84 4.783808747178261e-01
85 4.783808747178252e-01
86 4.783808747178242e-01
87 4.783808747178239e-01
88 4.783808747178204e-01
89 4.783808747178271e-01
90 4.783808747178271e-01
91 4.783808747178263e-01
92 4.783808747178249e-01
93 4.783808747178261e-01
94 4.698084439920557e-01
95 4.698084439920561e-01
96 4.698084439920555e-01
97 4.698084439920563e-01
98 4.698084439920573e-01
99 4.698084439920569e-01
100 4.698084439920570e-01
101 4.698084439920573e-01
102 4.698084439920580e-01
103 4.698084439920581e-01
104 4.698084439920578e-01
105 4.698084439920581e-01
106 4.698084439920575e-01
107 4.698084439920576e-01
108 4.698084439920579e-01
109 4.698084439920575e-01
110 4.698084439920570e-01
111 4.698084439920565e-01
112 4.698084439920576e-01
113 4.698084439920576e-01
114 4.698084439920578e-01
115 4.698084439920582e-01
116 4.698084439920573e-01
117 4.698084439920575e-01
118 4.698084439920570e-01
119 4.698084439920577e-01
120 4.698084439920578e-01
121 4.698084439920576e-01
122 4.698084439920571e-01
123 4.698084439920572e-01
124 4.698084439920577e-01
125 4.698084439920568e-01
126 4.698084439920571e-01
127 4.698084439920574e-01
128 4.698084439920576e-01
129 4.698084439920566e-01
130 4.698084439920570e-01
131 4.698084439920565e-01
132 4.698084439920565e-01
133 4.698084439920576e-01
134 4.698084439920568e-01
135 4.698084439920573e-01
136 4.698084439920583e-01
137 4.698084439920560e-01
138 4.698084439920568e-01
139 4.698084439920583e-01
140 4.698084439920560e-01
141 4.698084439920563e-01
142 4.698084439920561e-01
143 4.698084439920574e-01
144 4.698084439920568e-01
145 4.698084439920562e-01
146 4.698084439920566e-01
147 4.698084439920546e-01
148 4.698084439920583e-01
149 4.698084439920550e-01
150 4.698084439920581e-01
151 4.698084439920600e-01
152 4.698084439920556e-01
153 4.698084439920534e-01
154 4.698084439920495e-01
155 4.698084439920648e-01
156 4.698084439920576e-01
157 4.698084439920557e-01
158 4.698084439920576e-01
159 4.698084439920566e-01
160 4.698084439920592e-01
161 4.698084439920547e-01
162 4.698084439920599e-01
163 4.698084439920554e-01
164 4.698084439920660e-01
165 4.698084439920483e-01
166 4.698084439920606e-01
167 4.698084439920604e-01
168 4.698084439920621e-01
169 4.698084439920529e-01
170 4.698084439920576e-01
171 4.698084439920580e-01
172 4.698084439920581e-01
173 4.698084439920567e-01
174 4.698084439920564e-01
175 4.698084439920571e-01
176 4.698084439920569e-01
177 4.698084439920547e-01
178 4.698084439920532e-01
179 4.698084439920625e-01
180 4.698084439920580e-01
181 4.698084439920514e-01
182 4.698084439920695e-01
183 4.698084439920502e-01
184 4.698084439920654e-01
185 4.698084439920479e-01
186 4.698084439920511e-01
187 4.698084439920609e-01
188 4.698084439920566e-01
189 4.698084439920576e-01
190 3.090353563485938e-01
191 3.090353563486072e-01
192 3.090353563486006e-01
193 3.090353563486032e-01
194 3.090353563486023e-01
195 3.090353563486004e-01
196 3.090353563486032e-01
197 3.090353563486007e-01
198 3.090353563486002e-01
199 3.090353563486024e-01
200 3.090353563486050e-01
201 3.090353563485962e-01
202 3.090353563486038e-01
203 3.090353563486002e-01
204 3.090353563485986e-01
205 3.090353563486041e-01
206 3.090353563485958e-01
207 3.090353563486043e-01
208 3.090353563486021e-01
209 3.090353563486018e-01
210 3.090353563486052e-01
211 3.090353563485987e-01
212 3.090353563486062e-01
213 3.090353563485988e-01
214 3.090353563486107e-01
215 3.090353563485945e-01
216 3.090353563485981e-01
217 3.090353563486052e-01
218 3.090353563485981e-01
219 3.090353563486048e-01
220 3.090353563486025e-01
221 3.090353563486015e-01
222 3.090353563486061e-01
223 3.090353563485991e-01
224 3.090353563485984e-01
225 3.090353563486050e-01
226 3.090353563486058e-01
227 3.090353563485974e-01
228 3.090353563485956e-01
229 3.090353563486075e-01
230 3.090353563486015e-01
231 3.090353563486037e-01
232 3.090353563485997e-01
233 3.090353563486049e-01
234 3.090353563486022e-01
235 3.090353563486006e-01
236 3.090353563486005e-01
237 3.090353563486010e-01
238 3.090353563485987e-01
239 3.090353563486064e-01
240 3.090353563485994e-01
241 3.090353563486059e-01
242 3.090353563486022e-01
243 3.090353563486038e-01
244 3.090353563486026e-01
245 3.090353563486041e-01
246 3.090353563486007e-01
247 3.090353563486020e-01
248 3.090353563486094e-01
249 3.090353563485930e-01
250 3.090353563485901e-01
251 3.090353563486096e-01
252 3.090353563486030e-01
253 3.090353563485994e-01
254 3.090353563485992e-01
255 3.090353563486011e-01
256 3.090353563486009e-01
257 3.090353563486006e-01
258 3.090353563485885e-01
259 3.090353563486125e-01
260 3.090353563486091e-01
261 3.090353563485957e-01
262 3.090353563486038e-01
263 3.090353563485959e-01
264 3.090353563485880e-01
265 3.090353563486152e-01
266 3.090353563486123e-01
267 3.090353563485865e-01
268 3.090353563486042e-01
269 3.090353563485996e-01
270 3.090353563485816e-01
271 3.090353563486122e-01
272 3.090353563485951e-01
273 3.090353563485982e-01
274 3.090353563486372e-01
275 3.090353563485662e-01
276 3.090353563486097e-01
277 3.090353563485988e-01
278 3.090353563486090e-01
279 3.090353563485914e-01
280 3.090353563485956e-01
281 3.090353563486032e-01
282 3.090353563486206e-01
283 3.090353563485874e-01
284 3.090353563485845e-01
285 3.090353563486211e-01
286 3.090353563485986e-01
287 3.090353563486113e-01
288 3.090353563485881e-01
289 3.090353563486191e-01
290 3.090353563486316e-01
291 3.090353563485746e-01
292 3.090353563486054e-01
293 3.090353563485978e-01
294 3.090353563486166e-01
295 3.090353563485864e-01
296 3.090353563486284e-01
297 3.090353563485736e-01
298 3.090353563486387e-01
299 3.090353563485648e-01
300 3.090353563486439e-01
301 3.090353563485669e-01
302 3.090353563486110e-01
303 3.090353563486042e-01
304 3.090353563485630e-01
305 3.090353563486162e-01
306 3.090353563485990e-01
307 3.090353563486102e-01
308 3.090353563485698e-01
309 3.090353563486392e-01
310 3.090353563485561e-01
311 3.090353563486810e-01
312 3.090353563486186e-01
313 3.090353563485633e-01
314 3.090353563486193e-01
315 3.090353563485801e-01
316 3.090353563485976e-01
317 3.090353563486109e-01
318 3.090353563486327e-01
319 3.090353563485749e-01
320 3.090353563485702e-01
321 3.090353563486363e-01
322 3.090353563486630e-01
323 3.090353563485324e-01
324 3.090353563486586e-01
325 3.090353563485491e-01
326 3.090353563486233e-01
327 3.090353563485631e-01
328 3.090353563486091e-01
329 3.090353563486006e-01
330 3.090353563485196e-01
331 3.090353563486569e-01
332 3.090353563486472e-01
333 3.090353563485876e-01
334 3.090353563486097e-01
335 3.090353563486181e-01
336 3.090353563486248e-01
337 3.090353563486128e-01
338 3.090353563487426e-01
339 3.090353563484188e-01
340 3.090353563483803e-01
341 3.090353563488279e-01
342 3.090353563485828e-01
343 3.090353563486173e-01
344 3.090353563485886e-01
345 3.090353563486083e-01
346 3.090353563486305e-01
347 3.090353563485674e-01
348 3.090353563486267e-01
349 3.090353563485891e-01
350 3.090353563485786e-01
351 3.090353563486282e-01
352 3.090353563486135e-01
353 3.090353563485971e-01
354 3.090353563486288e-01
355 3.090353563485768e-01
356 3.090353563486163e-01
357 3.090353563485971e-01
358 3.090353563486343e-01
359 3.090353563486104e-01
360 3.090353563486111e-01
361 3.090353563485880e-01
362 3.090353563484584e-01
363 3.090353563487016e-01
364 3.090353563485254e-01
365 3.090353563486244e-01
366 3.090353563483934e-01
367 3.090353563487643e-01
368 3.090353563485191e-01
369 3.090353563487518e-01
370 3.090353563486559e-01
371 3.090353563485440e-01
372 3.090353563485996e-01
373 3.090353563486555e-01
374 3.090353563485908e-01
375 3.090353563486348e-01
376 3.090353563486263e-01
377 3.090353563485573e-01
378 3.090353563485866e-01
379 3.090353563486031e-01
380 3.090353563485840e-01
381 3.090353563486102e-01


