## Parameters ##
# z = 3
# m = 8
# t = 1.000000000000000e+00
# mu = 1.000000000000000e-10
# opt = sc
#
#
#a = 0.000000
1 5.132668689891661e-01
2 4.902223464123113e-01
3 5.281066317422335e-01
4 4.718863801284702e-01
5 5.486772705892236e-01
6 4.247556415376236e-01
7 6.300944694689674e-01


#a = 1.000000
1 5.110167035598274e-01
2 5.101628902429769e-01
3 5.155179688310587e-01
4 5.118658707662365e-01
5 5.235100982788924e-01
6 5.142200084906150e-01
7 5.699447911276625e-01


#a = 2.000000
1 5.125615295274503e-01
2 5.156435528030821e-01
3 5.179541955551917e-01
4 5.222726086803400e-01
5 5.259998772419648e-01
6 5.388038319313386e-01
7 5.232615109038826e-01


#a = 3.000000
1 5.147358228974467e-01
2 5.187651900325558e-01
3 5.224167586440434e-01
4 5.264206214953804e-01
5 5.318496829129893e-01
6 5.309975037186146e-01
7 4.975433738681952e-01


#a = 4.000000
1 5.167929274256409e-01
2 5.219850001244148e-01
3 5.258803019043329e-01
4 5.298916987815796e-01
5 5.311512226270887e-01
6 5.163883168874559e-01
7 4.846710933054779e-01


