## Parameters ##
# z = 3
# m = 8
# t = 1.000000000000000e+00
# mu = 1.000000000000000e+00
# opt = sc
#
#
#a = 0.000000
1 4.570576424596418e-01
2 5.156976995945947e-01
3 4.125899149575963e-01
4 5.175215776707045e-01
5 3.515282229223507e-01
6 4.843766507246579e-01
7 5.839484277994779e-01


#a = 1.000000
1 4.563315704139016e-01
2 4.795691000632752e-01
3 4.442767147218448e-01
4 4.783427216964402e-01
5 4.242560498601673e-01
6 4.765793644527699e-01
7 5.487279308864543e-01


#a = 2.000000
1 4.617801084162472e-01
2 4.638807365569450e-01
3 4.646776003929143e-01
4 4.668632935086643e-01
5 4.814183724229544e-01
6 4.765855479323939e-01
7 5.090804076203707e-01


#a = 3.000000
1 4.642480151820840e-01
2 4.648333018590111e-01
3 4.695667447956767e-01
4 4.685626686289829e-01
5 4.784473895319525e-01
6 4.871622133097123e-01
7 4.086235732063621e-01


#a = 4.000000
1 4.654817257605982e-01
2 4.686232665505083e-01
3 4.705630971772961e-01
4 4.725513646547554e-01
5 4.783808747178252e-01
6 4.698084439920557e-01
7 3.090353563485938e-01


