## Parameters ##
# z = 3
# m = 8
# t = 1.000000000000000e+00
# mu = 1.000000000000000e-10
# opt = sc
#
#
#a = 0.000000
1 5.132668689891661e-01
2 5.132668689891662e-01
3 5.132668689891650e-01
4 4.902223464123113e-01
5 4.902223464123109e-01
6 4.902223464123111e-01
7 4.902223464123119e-01
8 4.902223464123109e-01
9 4.902223464123106e-01
10 5.281066317422335e-01
11 5.281066317422343e-01
12 5.281066317422344e-01
13 5.281066317422344e-01
14 5.281066317422350e-01
15 5.281066317422352e-01
16 5.281066317422349e-01
17 5.281066317422347e-01
18 5.281066317422352e-01
19 5.281066317422348e-01
20 5.281066317422354e-01
21 5.281066317422354e-01
22 4.718863801284702e-01
23 4.718863801284704e-01
24 4.718863801284703e-01
25 4.718863801284703e-01
26 4.718863801284706e-01
27 4.718863801284701e-01
28 4.718863801284705e-01
29 4.718863801284706e-01
30 4.718863801284706e-01
31 4.718863801284707e-01
32 4.718863801284705e-01
33 4.718863801284701e-01
34 4.718863801284712e-01
35 4.718863801284706e-01
36 4.718863801284703e-01
37 4.718863801284703e-01
38 4.718863801284698e-01
39 4.718863801284701e-01
40 4.718863801284711e-01
41 4.718863801284705e-01
42 4.718863801284698e-01
43 4.718863801284700e-01
44 4.718863801284707e-01
45 4.718863801284702e-01
46 5.486772705892236e-01
47 5.486772705892232e-01
48 5.486772705892236e-01
49 5.486772705892231e-01
50 5.486772705892233e-01
51 5.486772705892233e-01
52 5.486772705892237e-01
53 5.486772705892239e-01
54 5.486772705892236e-01
55 5.486772705892232e-01
56 5.486772705892240e-01
57 5.486772705892236e-01
58 5.486772705892240e-01
59 5.486772705892240e-01
60 5.486772705892238e-01
61 5.486772705892239e-01
62 5.486772705892233e-01
63 5.486772705892236e-01
64 5.486772705892237e-01
65 5.486772705892236e-01
66 5.486772705892234e-01
67 5.486772705892237e-01
68 5.486772705892237e-01
69 5.486772705892236e-01
70 5.486772705892239e-01
71 5.486772705892239e-01
72 5.486772705892232e-01
73 5.486772705892233e-01
74 5.486772705892240e-01
75 5.486772705892242e-01
76 5.486772705892240e-01
77 5.486772705892234e-01
78 5.486772705892236e-01
79 5.486772705892240e-01
80 5.486772705892236e-01
81 5.486772705892240e-01
82 5.486772705892224e-01
83 5.486772705892227e-01
84 5.486772705892213e-01
85 5.486772705892230e-01
86 5.486772705892231e-01
87 5.486772705892231e-01
88 5.486772705892242e-01
89 5.486772705892224e-01
90 5.486772705892240e-01
91 5.486772705892237e-01
92 5.486772705892236e-01
93 5.486772705892237e-01
94 4.247556415376236e-01
95 4.247556415376236e-01
96 4.247556415376234e-01
97 4.247556415376236e-01
98 4.247556415376236e-01
99 4.247556415376234e-01
100 4.247556415376232e-01
101 4.247556415376235e-01
102 4.247556415376235e-01
103 4.247556415376236e-01
104 4.247556415376232e-01
105 4.247556415376232e-01
106 4.247556415376237e-01
107 4.247556415376237e-01
108 4.247556415376238e-01
109 4.247556415376239e-01
110 4.247556415376235e-01
111 4.247556415376235e-01
112 4.247556415376231e-01
113 4.247556415376232e-01
114 4.247556415376233e-01
115 4.247556415376234e-01
116 4.247556415376236e-01
117 4.247556415376230e-01
118 4.247556415376232e-01
119 4.247556415376230e-01
120 4.247556415376232e-01
121 4.247556415376233e-01
122 4.247556415376234e-01
123 4.247556415376235e-01
124 4.247556415376236e-01
125 4.247556415376231e-01
126 4.247556415376236e-01
127 4.247556415376235e-01
128 4.247556415376230e-01
129 4.247556415376231e-01
130 4.247556415376237e-01
131 4.247556415376236e-01
132 4.247556415376234e-01
133 4.247556415376234e-01
134 4.247556415376233e-01
135 4.247556415376234e-01
136 4.247556415376237e-01
137 4.247556415376237e-01
138 4.247556415376232e-01
139 4.247556415376232e-01
140 4.247556415376236e-01
141 4.247556415376236e-01
142 4.247556415376241e-01
143 4.247556415376240e-01
144 4.247556415376235e-01
145 4.247556415376236e-01
146 4.247556415376237e-01
147 4.247556415376239e-01
148 4.247556415376236e-01
149 4.247556415376233e-01
150 4.247556415376236e-01
151 4.247556415376236e-01
152 4.247556415376237e-01
153 4.247556415376235e-01
154 4.247556415376233e-01
155 4.247556415376236e-01
156 4.247556415376236e-01
157 4.247556415376235e-01
158 4.247556415376246e-01
159 4.247556415376249e-01
160 4.247556415376248e-01
161 4.247556415376243e-01
162 4.247556415376234e-01
163 4.247556415376244e-01
164 4.247556415376236e-01
165 4.247556415376240e-01
166 4.247556415376225e-01
167 4.247556415376224e-01
168 4.247556415376235e-01
169 4.247556415376232e-01
170 4.247556415376227e-01
171 4.247556415376229e-01
172 4.247556415376235e-01
173 4.247556415376225e-01
174 4.247556415376221e-01
175 4.247556415376225e-01
176 4.247556415376235e-01
177 4.247556415376224e-01
178 4.247556415376232e-01
179 4.247556415376234e-01
180 4.247556415376230e-01
181 4.247556415376235e-01
182 4.247556415376225e-01
183 4.247556415376236e-01
184 4.247556415376225e-01
185 4.247556415376223e-01
186 4.247556415376226e-01
187 4.247556415376224e-01
188 4.247556415376226e-01
189 4.247556415376225e-01
190 6.300944694689674e-01
191 6.300944694689676e-01
192 6.300944694689677e-01
193 6.300944694689673e-01
194 6.300944694689674e-01
195 6.300944694689674e-01
196 6.300944694689672e-01
197 6.300944694689672e-01
198 6.300944694689675e-01
199 6.300944694689674e-01
200 6.300944694689672e-01
201 6.300944694689676e-01
202 6.300944694689671e-01
203 6.300944694689674e-01
204 6.300944694689672e-01
205 6.300944694689669e-01
206 6.300944694689675e-01
207 6.300944694689673e-01
208 6.300944694689676e-01
209 6.300944694689674e-01
210 6.300944694689674e-01
211 6.300944694689674e-01
212 6.300944694689672e-01
213 6.300944694689670e-01
214 6.300944694689679e-01
215 6.300944694689674e-01
216 6.300944694689675e-01
217 6.300944694689676e-01
218 6.300944694689672e-01
219 6.300944694689675e-01
220 6.300944694689673e-01
221 6.300944694689672e-01
222 6.300944694689670e-01
223 6.300944694689671e-01
224 6.300944694689670e-01
225 6.300944694689669e-01
226 6.300944694689674e-01
227 6.300944694689673e-01
228 6.300944694689669e-01
229 6.300944694689674e-01
230 6.300944694689675e-01
231 6.300944694689671e-01
232 6.300944694689676e-01
233 6.300944694689672e-01
234 6.300944694689672e-01
235 6.300944694689675e-01
236 6.300944694689674e-01
237 6.300944694689665e-01
238 6.300944694689672e-01
239 6.300944694689674e-01
240 6.300944694689672e-01
241 6.300944694689672e-01
242 6.300944694689672e-01
243 6.300944694689675e-01
244 6.300944694689673e-01
245 6.300944694689674e-01
246 6.300944694689672e-01
247 6.300944694689679e-01
248 6.300944694689667e-01
249 6.300944694689672e-01
250 6.300944694689673e-01
251 6.300944694689675e-01
252 6.300944694689676e-01
253 6.300944694689673e-01
254 6.300944694689673e-01
255 6.300944694689672e-01
256 6.300944694689679e-01
257 6.300944694689679e-01
258 6.300944694689670e-01
259 6.300944694689674e-01
260 6.300944694689670e-01
261 6.300944694689674e-01
262 6.300944694689679e-01
263 6.300944694689676e-01
264 6.300944694689676e-01
265 6.300944694689674e-01
266 6.300944694689676e-01
267 6.300944694689670e-01
268 6.300944694689676e-01
269 6.300944694689670e-01
270 6.300944694689672e-01
271 6.300944694689672e-01
272 6.300944694689674e-01
273 6.300944694689676e-01
274 6.300944694689672e-01
275 6.300944694689672e-01
276 6.300944694689670e-01
277 6.300944694689670e-01
278 6.300944694689673e-01
279 6.300944694689676e-01
280 6.300944694689675e-01
281 6.300944694689676e-01
282 6.300944694689677e-01
283 6.300944694689676e-01
284 6.300944694689679e-01
285 6.300944694689673e-01
286 6.300944694689675e-01
287 6.300944694689679e-01
288 6.300944694689676e-01
289 6.300944694689676e-01
290 6.300944694689671e-01
291 6.300944694689674e-01
292 6.300944694689679e-01
293 6.300944694689675e-01
294 6.300944694689677e-01
295 6.300944694689675e-01
296 6.300944694689675e-01
297 6.300944694689669e-01
298 6.300944694689674e-01
299 6.300944694689683e-01
300 6.300944694689677e-01
301 6.300944694689679e-01
302 6.300944694689679e-01
303 6.300944694689674e-01
304 6.300944694689669e-01
305 6.300944694689674e-01
306 6.300944694689671e-01
307 6.300944694689674e-01
308 6.300944694689681e-01
309 6.300944694689677e-01
310 6.300944694689676e-01
311 6.300944694689676e-01
312 6.300944694689673e-01
313 6.300944694689676e-01
314 6.300944694689676e-01
315 6.300944694689672e-01
316 6.300944694689676e-01
317 6.300944694689675e-01
318 6.300944694689681e-01
319 6.300944694689667e-01
320 6.300944694689679e-01
321 6.300944694689675e-01
322 6.300944694689675e-01
323 6.300944694689674e-01
324 6.300944694689683e-01
325 6.300944694689663e-01
326 6.300944694689669e-01
327 6.300944694689669e-01
328 6.300944694689674e-01
329 6.300944694689675e-01
330 6.300944694689670e-01
331 6.300944694689663e-01
332 6.300944694689669e-01
333 6.300944694689676e-01
334 6.300944694689667e-01
335 6.300944694689673e-01
336 6.300944694689674e-01
337 6.300944694689672e-01
338 6.300944694689657e-01
339 6.300944694689661e-01
340 6.300944694689657e-01
341 6.300944694689655e-01
342 6.300944694689674e-01
343 6.300944694689663e-01
344 6.300944694689664e-01
345 6.300944694689677e-01
346 6.300944694689676e-01
347 6.300944694689682e-01
348 6.300944694689684e-01
349 6.300944694689674e-01
350 6.300944694689670e-01
351 6.300944694689696e-01
352 6.300944694689671e-01
353 6.300944694689676e-01
354 6.300944694689656e-01
355 6.300944694689679e-01
356 6.300944694689665e-01
357 6.300944694689665e-01
358 6.300944694689682e-01
359 6.300944694689673e-01
360 6.300944694689675e-01
361 6.300944694689675e-01
362 6.300944694689673e-01
363 6.300944694689680e-01
364 6.300944694689666e-01
365 6.300944694689672e-01
366 6.300944694689672e-01
367 6.300944694689674e-01
368 6.300944694689677e-01
369 6.300944694689673e-01
370 6.300944694689672e-01
371 6.300944694689673e-01
372 6.300944694689672e-01
373 6.300944694689675e-01
374 6.300944694689672e-01
375 6.300944694689669e-01
376 6.300944694689670e-01
377 6.300944694689672e-01
378 6.300944694689667e-01
379 6.300944694689663e-01
380 6.300944694689674e-01
381 6.300944694689673e-01


#a = 1.000000
1 5.110167035598274e-01
2 5.110167035598273e-01
3 5.110167035598279e-01
4 5.101628902429769e-01
5 5.101628902429769e-01
6 5.101628902429768e-01
7 5.101628902429778e-01
8 5.101628902429775e-01
9 5.101628902429765e-01
10 5.155179688310587e-01
11 5.155179688310595e-01
12 5.155179688310600e-01
13 5.155179688310597e-01
14 5.155179688310599e-01
15 5.155179688310605e-01
16 5.155179688310603e-01
17 5.155179688310615e-01
18 5.155179688310603e-01
19 5.155179688310596e-01
20 5.155179688310597e-01
21 5.155179688310605e-01
22 5.118658707662365e-01
23 5.118658707662365e-01
24 5.118658707662369e-01
25 5.118658707662371e-01
26 5.118658707662367e-01
27 5.118658707662371e-01
28 5.118658707662371e-01
29 5.118658707662378e-01
30 5.118658707662366e-01
31 5.118658707662368e-01
32 5.118658707662365e-01
33 5.118658707662370e-01
34 5.118658707662369e-01
35 5.118658707662368e-01
36 5.118658707662364e-01
37 5.118658707662367e-01
38 5.118658707662371e-01
39 5.118658707662362e-01
40 5.118658707662364e-01
41 5.118658707662367e-01
42 5.118658707662365e-01
43 5.118658707662346e-01
44 5.118658707662340e-01
45 5.118658707662346e-01
46 5.235100982788924e-01
47 5.235100982788925e-01
48 5.235100982788924e-01
49 5.235100982788921e-01
50 5.235100982788921e-01
51 5.235100982788918e-01
52 5.235100982788924e-01
53 5.235100982788923e-01
54 5.235100982788923e-01
55 5.235100982788927e-01
56 5.235100982788925e-01
57 5.235100982788923e-01
58 5.235100982788924e-01
59 5.235100982788924e-01
60 5.235100982788916e-01
61 5.235100982788921e-01
62 5.235100982788921e-01
63 5.235100982788922e-01
64 5.235100982788918e-01
65 5.235100982788916e-01
66 5.235100982788923e-01
67 5.235100982788916e-01
68 5.235100982788917e-01
69 5.235100982788916e-01
70 5.235100982788915e-01
71 5.235100982788921e-01
72 5.235100982788918e-01
73 5.235100982788919e-01
74 5.235100982788921e-01
75 5.235100982788917e-01
76 5.235100982788921e-01
77 5.235100982788917e-01
78 5.235100982788932e-01
79 5.235100982788921e-01
80 5.235100982788931e-01
81 5.235100982788928e-01
82 5.235100982788908e-01
83 5.235100982788919e-01
84 5.235100982788929e-01
85 5.235100982788933e-01
86 5.235100982788916e-01
87 5.235100982788895e-01
88 5.235100982788916e-01
89 5.235100982788921e-01
90 5.235100982788913e-01
91 5.235100982788908e-01
92 5.235100982788903e-01
93 5.235100982788916e-01
94 5.142200084906150e-01
95 5.142200084906152e-01
96 5.142200084906150e-01
97 5.142200084906152e-01
98 5.142200084906158e-01
99 5.142200084906159e-01
100 5.142200084906154e-01
101 5.142200084906157e-01
102 5.142200084906159e-01
103 5.142200084906157e-01
104 5.142200084906163e-01
105 5.142200084906161e-01
106 5.142200084906167e-01
107 5.142200084906163e-01
108 5.142200084906158e-01
109 5.142200084906159e-01
110 5.142200084906154e-01
111 5.142200084906150e-01
112 5.142200084906147e-01
113 5.142200084906148e-01
114 5.142200084906161e-01
115 5.142200084906160e-01
116 5.142200084906162e-01
117 5.142200084906159e-01
118 5.142200084906157e-01
119 5.142200084906156e-01
120 5.142200084906157e-01
121 5.142200084906154e-01
122 5.142200084906154e-01
123 5.142200084906154e-01
124 5.142200084906157e-01
125 5.142200084906157e-01
126 5.142200084906150e-01
127 5.142200084906148e-01
128 5.142200084906162e-01
129 5.142200084906158e-01
130 5.142200084906156e-01
131 5.142200084906156e-01
132 5.142200084906152e-01
133 5.142200084906150e-01
134 5.142200084906157e-01
135 5.142200084906162e-01
136 5.142200084906157e-01
137 5.142200084906158e-01
138 5.142200084906159e-01
139 5.142200084906166e-01
140 5.142200084906161e-01
141 5.142200084906157e-01
142 5.142200084906163e-01
143 5.142200084906163e-01
144 5.142200084906166e-01
145 5.142200084906168e-01
146 5.142200084906153e-01
147 5.142200084906160e-01
148 5.142200084906161e-01
149 5.142200084906158e-01
150 5.142200084906174e-01
151 5.142200084906177e-01
152 5.142200084906164e-01
153 5.142200084906179e-01
154 5.142200084906162e-01
155 5.142200084906172e-01
156 5.142200084906167e-01
157 5.142200084906169e-01
158 5.142200084906148e-01
159 5.142200084906149e-01
160 5.142200084906153e-01
161 5.142200084906163e-01
162 5.142200084906163e-01
163 5.142200084906150e-01
164 5.142200084906160e-01
165 5.142200084906162e-01
166 5.142200084906159e-01
167 5.142200084906159e-01
168 5.142200084906148e-01
169 5.142200084906159e-01
170 5.142200084906161e-01
171 5.142200084906159e-01
172 5.142200084906156e-01
173 5.142200084906168e-01
174 5.142200084906167e-01
175 5.142200084906148e-01
176 5.142200084906154e-01
177 5.142200084906156e-01
178 5.142200084906164e-01
179 5.142200084906156e-01
180 5.142200084906154e-01
181 5.142200084906157e-01
182 5.142200084906148e-01
183 5.142200084906153e-01
184 5.142200084906146e-01
185 5.142200084906137e-01
186 5.142200084906154e-01
187 5.142200084906150e-01
188 5.142200084906148e-01
189 5.142200084906152e-01
190 5.699447911276625e-01
191 5.699447911276621e-01
192 5.699447911276624e-01
193 5.699447911276618e-01
194 5.699447911276616e-01
195 5.699447911276625e-01
196 5.699447911276625e-01
197 5.699447911276627e-01
198 5.699447911276616e-01
199 5.699447911276614e-01
200 5.699447911276618e-01
201 5.699447911276618e-01
202 5.699447911276622e-01
203 5.699447911276621e-01
204 5.699447911276628e-01
205 5.699447911276624e-01
206 5.699447911276616e-01
207 5.699447911276618e-01
208 5.699447911276618e-01
209 5.699447911276614e-01
210 5.699447911276614e-01
211 5.699447911276617e-01
212 5.699447911276616e-01
213 5.699447911276611e-01
214 5.699447911276627e-01
215 5.699447911276622e-01
216 5.699447911276618e-01
217 5.699447911276621e-01
218 5.699447911276618e-01
219 5.699447911276614e-01
220 5.699447911276613e-01
221 5.699447911276621e-01
222 5.699447911276613e-01
223 5.699447911276611e-01
224 5.699447911276612e-01
225 5.699447911276614e-01
226 5.699447911276617e-01
227 5.699447911276611e-01
228 5.699447911276611e-01
229 5.699447911276624e-01
230 5.699447911276621e-01
231 5.699447911276622e-01
232 5.699447911276625e-01
233 5.699447911276623e-01
234 5.699447911276625e-01
235 5.699447911276621e-01
236 5.699447911276625e-01
237 5.699447911276623e-01
238 5.699447911276633e-01
239 5.699447911276636e-01
240 5.699447911276635e-01
241 5.699447911276632e-01
242 5.699447911276621e-01
243 5.699447911276624e-01
244 5.699447911276618e-01
245 5.699447911276616e-01
246 5.699447911276618e-01
247 5.699447911276618e-01
248 5.699447911276615e-01
249 5.699447911276618e-01
250 5.699447911276614e-01
251 5.699447911276616e-01
252 5.699447911276621e-01
253 5.699447911276618e-01
254 5.699447911276622e-01
255 5.699447911276618e-01
256 5.699447911276616e-01
257 5.699447911276623e-01
258 5.699447911276617e-01
259 5.699447911276615e-01
260 5.699447911276614e-01
261 5.699447911276619e-01
262 5.699447911276614e-01
263 5.699447911276626e-01
264 5.699447911276618e-01
265 5.699447911276618e-01
266 5.699447911276623e-01
267 5.699447911276622e-01
268 5.699447911276629e-01
269 5.699447911276626e-01
270 5.699447911276614e-01
271 5.699447911276609e-01
272 5.699447911276611e-01
273 5.699447911276605e-01
274 5.699447911276623e-01
275 5.699447911276622e-01
276 5.699447911276622e-01
277 5.699447911276618e-01
278 5.699447911276621e-01
279 5.699447911276625e-01
280 5.699447911276623e-01
281 5.699447911276609e-01
282 5.699447911276621e-01
283 5.699447911276616e-01
284 5.699447911276616e-01
285 5.699447911276613e-01
286 5.699447911276625e-01
287 5.699447911276622e-01
288 5.699447911276618e-01
289 5.699447911276623e-01
290 5.699447911276623e-01
291 5.699447911276611e-01
292 5.699447911276612e-01
293 5.699447911276619e-01
294 5.699447911276619e-01
295 5.699447911276624e-01
296 5.699447911276618e-01
297 5.699447911276618e-01
298 5.699447911276615e-01
299 5.699447911276616e-01
300 5.699447911276618e-01
301 5.699447911276614e-01
302 5.699447911276634e-01
303 5.699447911276635e-01
304 5.699447911276634e-01
305 5.699447911276632e-01
306 5.699447911276621e-01
307 5.699447911276633e-01
308 5.699447911276616e-01
309 5.699447911276618e-01
310 5.699447911276629e-01
311 5.699447911276632e-01
312 5.699447911276621e-01
313 5.699447911276628e-01
314 5.699447911276618e-01
315 5.699447911276621e-01
316 5.699447911276616e-01
317 5.699447911276616e-01
318 5.699447911276625e-01
319 5.699447911276618e-01
320 5.699447911276616e-01
321 5.699447911276624e-01
322 5.699447911276605e-01
323 5.699447911276617e-01
324 5.699447911276614e-01
325 5.699447911276597e-01
326 5.699447911276621e-01
327 5.699447911276621e-01
328 5.699447911276616e-01
329 5.699447911276629e-01
330 5.699447911276607e-01
331 5.699447911276614e-01
332 5.699447911276624e-01
333 5.699447911276606e-01
334 5.699447911276609e-01
335 5.699447911276626e-01
336 5.699447911276608e-01
337 5.699447911276606e-01
338 5.699447911276636e-01
339 5.699447911276607e-01
340 5.699447911276624e-01
341 5.699447911276627e-01
342 5.699447911276585e-01
343 5.699447911276629e-01
344 5.699447911276607e-01
345 5.699447911276601e-01
346 5.699447911276611e-01
347 5.699447911276645e-01
348 5.699447911276625e-01
349 5.699447911276614e-01
350 5.699447911276624e-01
351 5.699447911276616e-01
352 5.699447911276621e-01
353 5.699447911276614e-01
354 5.699447911276614e-01
355 5.699447911276624e-01
356 5.699447911276622e-01
357 5.699447911276631e-01
358 5.699447911276584e-01
359 5.699447911276632e-01
360 5.699447911276611e-01
361 5.699447911276621e-01
362 5.699447911276632e-01
363 5.699447911276622e-01
364 5.699447911276626e-01
365 5.699447911276621e-01
366 5.699447911276633e-01
367 5.699447911276624e-01
368 5.699447911276647e-01
369 5.699447911276611e-01
370 5.699447911276634e-01
371 5.699447911276601e-01
372 5.699447911276614e-01
373 5.699447911276631e-01
374 5.699447911276622e-01
375 5.699447911276623e-01
376 5.699447911276623e-01
377 5.699447911276625e-01
378 5.699447911276618e-01
379 5.699447911276617e-01
380 5.699447911276617e-01
381 5.699447911276616e-01


#a = 2.000000
1 5.125615295274503e-01
2 5.125615295274514e-01
3 5.125615295274510e-01
4 5.156435528030821e-01
5 5.156435528030807e-01
6 5.156435528030813e-01
7 5.156435528030814e-01
8 5.156435528030825e-01
9 5.156435528030807e-01
10 5.179541955551917e-01
11 5.179541955551911e-01
12 5.179541955551916e-01
13 5.179541955551916e-01
14 5.179541955551921e-01
15 5.179541955551924e-01
16 5.179541955551924e-01
17 5.179541955551915e-01
18 5.179541955551925e-01
19 5.179541955551915e-01
20 5.179541955551911e-01
21 5.179541955551933e-01
22 5.222726086803400e-01
23 5.222726086803403e-01
24 5.222726086803404e-01
25 5.222726086803413e-01
26 5.222726086803411e-01
27 5.222726086803415e-01
28 5.222726086803410e-01
29 5.222726086803406e-01
30 5.222726086803415e-01
31 5.222726086803415e-01
32 5.222726086803415e-01
33 5.222726086803418e-01
34 5.222726086803416e-01
35 5.222726086803415e-01
36 5.222726086803423e-01
37 5.222726086803421e-01
38 5.222726086803398e-01
39 5.222726086803406e-01
40 5.222726086803418e-01
41 5.222726086803394e-01
42 5.222726086803421e-01
43 5.222726086803428e-01
44 5.222726086803400e-01
45 5.222726086803421e-01
46 5.259998772419648e-01
47 5.259998772419653e-01
48 5.259998772419647e-01
49 5.259998772419647e-01
50 5.259998772419658e-01
51 5.259998772419656e-01
52 5.259998772419661e-01
53 5.259998772419658e-01
54 5.259998772419644e-01
55 5.259998772419643e-01
56 5.259998772419642e-01
57 5.259998772419648e-01
58 5.259998772419644e-01
59 5.259998772419644e-01
60 5.259998772419653e-01
61 5.259998772419647e-01
62 5.259998772419652e-01
63 5.259998772419652e-01
64 5.259998772419652e-01
65 5.259998772419654e-01
66 5.259998772419658e-01
67 5.259998772419658e-01
68 5.259998772419657e-01
69 5.259998772419658e-01
70 5.259998772419654e-01
71 5.259998772419656e-01
72 5.259998772419660e-01
73 5.259998772419657e-01
74 5.259998772419661e-01
75 5.259998772419654e-01
76 5.259998772419650e-01
77 5.259998772419656e-01
78 5.259998772419625e-01
79 5.259998772419637e-01
80 5.259998772419638e-01
81 5.259998772419635e-01
82 5.259998772419662e-01
83 5.259998772419662e-01
84 5.259998772419641e-01
85 5.259998772419625e-01
86 5.259998772419662e-01
87 5.259998772419653e-01
88 5.259998772419655e-01
89 5.259998772419652e-01
90 5.259998772419644e-01
91 5.259998772419641e-01
92 5.259998772419658e-01
93 5.259998772419658e-01
94 5.388038319313386e-01
95 5.388038319313384e-01
96 5.388038319313384e-01
97 5.388038319313384e-01
98 5.388038319313384e-01
99 5.388038319313385e-01
100 5.388038319313389e-01
101 5.388038319313384e-01
102 5.388038319313385e-01
103 5.388038319313386e-01
104 5.388038319313384e-01
105 5.388038319313381e-01
106 5.388038319313384e-01
107 5.388038319313376e-01
108 5.388038319313382e-01
109 5.388038319313381e-01
110 5.388038319313393e-01
111 5.388038319313397e-01
112 5.388038319313396e-01
113 5.388038319313394e-01
114 5.388038319313384e-01
115 5.388038319313382e-01
116 5.388038319313384e-01
117 5.388038319313384e-01
118 5.388038319313385e-01
119 5.388038319313386e-01
120 5.388038319313384e-01
121 5.388038319313391e-01
122 5.388038319313397e-01
123 5.388038319313393e-01
124 5.388038319313391e-01
125 5.388038319313387e-01
126 5.388038319313389e-01
127 5.388038319313385e-01
128 5.388038319313387e-01
129 5.388038319313387e-01
130 5.388038319313390e-01
131 5.388038319313393e-01
132 5.388038319313396e-01
133 5.388038319313393e-01
134 5.388038319313391e-01
135 5.388038319313384e-01
136 5.388038319313382e-01
137 5.388038319313385e-01
138 5.388038319313385e-01
139 5.388038319313384e-01
140 5.388038319313386e-01
141 5.388038319313391e-01
142 5.388038319313386e-01
143 5.388038319313391e-01
144 5.388038319313400e-01
145 5.388038319313392e-01
146 5.388038319313393e-01
147 5.388038319313391e-01
148 5.388038319313391e-01
149 5.388038319313394e-01
150 5.388038319313385e-01
151 5.388038319313384e-01
152 5.388038319313382e-01
153 5.388038319313400e-01
154 5.388038319313381e-01
155 5.388038319313402e-01
156 5.388038319313374e-01
157 5.388038319313391e-01
158 5.388038319313373e-01
159 5.388038319313389e-01
160 5.388038319313380e-01
161 5.388038319313380e-01
162 5.388038319313386e-01
163 5.388038319313387e-01
164 5.388038319313384e-01
165 5.388038319313389e-01
166 5.388038319313392e-01
167 5.388038319313393e-01
168 5.388038319313390e-01
169 5.388038319313367e-01
170 5.388038319313406e-01
171 5.388038319313377e-01
172 5.388038319313384e-01
173 5.388038319313382e-01
174 5.388038319313380e-01
175 5.388038319313400e-01
176 5.388038319313397e-01
177 5.388038319313402e-01
178 5.388038319313407e-01
179 5.388038319313387e-01
180 5.388038319313417e-01
181 5.388038319313420e-01
182 5.388038319313397e-01
183 5.388038319313390e-01
184 5.388038319313400e-01
185 5.388038319313379e-01
186 5.388038319313406e-01
187 5.388038319313406e-01
188 5.388038319313394e-01
189 5.388038319313395e-01
190 5.232615109038826e-01
191 5.232615109038828e-01
192 5.232615109038834e-01
193 5.232615109038835e-01
194 5.232615109038827e-01
195 5.232615109038824e-01
196 5.232615109038823e-01
197 5.232615109038818e-01
198 5.232615109038834e-01
199 5.232615109038832e-01
200 5.232615109038832e-01
201 5.232615109038830e-01
202 5.232615109038832e-01
203 5.232615109038827e-01
204 5.232615109038830e-01
205 5.232615109038830e-01
206 5.232615109038834e-01
207 5.232615109038830e-01
208 5.232615109038835e-01
209 5.232615109038840e-01
210 5.232615109038828e-01
211 5.232615109038825e-01
212 5.232615109038828e-01
213 5.232615109038828e-01
214 5.232615109038828e-01
215 5.232615109038834e-01
216 5.232615109038836e-01
217 5.232615109038836e-01
218 5.232615109038823e-01
219 5.232615109038823e-01
220 5.232615109038817e-01
221 5.232615109038818e-01
222 5.232615109038825e-01
223 5.232615109038820e-01
224 5.232615109038816e-01
225 5.232615109038823e-01
226 5.232615109038812e-01
227 5.232615109038808e-01
228 5.232615109038812e-01
229 5.232615109038816e-01
230 5.232615109038823e-01
231 5.232615109038818e-01
232 5.232615109038825e-01
233 5.232615109038823e-01
234 5.232615109038822e-01
235 5.232615109038821e-01
236 5.232615109038830e-01
237 5.232615109038821e-01
238 5.232615109038825e-01
239 5.232615109038823e-01
240 5.232615109038818e-01
241 5.232615109038823e-01
242 5.232615109038833e-01
243 5.232615109038821e-01
244 5.232615109038820e-01
245 5.232615109038825e-01
246 5.232615109038821e-01
247 5.232615109038828e-01
248 5.232615109038824e-01
249 5.232615109038820e-01
250 5.232615109038823e-01
251 5.232615109038820e-01
252 5.232615109038826e-01
253 5.232615109038821e-01
254 5.232615109038825e-01
255 5.232615109038830e-01
256 5.232615109038832e-01
257 5.232615109038831e-01
258 5.232615109038832e-01
259 5.232615109038828e-01
260 5.232615109038838e-01
261 5.232615109038823e-01
262 5.232615109038823e-01
263 5.232615109038823e-01
264 5.232615109038814e-01
265 5.232615109038823e-01
266 5.232615109038832e-01
267 5.232615109038805e-01
268 5.232615109038812e-01
269 5.232615109038821e-01
270 5.232615109038830e-01
271 5.232615109038830e-01
272 5.232615109038828e-01
273 5.232615109038818e-01
274 5.232615109038822e-01
275 5.232615109038833e-01
276 5.232615109038827e-01
277 5.232615109038836e-01
278 5.232615109038836e-01
279 5.232615109038823e-01
280 5.232615109038827e-01
281 5.232615109038832e-01
282 5.232615109038830e-01
283 5.232615109038830e-01
284 5.232615109038825e-01
285 5.232615109038814e-01
286 5.232615109038816e-01
287 5.232615109038812e-01
288 5.232615109038821e-01
289 5.232615109038807e-01
290 5.232615109038823e-01
291 5.232615109038821e-01
292 5.232615109038818e-01
293 5.232615109038850e-01
294 5.232615109038827e-01
295 5.232615109038804e-01
296 5.232615109038816e-01
297 5.232615109038821e-01
298 5.232615109038825e-01
299 5.232615109038823e-01
300 5.232615109038830e-01
301 5.232615109038818e-01
302 5.232615109038828e-01
303 5.232615109038818e-01
304 5.232615109038820e-01
305 5.232615109038826e-01
306 5.232615109038825e-01
307 5.232615109038816e-01
308 5.232615109038782e-01
309 5.232615109038820e-01
310 5.232615109038848e-01
311 5.232615109038810e-01
312 5.232615109038810e-01
313 5.232615109038781e-01
314 5.232615109038853e-01
315 5.232615109038832e-01
316 5.232615109038812e-01
317 5.232615109038803e-01
318 5.232615109038825e-01
319 5.232615109038823e-01
320 5.232615109038816e-01
321 5.232615109038830e-01
322 5.232615109038822e-01
323 5.232615109038834e-01
324 5.232615109038814e-01
325 5.232615109038854e-01
326 5.232615109038825e-01
327 5.232615109038818e-01
328 5.232615109038803e-01
329 5.232615109038827e-01
330 5.232615109038833e-01
331 5.232615109038810e-01
332 5.232615109038807e-01
333 5.232615109038830e-01
334 5.232615109038833e-01
335 5.232615109038823e-01
336 5.232615109038801e-01
337 5.232615109038810e-01
338 5.232615109038827e-01
339 5.232615109038833e-01
340 5.232615109038787e-01
341 5.232615109038851e-01
342 5.232615109038841e-01
343 5.232615109038774e-01
344 5.232615109038850e-01
345 5.232615109038834e-01
346 5.232615109038731e-01
347 5.232615109038879e-01
348 5.232615109038813e-01
349 5.232615109038780e-01
350 5.232615109038838e-01
351 5.232615109038842e-01
352 5.232615109038813e-01
353 5.232615109038816e-01
354 5.232615109038793e-01
355 5.232615109038820e-01
356 5.232615109038816e-01
357 5.232615109038791e-01
358 5.232615109038773e-01
359 5.232615109038814e-01
360 5.232615109038832e-01
361 5.232615109038841e-01
362 5.232615109038835e-01
363 5.232615109038768e-01
364 5.232615109038803e-01
365 5.232615109038805e-01
366 5.232615109038915e-01
367 5.232615109038790e-01
368 5.232615109038848e-01
369 5.232615109038852e-01
370 5.232615109038832e-01
371 5.232615109038777e-01
372 5.232615109038822e-01
373 5.232615109038856e-01
374 5.232615109038814e-01
375 5.232615109038826e-01
376 5.232615109038826e-01
377 5.232615109038814e-01
378 5.232615109038817e-01
379 5.232615109038806e-01
380 5.232615109038818e-01
381 5.232615109038834e-01


#a = 3.000000
1 5.147358228974467e-01
2 5.147358228974467e-01
3 5.147358228974467e-01
4 5.187651900325558e-01
5 5.187651900325559e-01
6 5.187651900325554e-01
7 5.187651900325551e-01
8 5.187651900325557e-01
9 5.187651900325562e-01
10 5.224167586440434e-01
11 5.224167586440436e-01
12 5.224167586440431e-01
13 5.224167586440436e-01
14 5.224167586440442e-01
15 5.224167586440437e-01
16 5.224167586440445e-01
17 5.224167586440442e-01
18 5.224167586440439e-01
19 5.224167586440438e-01
20 5.224167586440438e-01
21 5.224167586440434e-01
22 5.264206214953804e-01
23 5.264206214953803e-01
24 5.264206214953793e-01
25 5.264206214953793e-01
26 5.264206214953784e-01
27 5.264206214953780e-01
28 5.264206214953795e-01
29 5.264206214953794e-01
30 5.264206214953786e-01
31 5.264206214953773e-01
32 5.264206214953782e-01
33 5.264206214953780e-01
34 5.264206214953795e-01
35 5.264206214953795e-01
36 5.264206214953795e-01
37 5.264206214953796e-01
38 5.264206214953790e-01
39 5.264206214953787e-01
40 5.264206214953790e-01
41 5.264206214953789e-01
42 5.264206214953787e-01
43 5.264206214953789e-01
44 5.264206214953794e-01
45 5.264206214953784e-01
46 5.318496829129893e-01
47 5.318496829129893e-01
48 5.318496829129900e-01
49 5.318496829129897e-01
50 5.318496829129895e-01
51 5.318496829129898e-01
52 5.318496829129891e-01
53 5.318496829129895e-01
54 5.318496829129901e-01
55 5.318496829129894e-01
56 5.318496829129900e-01
57 5.318496829129896e-01
58 5.318496829129895e-01
59 5.318496829129900e-01
60 5.318496829129895e-01
61 5.318496829129900e-01
62 5.318496829129895e-01
63 5.318496829129891e-01
64 5.318496829129888e-01
65 5.318496829129888e-01
66 5.318496829129901e-01
67 5.318496829129897e-01
68 5.318496829129891e-01
69 5.318496829129897e-01
70 5.318496829129890e-01
71 5.318496829129890e-01
72 5.318496829129895e-01
73 5.318496829129897e-01
74 5.318496829129901e-01
75 5.318496829129902e-01
76 5.318496829129903e-01
77 5.318496829129880e-01
78 5.318496829129903e-01
79 5.318496829129904e-01
80 5.318496829129902e-01
81 5.318496829129916e-01
82 5.318496829129884e-01
83 5.318496829129880e-01
84 5.318496829129885e-01
85 5.318496829129860e-01
86 5.318496829129888e-01
87 5.318496829129887e-01
88 5.318496829129898e-01
89 5.318496829129891e-01
90 5.318496829129865e-01
91 5.318496829129902e-01
92 5.318496829129883e-01
93 5.318496829129890e-01
94 5.309975037186146e-01
95 5.309975037186146e-01
96 5.309975037186148e-01
97 5.309975037186143e-01
98 5.309975037186149e-01
99 5.309975037186151e-01
100 5.309975037186139e-01
101 5.309975037186141e-01
102 5.309975037186143e-01
103 5.309975037186146e-01
104 5.309975037186143e-01
105 5.309975037186148e-01
106 5.309975037186153e-01
107 5.309975037186154e-01
108 5.309975037186152e-01
109 5.309975037186148e-01
110 5.309975037186149e-01
111 5.309975037186148e-01
112 5.309975037186142e-01
113 5.309975037186142e-01
114 5.309975037186152e-01
115 5.309975037186148e-01
116 5.309975037186153e-01
117 5.309975037186152e-01
118 5.309975037186150e-01
119 5.309975037186145e-01
120 5.309975037186148e-01
121 5.309975037186144e-01
122 5.309975037186154e-01
123 5.309975037186153e-01
124 5.309975037186154e-01
125 5.309975037186150e-01
126 5.309975037186148e-01
127 5.309975037186141e-01
128 5.309975037186143e-01
129 5.309975037186142e-01
130 5.309975037186143e-01
131 5.309975037186145e-01
132 5.309975037186143e-01
133 5.309975037186139e-01
134 5.309975037186144e-01
135 5.309975037186149e-01
136 5.309975037186150e-01
137 5.309975037186149e-01
138 5.309975037186148e-01
139 5.309975037186159e-01
140 5.309975037186148e-01
141 5.309975037186143e-01
142 5.309975037186154e-01
143 5.309975037186150e-01
144 5.309975037186171e-01
145 5.309975037186152e-01
146 5.309975037186139e-01
147 5.309975037186150e-01
148 5.309975037186148e-01
149 5.309975037186143e-01
150 5.309975037186146e-01
151 5.309975037186148e-01
152 5.309975037186150e-01
153 5.309975037186142e-01
154 5.309975037186158e-01
155 5.309975037186097e-01
156 5.309975037186168e-01
157 5.309975037186170e-01
158 5.309975037186144e-01
159 5.309975037186143e-01
160 5.309975037186146e-01
161 5.309975037186156e-01
162 5.309975037186184e-01
163 5.309975037186123e-01
164 5.309975037186145e-01
165 5.309975037186148e-01
166 5.309975037186143e-01
167 5.309975037186130e-01
168 5.309975037186119e-01
169 5.309975037186176e-01
170 5.309975037186140e-01
171 5.309975037186135e-01
172 5.309975037186144e-01
173 5.309975037186164e-01
174 5.309975037186159e-01
175 5.309975037186143e-01
176 5.309975037186149e-01
177 5.309975037186146e-01
178 5.309975037186152e-01
179 5.309975037186140e-01
180 5.309975037186139e-01
181 5.309975037186165e-01
182 5.309975037186155e-01
183 5.309975037186210e-01
184 5.309975037186125e-01
185 5.309975037186117e-01
186 5.309975037186141e-01
187 5.309975037186150e-01
188 5.309975037186132e-01
189 5.309975037186125e-01
190 4.975433738681952e-01
191 4.975433738681950e-01
192 4.975433738681947e-01
193 4.975433738681947e-01
194 4.975433738681950e-01
195 4.975433738681949e-01
196 4.975433738681956e-01
197 4.975433738681941e-01
198 4.975433738681959e-01
199 4.975433738681956e-01
200 4.975433738681956e-01
201 4.975433738681957e-01
202 4.975433738681946e-01
203 4.975433738681950e-01
204 4.975433738681949e-01
205 4.975433738681946e-01
206 4.975433738681958e-01
207 4.975433738681946e-01
208 4.975433738681952e-01
209 4.975433738681952e-01
210 4.975433738681946e-01
211 4.975433738681955e-01
212 4.975433738681948e-01
213 4.975433738681955e-01
214 4.975433738681948e-01
215 4.975433738681950e-01
216 4.975433738681949e-01
217 4.975433738681949e-01
218 4.975433738681955e-01
219 4.975433738681946e-01
220 4.975433738681958e-01
221 4.975433738681955e-01
222 4.975433738681950e-01
223 4.975433738681952e-01
224 4.975433738681960e-01
225 4.975433738681955e-01
226 4.975433738681956e-01
227 4.975433738681962e-01
228 4.975433738681952e-01
229 4.975433738681947e-01
230 4.975433738681951e-01
231 4.975433738681952e-01
232 4.975433738681956e-01
233 4.975433738681969e-01
234 4.975433738681952e-01
235 4.975433738681956e-01
236 4.975433738681955e-01
237 4.975433738681951e-01
238 4.975433738681934e-01
239 4.975433738681938e-01
240 4.975433738681969e-01
241 4.975433738681957e-01
242 4.975433738681956e-01
243 4.975433738681954e-01
244 4.975433738681951e-01
245 4.975433738681949e-01
246 4.975433738681948e-01
247 4.975433738681940e-01
248 4.975433738681968e-01
249 4.975433738681960e-01
250 4.975433738681961e-01
251 4.975433738681948e-01
252 4.975433738681945e-01
253 4.975433738681965e-01
254 4.975433738681942e-01
255 4.975433738681930e-01
256 4.975433738681954e-01
257 4.975433738681950e-01
258 4.975433738681957e-01
259 4.975433738681950e-01
260 4.975433738681947e-01
261 4.975433738681949e-01
262 4.975433738681954e-01
263 4.975433738681950e-01
264 4.975433738681935e-01
265 4.975433738681935e-01
266 4.975433738681930e-01
267 4.975433738681949e-01
268 4.975433738681949e-01
269 4.975433738681957e-01
270 4.975433738681948e-01
271 4.975433738681958e-01
272 4.975433738681945e-01
273 4.975433738681933e-01
274 4.975433738681935e-01
275 4.975433738681944e-01
276 4.975433738681958e-01
277 4.975433738681945e-01
278 4.975433738681949e-01
279 4.975433738681949e-01
280 4.975433738681913e-01
281 4.975433738681945e-01
282 4.975433738681977e-01
283 4.975433738681952e-01
284 4.975433738681949e-01
285 4.975433738681971e-01
286 4.975433738681946e-01
287 4.975433738681939e-01
288 4.975433738681967e-01
289 4.975433738681970e-01
290 4.975433738681891e-01
291 4.975433738681923e-01
292 4.975433738681969e-01
293 4.975433738681989e-01
294 4.975433738681964e-01
295 4.975433738682004e-01
296 4.975433738681950e-01
297 4.975433738681908e-01
298 4.975433738681930e-01
299 4.975433738681966e-01
300 4.975433738681956e-01
301 4.975433738681965e-01
302 4.975433738681943e-01
303 4.975433738681970e-01
304 4.975433738681931e-01
305 4.975433738681943e-01
306 4.975433738681914e-01
307 4.975433738681939e-01
308 4.975433738681920e-01
309 4.975433738681991e-01
310 4.975433738682074e-01
311 4.975433738681794e-01
312 4.975433738681995e-01
313 4.975433738682308e-01
314 4.975433738681823e-01
315 4.975433738681970e-01
316 4.975433738681874e-01
317 4.975433738681904e-01
318 4.975433738681920e-01
319 4.975433738681981e-01
320 4.975433738681972e-01
321 4.975433738681939e-01
322 4.975433738681974e-01
323 4.975433738681947e-01
324 4.975433738682021e-01
325 4.975433738681837e-01
326 4.975433738681828e-01
327 4.975433738681904e-01
328 4.975433738682060e-01
329 4.975433738682040e-01
330 4.975433738681978e-01
331 4.975433738681975e-01
332 4.975433738681969e-01
333 4.975433738681955e-01
334 4.975433738681888e-01
335 4.975433738681996e-01
336 4.975433738681955e-01
337 4.975433738682016e-01
338 4.975433738681918e-01
339 4.975433738682048e-01
340 4.975433738681833e-01
341 4.975433738681896e-01
342 4.975433738681942e-01
343 4.975433738682046e-01
344 4.975433738682014e-01
345 4.975433738681992e-01
346 4.975433738681837e-01
347 4.975433738682004e-01
348 4.975433738681925e-01
349 4.975433738681920e-01
350 4.975433738681929e-01
351 4.975433738681986e-01
352 4.975433738682007e-01
353 4.975433738681924e-01
354 4.975433738681975e-01
355 4.975433738681949e-01
356 4.975433738681941e-01
357 4.975433738681972e-01
358 4.975433738681921e-01
359 4.975433738681946e-01
360 4.975433738682001e-01
361 4.975433738681919e-01
362 4.975433738682048e-01
363 4.975433738681903e-01
364 4.975433738681795e-01
365 4.975433738681975e-01
366 4.975433738681616e-01
367 4.975433738682203e-01
368 4.975433738681981e-01
369 4.975433738681514e-01
370 4.975433738682019e-01
371 4.975433738682009e-01
372 4.975433738682046e-01
373 4.975433738682057e-01
374 4.975433738681942e-01
375 4.975433738682006e-01
376 4.975433738681946e-01
377 4.975433738681915e-01
378 4.975433738681986e-01
379 4.975433738681975e-01
380 4.975433738681976e-01
381 4.975433738681987e-01


#a = 4.000000
1 5.167929274256409e-01
2 5.167929274256401e-01
3 5.167929274256410e-01
4 5.219850001244148e-01
5 5.219850001244148e-01
6 5.219850001244143e-01
7 5.219850001244146e-01
8 5.219850001244142e-01
9 5.219850001244137e-01
10 5.258803019043329e-01
11 5.258803019043333e-01
12 5.258803019043332e-01
13 5.258803019043332e-01
14 5.258803019043339e-01
15 5.258803019043334e-01
16 5.258803019043332e-01
17 5.258803019043339e-01
18 5.258803019043340e-01
19 5.258803019043337e-01
20 5.258803019043333e-01
21 5.258803019043333e-01
22 5.298916987815796e-01
23 5.298916987815798e-01
24 5.298916987815792e-01
25 5.298916987815787e-01
26 5.298916987815796e-01
27 5.298916987815803e-01
28 5.298916987815794e-01
29 5.298916987815798e-01
30 5.298916987815803e-01
31 5.298916987815805e-01
32 5.298916987815794e-01
33 5.298916987815796e-01
34 5.298916987815792e-01
35 5.298916987815798e-01
36 5.298916987815792e-01
37 5.298916987815793e-01
38 5.298916987815797e-01
39 5.298916987815807e-01
40 5.298916987815794e-01
41 5.298916987815796e-01
42 5.298916987815792e-01
43 5.298916987815789e-01
44 5.298916987815808e-01
45 5.298916987815797e-01
46 5.311512226270887e-01
47 5.311512226270886e-01
48 5.311512226270880e-01
49 5.311512226270874e-01
50 5.311512226270884e-01
51 5.311512226270885e-01
52 5.311512226270876e-01
53 5.311512226270880e-01
54 5.311512226270879e-01
55 5.311512226270884e-01
56 5.311512226270875e-01
57 5.311512226270874e-01
58 5.311512226270881e-01
59 5.311512226270878e-01
60 5.311512226270881e-01
61 5.311512226270880e-01
62 5.311512226270879e-01
63 5.311512226270880e-01
64 5.311512226270876e-01
65 5.311512226270880e-01
66 5.311512226270878e-01
67 5.311512226270878e-01
68 5.311512226270880e-01
69 5.311512226270882e-01
70 5.311512226270881e-01
71 5.311512226270880e-01
72 5.311512226270874e-01
73 5.311512226270877e-01
74 5.311512226270886e-01
75 5.311512226270892e-01
76 5.311512226270880e-01
77 5.311512226270882e-01
78 5.311512226270881e-01
79 5.311512226270878e-01
80 5.311512226270882e-01
81 5.311512226270880e-01
82 5.311512226270882e-01
83 5.311512226270910e-01
84 5.311512226270917e-01
85 5.311512226270882e-01
86 5.311512226270884e-01
87 5.311512226270881e-01
88 5.311512226270880e-01
89 5.311512226270884e-01
90 5.311512226270885e-01
91 5.311512226270884e-01
92 5.311512226270879e-01
93 5.311512226270889e-01
94 5.163883168874559e-01
95 5.163883168874551e-01
96 5.163883168874551e-01
97 5.163883168874555e-01
98 5.163883168874555e-01
99 5.163883168874555e-01
100 5.163883168874542e-01
101 5.163883168874543e-01
102 5.163883168874550e-01
103 5.163883168874555e-01
104 5.163883168874551e-01
105 5.163883168874550e-01
106 5.163883168874561e-01
107 5.163883168874560e-01
108 5.163883168874559e-01
109 5.163883168874562e-01
110 5.163883168874557e-01
111 5.163883168874557e-01
112 5.163883168874555e-01
113 5.163883168874558e-01
114 5.163883168874556e-01
115 5.163883168874548e-01
116 5.163883168874555e-01
117 5.163883168874553e-01
118 5.163883168874552e-01
119 5.163883168874551e-01
120 5.163883168874551e-01
121 5.163883168874552e-01
122 5.163883168874559e-01
123 5.163883168874555e-01
124 5.163883168874561e-01
125 5.163883168874556e-01
126 5.163883168874555e-01
127 5.163883168874548e-01
128 5.163883168874556e-01
129 5.163883168874557e-01
130 5.163883168874552e-01
131 5.163883168874553e-01
132 5.163883168874546e-01
133 5.163883168874546e-01
134 5.163883168874570e-01
135 5.163883168874532e-01
136 5.163883168874551e-01
137 5.163883168874568e-01
138 5.163883168874552e-01
139 5.163883168874558e-01
140 5.163883168874562e-01
141 5.163883168874560e-01
142 5.163883168874546e-01
143 5.163883168874550e-01
144 5.163883168874550e-01
145 5.163883168874552e-01
146 5.163883168874566e-01
147 5.163883168874559e-01
148 5.163883168874570e-01
149 5.163883168874550e-01
150 5.163883168874546e-01
151 5.163883168874550e-01
152 5.163883168874550e-01
153 5.163883168874541e-01
154 5.163883168874546e-01
155 5.163883168874590e-01
156 5.163883168874555e-01
157 5.163883168874551e-01
158 5.163883168874555e-01
159 5.163883168874546e-01
160 5.163883168874551e-01
161 5.163883168874556e-01
162 5.163883168874582e-01
163 5.163883168874526e-01
164 5.163883168874570e-01
165 5.163883168874563e-01
166 5.163883168874572e-01
167 5.163883168874603e-01
168 5.163883168874582e-01
169 5.163883168874488e-01
170 5.163883168874346e-01
171 5.163883168874607e-01
172 5.163883168874568e-01
173 5.163883168874587e-01
174 5.163883168874545e-01
175 5.163883168874543e-01
176 5.163883168874571e-01
177 5.163883168874557e-01
178 5.163883168874540e-01
179 5.163883168874547e-01
180 5.163883168874536e-01
181 5.163883168874540e-01
182 5.163883168874561e-01
183 5.163883168874560e-01
184 5.163883168874567e-01
185 5.163883168874547e-01
186 5.163883168874551e-01
187 5.163883168874552e-01
188 5.163883168874543e-01
189 5.163883168874539e-01
190 4.846710933054779e-01
191 4.846710933054780e-01
192 4.846710933054779e-01
193 4.846710933054781e-01
194 4.846710933054776e-01
195 4.846710933054774e-01
196 4.846710933054768e-01
197 4.846710933054764e-01
198 4.846710933054765e-01
199 4.846710933054768e-01
200 4.846710933054766e-01
201 4.846710933054792e-01
202 4.846710933054782e-01
203 4.846710933054783e-01
204 4.846710933054783e-01
205 4.846710933054789e-01
206 4.846710933054794e-01
207 4.846710933054781e-01
208 4.846710933054785e-01
209 4.846710933054774e-01
210 4.846710933054779e-01
211 4.846710933054776e-01
212 4.846710933054781e-01
213 4.846710933054778e-01
214 4.846710933054788e-01
215 4.846710933054775e-01
216 4.846710933054787e-01
217 4.846710933054788e-01
218 4.846710933054766e-01
219 4.846710933054794e-01
220 4.846710933054774e-01
221 4.846710933054782e-01
222 4.846710933054795e-01
223 4.846710933054788e-01
224 4.846710933054784e-01
225 4.846710933054789e-01
226 4.846710933054775e-01
227 4.846710933054779e-01
228 4.846710933054769e-01
229 4.846710933054771e-01
230 4.846710933054780e-01
231 4.846710933054772e-01
232 4.846710933054770e-01
233 4.846710933054781e-01
234 4.846710933054727e-01
235 4.846710933054810e-01
236 4.846710933054790e-01
237 4.846710933054771e-01
238 4.846710933054778e-01
239 4.846710933054784e-01
240 4.846710933054766e-01
241 4.846710933054772e-01
242 4.846710933054784e-01
243 4.846710933054760e-01
244 4.846710933054788e-01
245 4.846710933054775e-01
246 4.846710933054744e-01
247 4.846710933054776e-01
248 4.846710933054820e-01
249 4.846710933054814e-01
250 4.846710933054737e-01
251 4.846710933054797e-01
252 4.846710933054780e-01
253 4.846710933054778e-01
254 4.846710933054770e-01
255 4.846710933054769e-01
256 4.846710933054790e-01
257 4.846710933054797e-01
258 4.846710933054720e-01
259 4.846710933054839e-01
260 4.846710933054788e-01
261 4.846710933054776e-01
262 4.846710933054781e-01
263 4.846710933054766e-01
264 4.846710933054768e-01
265 4.846710933054774e-01
266 4.846710933054790e-01
267 4.846710933054815e-01
268 4.846710933054772e-01
269 4.846710933054778e-01
270 4.846710933054722e-01
271 4.846710933054577e-01
272 4.846710933054903e-01
273 4.846710933054953e-01
274 4.846710933054864e-01
275 4.846710933054749e-01
276 4.846710933054823e-01
277 4.846710933054633e-01
278 4.846710933054815e-01
279 4.846710933054794e-01
280 4.846710933054796e-01
281 4.846710933054768e-01
282 4.846710933054732e-01
283 4.846710933054837e-01
284 4.846710933054764e-01
285 4.846710933054749e-01
286 4.846710933054854e-01
287 4.846710933054790e-01
288 4.846710933054781e-01
289 4.846710933054799e-01
290 4.846710933054791e-01
291 4.846710933054764e-01
292 4.846710933054910e-01
293 4.846710933054768e-01
294 4.846710933054637e-01
295 4.846710933054850e-01
296 4.846710933054795e-01
297 4.846710933054855e-01
298 4.846710933054642e-01
299 4.846710933054683e-01
300 4.846710933054735e-01
301 4.846710933054896e-01
302 4.846710933054826e-01
303 4.846710933054845e-01
304 4.846710933054802e-01
305 4.846710933054728e-01
306 4.846710933054984e-01
307 4.846710933054637e-01
308 4.846710933054875e-01
309 4.846710933054781e-01
310 4.846710933055172e-01
311 4.846710933054426e-01
312 4.846710933054343e-01
313 4.846710933054900e-01
314 4.846710933055137e-01
315 4.846710933054373e-01
316 4.846710933054454e-01
317 4.846710933055181e-01
318 4.846710933054837e-01
319 4.846710933054770e-01
320 4.846710933054957e-01
321 4.846710933054738e-01
322 4.846710933055022e-01
323 4.846710933054548e-01
324 4.846710933054680e-01
325 4.846710933054901e-01
326 4.846710933054967e-01
327 4.846710933054238e-01
328 4.846710933054986e-01
329 4.846710933055058e-01
330 4.846710933054667e-01
331 4.846710933054766e-01
332 4.846710933054736e-01
333 4.846710933054730e-01
334 4.846710933054666e-01
335 4.846710933054654e-01
336 4.846710933054480e-01
337 4.846710933054459e-01
338 4.846710933054736e-01
339 4.846710933054251e-01
340 4.846710933055042e-01
341 4.846710933055397e-01
342 4.846710933055450e-01
343 4.846710933056850e-01
344 4.846710933054545e-01
345 4.846710933053917e-01
346 4.846710933054554e-01
347 4.846710933054653e-01
348 4.846710933054538e-01
349 4.846710933054463e-01
350 4.846710933054869e-01
351 4.846710933054879e-01
352 4.846710933054837e-01
353 4.846710933054799e-01
354 4.846710933054703e-01
355 4.846710933054663e-01
356 4.846710933054859e-01
357 4.846710933054598e-01
358 4.846710933054727e-01
359 4.846710933054910e-01
360 4.846710933054740e-01
361 4.846710933054585e-01
362 4.846710933054658e-01
363 4.846710933055041e-01
364 4.846710933054762e-01
365 4.846710933054892e-01
366 4.846710933055476e-01
367 4.846710933054086e-01
368 4.846710933054008e-01
369 4.846710933055520e-01
370 4.846710933054497e-01
371 4.846710933054855e-01
372 4.846710933055110e-01
373 4.846710933054535e-01
374 4.846710933054623e-01
375 4.846710933054755e-01
376 4.846710933054804e-01
377 4.846710933054598e-01
378 4.846710933054824e-01
379 4.846710933054830e-01
380 4.846710933054797e-01
381 4.846710933054819e-01


