## Parameters ##
# z = 3
# m = 8
# t = 1.000000000000000e+00
# mu = 1.000000000000000e+00
# opt = sc
#
#
#a = 0.000000
1 6.591513305019299e-01
2 5.882963410836977e-01
3 5.882963410836977e-01
4 5.882963410836968e-01
5 6.684750383317616e-01
6 6.684750383317608e-01
7 6.684750383317617e-01
8 6.684750383317613e-01
9 6.684750383317610e-01
10 6.684750383317607e-01
11 6.245220252926442e-01
12 6.245220252926436e-01
13 6.245220252926438e-01
14 6.245220252926438e-01
15 6.245220252926442e-01
16 6.245220252926437e-01
17 6.245220252926438e-01
18 6.245220252926440e-01
19 6.245220252926436e-01
20 6.245220252926428e-01
21 6.245220252926429e-01
22 6.245220252926436e-01
23 7.074092537710575e-01
24 7.074092537710580e-01
25 7.074092537710573e-01
26 7.074092537710583e-01
27 7.074092537710575e-01
28 7.074092537710572e-01
29 7.074092537710572e-01
30 7.074092537710573e-01
31 7.074092537710578e-01
32 7.074092537710578e-01
33 7.074092537710582e-01
34 7.074092537710575e-01
35 7.074092537710566e-01
36 7.074092537710576e-01
37 7.074092537710570e-01
38 7.074092537710571e-01
39 7.074092537710588e-01
40 7.074092537710591e-01
41 7.074092537710572e-01
42 7.074092537710555e-01
43 7.074092537710559e-01
44 7.074092537710559e-01
45 7.074092537710588e-01
46 7.074092537710571e-01
47 7.000671345671500e-01
48 7.000671345671498e-01
49 7.000671345671502e-01
50 7.000671345671504e-01
51 7.000671345671500e-01
52 7.000671345671501e-01
53 7.000671345671503e-01
54 7.000671345671503e-01
55 7.000671345671495e-01
56 7.000671345671498e-01
57 7.000671345671501e-01
58 7.000671345671498e-01
59 7.000671345671502e-01
60 7.000671345671504e-01
61 7.000671345671506e-01
62 7.000671345671502e-01
63 7.000671345671498e-01
64 7.000671345671495e-01
65 7.000671345671500e-01
66 7.000671345671500e-01
67 7.000671345671501e-01
68 7.000671345671494e-01
69 7.000671345671501e-01
70 7.000671345671498e-01
71 7.000671345671499e-01
72 7.000671345671506e-01
73 7.000671345671504e-01
74 7.000671345671506e-01
75 7.000671345671502e-01
76 7.000671345671500e-01
77 7.000671345671499e-01
78 7.000671345671503e-01
79 7.000671345671509e-01
80 7.000671345671504e-01
81 7.000671345671504e-01
82 7.000671345671502e-01
83 7.000671345671489e-01
84 7.000671345671496e-01
85 7.000671345671489e-01
86 7.000671345671485e-01
87 7.000671345671508e-01
88 7.000671345671485e-01
89 7.000671345671494e-01
90 7.000671345671509e-01
91 7.000671345671498e-01
92 7.000671345671503e-01
93 7.000671345671501e-01
94 7.000671345671501e-01
95 5.192935036354387e-01
96 5.192935036354387e-01
97 5.192935036354387e-01
98 5.192935036354389e-01
99 5.192935036354391e-01
100 5.192935036354389e-01
101 5.192935036354385e-01
102 5.192935036354389e-01
103 5.192935036354385e-01
104 5.192935036354385e-01
105 5.192935036354382e-01
106 5.192935036354384e-01
107 5.192935036354387e-01
108 5.192935036354386e-01
109 5.192935036354384e-01
110 5.192935036354387e-01
111 5.192935036354382e-01
112 5.192935036354380e-01
113 5.192935036354378e-01
114 5.192935036354384e-01
115 5.192935036354381e-01
116 5.192935036354387e-01
117 5.192935036354386e-01
118 5.192935036354385e-01
119 5.192935036354381e-01
120 5.192935036354386e-01
121 5.192935036354379e-01
122 5.192935036354384e-01
123 5.192935036354389e-01
124 5.192935036354384e-01
125 5.192935036354384e-01
126 5.192935036354390e-01
127 5.192935036354382e-01
128 5.192935036354382e-01
129 5.192935036354382e-01
130 5.192935036354382e-01
131 5.192935036354381e-01
132 5.192935036354384e-01
133 5.192935036354385e-01
134 5.192935036354381e-01
135 5.192935036354389e-01
136 5.192935036354386e-01
137 5.192935036354384e-01
138 5.192935036354382e-01
139 5.192935036354384e-01
140 5.192935036354385e-01
141 5.192935036354380e-01
142 5.192935036354380e-01
143 5.192935036354387e-01
144 5.192935036354385e-01
145 5.192935036354389e-01
146 5.192935036354391e-01
147 5.192935036354381e-01
148 5.192935036354384e-01
149 5.192935036354385e-01
150 5.192935036354385e-01
151 5.192935036354385e-01
152 5.192935036354385e-01
153 5.192935036354389e-01
154 5.192935036354386e-01
155 5.192935036354384e-01
156 5.192935036354386e-01
157 5.192935036354382e-01
158 5.192935036354384e-01
159 5.192935036354387e-01
160 5.192935036354392e-01
161 5.192935036354387e-01
162 5.192935036354394e-01
163 5.192935036354376e-01
164 5.192935036354380e-01
165 5.192935036354385e-01
166 5.192935036354376e-01
167 5.192935036354380e-01
168 5.192935036354384e-01
169 5.192935036354392e-01
170 5.192935036354367e-01
171 5.192935036354389e-01
172 5.192935036354372e-01
173 5.192935036354374e-01
174 5.192935036354379e-01
175 5.192935036354371e-01
176 5.192935036354372e-01
177 5.192935036354379e-01
178 5.192935036354381e-01
179 5.192935036354378e-01
180 5.192935036354372e-01
181 5.192935036354375e-01
182 5.192935036354377e-01
183 5.192935036354388e-01
184 5.192935036354377e-01
185 5.192935036354381e-01
186 5.192935036354379e-01
187 5.192935036354386e-01
188 5.192935036354385e-01
189 5.192935036354371e-01
190 5.192935036354370e-01
191 8.158209594479896e-01
192 8.158209594479898e-01
193 8.158209594479894e-01
194 8.158209594479896e-01
195 8.158209594479896e-01
196 8.158209594479894e-01
197 8.158209594479895e-01
198 8.158209594479900e-01
199 8.158209594479892e-01
200 8.158209594479896e-01
201 8.158209594479894e-01
202 8.158209594479896e-01
203 8.158209594479887e-01
204 8.158209594479894e-01
205 8.158209594479896e-01
206 8.158209594479899e-01
207 8.158209594479892e-01
208 8.158209594479898e-01
209 8.158209594479895e-01
210 8.158209594479897e-01
211 8.158209594479895e-01
212 8.158209594479896e-01
213 8.158209594479893e-01
214 8.158209594479887e-01
215 8.158209594479890e-01
216 8.158209594479893e-01
217 8.158209594479892e-01
218 8.158209594479889e-01
219 8.158209594479896e-01
220 8.158209594479895e-01
221 8.158209594479896e-01
222 8.158209594479892e-01
223 8.158209594479892e-01
224 8.158209594479893e-01
225 8.158209594479892e-01
226 8.158209594479892e-01
227 8.158209594479898e-01
228 8.158209594479898e-01
229 8.158209594479898e-01
230 8.158209594479892e-01
231 8.158209594479894e-01
232 8.158209594479900e-01
233 8.158209594479892e-01
234 8.158209594479893e-01
235 8.158209594479896e-01
236 8.158209594479896e-01
237 8.158209594479889e-01
238 8.158209594479887e-01
239 8.158209594479893e-01
240 8.158209594479897e-01
241 8.158209594479899e-01
242 8.158209594479890e-01
243 8.158209594479893e-01
244 8.158209594479893e-01
245 8.158209594479897e-01
246 8.158209594479896e-01
247 8.158209594479890e-01
248 8.158209594479893e-01
249 8.158209594479895e-01
250 8.158209594479895e-01
251 8.158209594479898e-01
252 8.158209594479895e-01
253 8.158209594479894e-01
254 8.158209594479899e-01
255 8.158209594479894e-01
256 8.158209594479895e-01
257 8.158209594479893e-01
258 8.158209594479890e-01
259 8.158209594479892e-01
260 8.158209594479894e-01
261 8.158209594479898e-01
262 8.158209594479895e-01
263 8.158209594479897e-01
264 8.158209594479896e-01
265 8.158209594479894e-01
266 8.158209594479893e-01
267 8.158209594479892e-01
268 8.158209594479893e-01
269 8.158209594479889e-01
270 8.158209594479893e-01
271 8.158209594479897e-01
272 8.158209594479892e-01
273 8.158209594479892e-01
274 8.158209594479886e-01
275 8.158209594479892e-01
276 8.158209594479889e-01
277 8.158209594479896e-01
278 8.158209594479890e-01
279 8.158209594479893e-01
280 8.158209594479892e-01
281 8.158209594479896e-01
282 8.158209594479889e-01
283 8.158209594479892e-01
284 8.158209594479900e-01
285 8.158209594479896e-01
286 8.158209594479894e-01
287 8.158209594479893e-01
288 8.158209594479896e-01
289 8.158209594479896e-01
290 8.158209594479896e-01
291 8.158209594479893e-01
292 8.158209594479895e-01
293 8.158209594479894e-01
294 8.158209594479900e-01
295 8.158209594479896e-01
296 8.158209594479892e-01
297 8.158209594479897e-01
298 8.158209594479894e-01
299 8.158209594479887e-01
300 8.158209594479902e-01
301 8.158209594479897e-01
302 8.158209594479887e-01
303 8.158209594479890e-01
304 8.158209594479896e-01
305 8.158209594479895e-01
306 8.158209594479894e-01
307 8.158209594479897e-01
308 8.158209594479894e-01
309 8.158209594479899e-01
310 8.158209594479895e-01
311 8.158209594479897e-01
312 8.158209594479894e-01
313 8.158209594479890e-01
314 8.158209594479892e-01
315 8.158209594479897e-01
316 8.158209594479898e-01
317 8.158209594479897e-01
318 8.158209594479894e-01
319 8.158209594479896e-01
320 8.158209594479894e-01
321 8.158209594479914e-01
322 8.158209594479902e-01
323 8.158209594479892e-01
324 8.158209594479886e-01
325 8.158209594479900e-01
326 8.158209594479913e-01
327 8.158209594479886e-01
328 8.158209594479894e-01
329 8.158209594479899e-01
330 8.158209594479892e-01
331 8.158209594479900e-01
332 8.158209594479904e-01
333 8.158209594479900e-01
334 8.158209594479896e-01
335 8.158209594479899e-01
336 8.158209594479880e-01
337 8.158209594479899e-01
338 8.158209594479899e-01
339 8.158209594479906e-01
340 8.158209594479885e-01
341 8.158209594479904e-01
342 8.158209594479892e-01
343 8.158209594479888e-01
344 8.158209594479886e-01
345 8.158209594479908e-01
346 8.158209594479893e-01
347 8.158209594479886e-01
348 8.158209594479886e-01
349 8.158209594479907e-01
350 8.158209594479913e-01
351 8.158209594479892e-01
352 8.158209594479903e-01
353 8.158209594479888e-01
354 8.158209594479889e-01
355 8.158209594479898e-01
356 8.158209594479884e-01
357 8.158209594479887e-01
358 8.158209594479878e-01
359 8.158209594479897e-01
360 8.158209594479890e-01
361 8.158209594479895e-01
362 8.158209594479892e-01
363 8.158209594479886e-01
364 8.158209594479903e-01
365 8.158209594479900e-01
366 8.158209594479886e-01
367 8.158209594479902e-01
368 8.158209594479905e-01
369 8.158209594479892e-01
370 8.158209594479890e-01
371 8.158209594479894e-01
372 8.158209594479903e-01
373 8.158209594479898e-01
374 8.158209594479899e-01
375 8.158209594479893e-01
376 8.158209594479894e-01
377 8.158209594479887e-01
378 8.158209594479893e-01
379 8.158209594479895e-01
380 8.158209594479893e-01
381 8.158209594479903e-01
382 8.158209594479906e-01


#a = 1.000000
1 6.571111963398237e-01
2 6.352301857798907e-01
3 6.352301857798895e-01
4 6.352301857798894e-01
5 6.594686769131520e-01
6 6.594686769131526e-01
7 6.594686769131528e-01
8 6.594686769131517e-01
9 6.594686769131509e-01
10 6.594686769131509e-01
11 6.495166415761231e-01
12 6.495166415761238e-01
13 6.495166415761227e-01
14 6.495166415761224e-01
15 6.495166415761244e-01
16 6.495166415761234e-01
17 6.495166415761230e-01
18 6.495166415761230e-01
19 6.495166415761241e-01
20 6.495166415761237e-01
21 6.495166415761223e-01
22 6.495166415761227e-01
23 6.802039391838172e-01
24 6.802039391838179e-01
25 6.802039391838182e-01
26 6.802039391838185e-01
27 6.802039391838183e-01
28 6.802039391838189e-01
29 6.802039391838175e-01
30 6.802039391838178e-01
31 6.802039391838197e-01
32 6.802039391838181e-01
33 6.802039391838189e-01
34 6.802039391838186e-01
35 6.802039391838181e-01
36 6.802039391838181e-01
37 6.802039391838184e-01
38 6.802039391838184e-01
39 6.802039391838174e-01
40 6.802039391838185e-01
41 6.802039391838196e-01
42 6.802039391838183e-01
43 6.802039391838175e-01
44 6.802039391838175e-01
45 6.802039391838171e-01
46 6.802039391838166e-01
47 6.763537549416980e-01
48 6.763537549416984e-01
49 6.763537549416981e-01
50 6.763537549416982e-01
51 6.763537549416982e-01
52 6.763537549416991e-01
53 6.763537549416994e-01
54 6.763537549416997e-01
55 6.763537549416989e-01
56 6.763537549416979e-01
57 6.763537549416991e-01
58 6.763537549416988e-01
59 6.763537549416984e-01
60 6.763537549416985e-01
61 6.763537549416980e-01
62 6.763537549416986e-01
63 6.763537549416995e-01
64 6.763537549416989e-01
65 6.763537549417002e-01
66 6.763537549416991e-01
67 6.763537549416987e-01
68 6.763537549416984e-01
69 6.763537549416979e-01
70 6.763537549416989e-01
71 6.763537549416991e-01
72 6.763537549416994e-01
73 6.763537549416987e-01
74 6.763537549416985e-01
75 6.763537549416987e-01
76 6.763537549416990e-01
77 6.763537549416992e-01
78 6.763537549416994e-01
79 6.763537549416989e-01
80 6.763537549416992e-01
81 6.763537549417005e-01
82 6.763537549417005e-01
83 6.763537549416984e-01
84 6.763537549416988e-01
85 6.763537549416995e-01
86 6.763537549416997e-01
87 6.763537549416986e-01
88 6.763537549416995e-01
89 6.763537549416994e-01
90 6.763537549417004e-01
91 6.763537549416999e-01
92 6.763537549416997e-01
93 6.763537549416986e-01
94 6.763537549416990e-01
95 6.181466676908353e-01
96 6.181466676908353e-01
97 6.181466676908357e-01
98 6.181466676908350e-01
99 6.181466676908351e-01
100 6.181466676908350e-01
101 6.181466676908353e-01
102 6.181466676908353e-01
103 6.181466676908359e-01
104 6.181466676908356e-01
105 6.181466676908355e-01
106 6.181466676908355e-01
107 6.181466676908351e-01
108 6.181466676908354e-01
109 6.181466676908357e-01
110 6.181466676908355e-01
111 6.181466676908351e-01
112 6.181466676908353e-01
113 6.181466676908350e-01
114 6.181466676908350e-01
115 6.181466676908355e-01
116 6.181466676908354e-01
117 6.181466676908349e-01
118 6.181466676908354e-01
119 6.181466676908350e-01
120 6.181466676908349e-01
121 6.181466676908354e-01
122 6.181466676908350e-01
123 6.181466676908358e-01
124 6.181466676908350e-01
125 6.181466676908355e-01
126 6.181466676908357e-01
127 6.181466676908355e-01
128 6.181466676908355e-01
129 6.181466676908355e-01
130 6.181466676908350e-01
131 6.181466676908348e-01
132 6.181466676908355e-01
133 6.181466676908353e-01
134 6.181466676908353e-01
135 6.181466676908351e-01
136 6.181466676908350e-01
137 6.181466676908349e-01
138 6.181466676908353e-01
139 6.181466676908351e-01
140 6.181466676908354e-01
141 6.181466676908354e-01
142 6.181466676908349e-01
143 6.181466676908349e-01
144 6.181466676908356e-01
145 6.181466676908351e-01
146 6.181466676908347e-01
147 6.181466676908354e-01
148 6.181466676908353e-01
149 6.181466676908354e-01
150 6.181466676908354e-01
151 6.181466676908355e-01
152 6.181466676908351e-01
153 6.181466676908349e-01
154 6.181466676908358e-01
155 6.181466676908363e-01
156 6.181466676908357e-01
157 6.181466676908360e-01
158 6.181466676908357e-01
159 6.181466676908350e-01
160 6.181466676908351e-01
161 6.181466676908351e-01
162 6.181466676908349e-01
163 6.181466676908356e-01
164 6.181466676908358e-01
165 6.181466676908360e-01
166 6.181466676908358e-01
167 6.181466676908351e-01
168 6.181466676908348e-01
169 6.181466676908343e-01
170 6.181466676908355e-01
171 6.181466676908349e-01
172 6.181466676908354e-01
173 6.181466676908354e-01
174 6.181466676908351e-01
175 6.181466676908361e-01
176 6.181466676908355e-01
177 6.181466676908357e-01
178 6.181466676908356e-01
179 6.181466676908346e-01
180 6.181466676908348e-01
181 6.181466676908366e-01
182 6.181466676908379e-01
183 6.181466676908336e-01
184 6.181466676908339e-01
185 6.181466676908356e-01
186 6.181466676908351e-01
187 6.181466676908360e-01
188 6.181466676908360e-01
189 6.181466676908351e-01
190 6.181466676908348e-01
191 7.737199563020558e-01
192 7.737199563020558e-01
193 7.737199563020557e-01
194 7.737199563020556e-01
195 7.737199563020558e-01
196 7.737199563020559e-01
197 7.737199563020557e-01
198 7.737199563020560e-01
199 7.737199563020564e-01
200 7.737199563020561e-01
201 7.737199563020557e-01
202 7.737199563020558e-01
203 7.737199563020556e-01
204 7.737199563020557e-01
205 7.737199563020554e-01
206 7.737199563020559e-01
207 7.737199563020558e-01
208 7.737199563020563e-01
209 7.737199563020556e-01
210 7.737199563020566e-01
211 7.737199563020558e-01
212 7.737199563020550e-01
213 7.737199563020553e-01
214 7.737199563020558e-01
215 7.737199563020555e-01
216 7.737199563020557e-01
217 7.737199563020557e-01
218 7.737199563020553e-01
219 7.737199563020560e-01
220 7.737199563020554e-01
221 7.737199563020550e-01
222 7.737199563020555e-01
223 7.737199563020554e-01
224 7.737199563020550e-01
225 7.737199563020553e-01
226 7.737199563020565e-01
227 7.737199563020565e-01
228 7.737199563020546e-01
229 7.737199563020556e-01
230 7.737199563020558e-01
231 7.737199563020558e-01
232 7.737199563020561e-01
233 7.737199563020557e-01
234 7.737199563020560e-01
235 7.737199563020565e-01
236 7.737199563020555e-01
237 7.737199563020561e-01
238 7.737199563020560e-01
239 7.737199563020558e-01
240 7.737199563020553e-01
241 7.737199563020557e-01
242 7.737199563020555e-01
243 7.737199563020555e-01
244 7.737199563020554e-01
245 7.737199563020554e-01
246 7.737199563020556e-01
247 7.737199563020556e-01
248 7.737199563020560e-01
249 7.737199563020563e-01
250 7.737199563020550e-01
251 7.737199563020565e-01
252 7.737199563020556e-01
253 7.737199563020561e-01
254 7.737199563020560e-01
255 7.737199563020548e-01
256 7.737199563020565e-01
257 7.737199563020563e-01
258 7.737199563020560e-01
259 7.737199563020558e-01
260 7.737199563020558e-01
261 7.737199563020556e-01
262 7.737199563020563e-01
263 7.737199563020559e-01
264 7.737199563020564e-01
265 7.737199563020560e-01
266 7.737199563020556e-01
267 7.737199563020560e-01
268 7.737199563020556e-01
269 7.737199563020559e-01
270 7.737199563020555e-01
271 7.737199563020555e-01
272 7.737199563020563e-01
273 7.737199563020557e-01
274 7.737199563020555e-01
275 7.737199563020558e-01
276 7.737199563020563e-01
277 7.737199563020556e-01
278 7.737199563020563e-01
279 7.737199563020567e-01
280 7.737199563020556e-01
281 7.737199563020561e-01
282 7.737199563020556e-01
283 7.737199563020565e-01
284 7.737199563020557e-01
285 7.737199563020549e-01
286 7.737199563020561e-01
287 7.737199563020551e-01
288 7.737199563020553e-01
289 7.737199563020568e-01
290 7.737199563020561e-01
291 7.737199563020570e-01
292 7.737199563020564e-01
293 7.737199563020555e-01
294 7.737199563020566e-01
295 7.737199563020560e-01
296 7.737199563020558e-01
297 7.737199563020558e-01
298 7.737199563020569e-01
299 7.737199563020561e-01
300 7.737199563020567e-01
301 7.737199563020556e-01
302 7.737199563020567e-01
303 7.737199563020563e-01
304 7.737199563020551e-01
305 7.737199563020564e-01
306 7.737199563020561e-01
307 7.737199563020575e-01
308 7.737199563020569e-01
309 7.737199563020567e-01
310 7.737199563020540e-01
311 7.737199563020553e-01
312 7.737199563020548e-01
313 7.737199563020559e-01
314 7.737199563020565e-01
315 7.737199563020569e-01
316 7.737199563020556e-01
317 7.737199563020564e-01
318 7.737199563020566e-01
319 7.737199563020561e-01
320 7.737199563020568e-01
321 7.737199563020559e-01
322 7.737199563020559e-01
323 7.737199563020554e-01
324 7.737199563020569e-01
325 7.737199563020564e-01
326 7.737199563020544e-01
327 7.737199563020575e-01
328 7.737199563020545e-01
329 7.737199563020558e-01
330 7.737199563020570e-01
331 7.737199563020535e-01
332 7.737199563020565e-01
333 7.737199563020564e-01
334 7.737199563020559e-01
335 7.737199563020539e-01
336 7.737199563020569e-01
337 7.737199563020589e-01
338 7.737199563020567e-01
339 7.737199563020571e-01
340 7.737199563020549e-01
341 7.737199563020546e-01
342 7.737199563020563e-01
343 7.737199563020577e-01
344 7.737199563020520e-01
345 7.737199563020543e-01
346 7.737199563020629e-01
347 7.737199563020566e-01
348 7.737199563020563e-01
349 7.737199563020570e-01
350 7.737199563020593e-01
351 7.737199563020583e-01
352 7.737199563020560e-01
353 7.737199563020543e-01
354 7.737199563020561e-01
355 7.737199563020549e-01
356 7.737199563020563e-01
357 7.737199563020548e-01
358 7.737199563020541e-01
359 7.737199563020571e-01
360 7.737199563020567e-01
361 7.737199563020557e-01
362 7.737199563020553e-01
363 7.737199563020567e-01
364 7.737199563020565e-01
365 7.737199563020465e-01
366 7.737199563020565e-01
367 7.737199563020556e-01
368 7.737199563020595e-01
369 7.737199563020585e-01
370 7.737199563020521e-01
371 7.737199563020557e-01
372 7.737199563020568e-01
373 7.737199563020548e-01
374 7.737199563020545e-01
375 7.737199563020556e-01
376 7.737199563020557e-01
377 7.737199563020548e-01
378 7.737199563020550e-01
379 7.737199563020559e-01
380 7.737199563020564e-01
381 7.737199563020561e-01
382 7.737199563020550e-01


#a = 2.000000
1 6.510016045009634e-01
2 6.521471346785908e-01
3 6.521471346785904e-01
4 6.521471346785909e-01
5 6.538491724843876e-01
6 6.538491724843873e-01
7 6.538491724843876e-01
8 6.538491724843880e-01
9 6.538491724843866e-01
10 6.538491724843869e-01
11 6.557419294886837e-01
12 6.557419294886833e-01
13 6.557419294886828e-01
14 6.557419294886833e-01
15 6.557419294886838e-01
16 6.557419294886828e-01
17 6.557419294886829e-01
18 6.557419294886830e-01
19 6.557419294886813e-01
20 6.557419294886816e-01
21 6.557419294886814e-01
22 6.557419294886820e-01
23 6.494276076505108e-01
24 6.494276076505098e-01
25 6.494276076505096e-01
26 6.494276076505098e-01
27 6.494276076505081e-01
28 6.494276076505081e-01
29 6.494276076505092e-01
30 6.494276076505090e-01
31 6.494276076505099e-01
32 6.494276076505101e-01
33 6.494276076505092e-01
34 6.494276076505086e-01
35 6.494276076505102e-01
36 6.494276076505101e-01
37 6.494276076505088e-01
38 6.494276076505090e-01
39 6.494276076505070e-01
40 6.494276076505121e-01
41 6.494276076505079e-01
42 6.494276076505094e-01
43 6.494276076505074e-01
44 6.494276076505097e-01
45 6.494276076505084e-01
46 6.494276076505052e-01
47 6.522363609252204e-01
48 6.522363609252206e-01
49 6.522363609252215e-01
50 6.522363609252215e-01
51 6.522363609252204e-01
52 6.522363609252211e-01
53 6.522363609252207e-01
54 6.522363609252200e-01
55 6.522363609252203e-01
56 6.522363609252202e-01
57 6.522363609252200e-01
58 6.522363609252197e-01
59 6.522363609252197e-01
60 6.522363609252196e-01
61 6.522363609252200e-01
62 6.522363609252206e-01
63 6.522363609252216e-01
64 6.522363609252220e-01
65 6.522363609252222e-01
66 6.522363609252236e-01
67 6.522363609252211e-01
68 6.522363609252211e-01
69 6.522363609252211e-01
70 6.522363609252204e-01
71 6.522363609252215e-01
72 6.522363609252206e-01
73 6.522363609252206e-01
74 6.522363609252197e-01
75 6.522363609252205e-01
76 6.522363609252206e-01
77 6.522363609252200e-01
78 6.522363609252206e-01
79 6.522363609252215e-01
80 6.522363609252204e-01
81 6.522363609252215e-01
82 6.522363609252215e-01
83 6.522363609252204e-01
84 6.522363609252210e-01
85 6.522363609252201e-01
86 6.522363609252197e-01
87 6.522363609252202e-01
88 6.522363609252215e-01
89 6.522363609252225e-01
90 6.522363609252231e-01
91 6.522363609252200e-01
92 6.522363609252200e-01
93 6.522363609252189e-01
94 6.522363609252222e-01
95 6.655012303773682e-01
96 6.655012303773685e-01
97 6.655012303773691e-01
98 6.655012303773695e-01
99 6.655012303773684e-01
100 6.655012303773687e-01
101 6.655012303773689e-01
102 6.655012303773691e-01
103 6.655012303773685e-01
104 6.655012303773689e-01
105 6.655012303773691e-01
106 6.655012303773691e-01
107 6.655012303773687e-01
108 6.655012303773690e-01
109 6.655012303773685e-01
110 6.655012303773685e-01
111 6.655012303773697e-01
112 6.655012303773697e-01
113 6.655012303773689e-01
114 6.655012303773692e-01
115 6.655012303773683e-01
116 6.655012303773686e-01
117 6.655012303773693e-01
118 6.655012303773690e-01
119 6.655012303773683e-01
120 6.655012303773686e-01
121 6.655012303773684e-01
122 6.655012303773683e-01
123 6.655012303773684e-01
124 6.655012303773681e-01
125 6.655012303773685e-01
126 6.655012303773685e-01
127 6.655012303773680e-01
128 6.655012303773679e-01
129 6.655012303773694e-01
130 6.655012303773691e-01
131 6.655012303773689e-01
132 6.655012303773690e-01
133 6.655012303773685e-01
134 6.655012303773682e-01
135 6.655012303773681e-01
136 6.655012303773684e-01
137 6.655012303773680e-01
138 6.655012303773677e-01
139 6.655012303773693e-01
140 6.655012303773682e-01
141 6.655012303773689e-01
142 6.655012303773683e-01
143 6.655012303773683e-01
144 6.655012303773677e-01
145 6.655012303773683e-01
146 6.655012303773684e-01
147 6.655012303773691e-01
148 6.655012303773680e-01
149 6.655012303773684e-01
150 6.655012303773686e-01
151 6.655012303773695e-01
152 6.655012303773694e-01
153 6.655012303773691e-01
154 6.655012303773680e-01
155 6.655012303773684e-01
156 6.655012303773709e-01
157 6.655012303773671e-01
158 6.655012303773686e-01
159 6.655012303773687e-01
160 6.655012303773689e-01
161 6.655012303773691e-01
162 6.655012303773710e-01
163 6.655012303773693e-01
164 6.655012303773691e-01
165 6.655012303773689e-01
166 6.655012303773693e-01
167 6.655012303773700e-01
168 6.655012303773691e-01
169 6.655012303773683e-01
170 6.655012303773671e-01
171 6.655012303773689e-01
172 6.655012303773677e-01
173 6.655012303773693e-01
174 6.655012303773693e-01
175 6.655012303773697e-01
176 6.655012303773696e-01
177 6.655012303773687e-01
178 6.655012303773647e-01
179 6.655012303773696e-01
180 6.655012303773686e-01
181 6.655012303773673e-01
182 6.655012303773669e-01
183 6.655012303773753e-01
184 6.655012303773700e-01
185 6.655012303773682e-01
186 6.655012303773682e-01
187 6.655012303773684e-01
188 6.655012303773684e-01
189 6.655012303773683e-01
190 6.655012303773669e-01
191 6.969730873877213e-01
192 6.969730873877216e-01
193 6.969730873877217e-01
194 6.969730873877217e-01
195 6.969730873877208e-01
196 6.969730873877215e-01
197 6.969730873877209e-01
198 6.969730873877212e-01
199 6.969730873877215e-01
200 6.969730873877213e-01
201 6.969730873877210e-01
202 6.969730873877219e-01
203 6.969730873877218e-01
204 6.969730873877207e-01
205 6.969730873877217e-01
206 6.969730873877209e-01
207 6.969730873877222e-01
208 6.969730873877213e-01
209 6.969730873877221e-01
210 6.969730873877211e-01
211 6.969730873877235e-01
212 6.969730873877203e-01
213 6.969730873877211e-01
214 6.969730873877211e-01
215 6.969730873877209e-01
216 6.969730873877213e-01
217 6.969730873877216e-01
218 6.969730873877217e-01
219 6.969730873877216e-01
220 6.969730873877212e-01
221 6.969730873877221e-01
222 6.969730873877210e-01
223 6.969730873877185e-01
224 6.969730873877252e-01
225 6.969730873877217e-01
226 6.969730873877221e-01
227 6.969730873877219e-01
228 6.969730873877216e-01
229 6.969730873877219e-01
230 6.969730873877216e-01
231 6.969730873877220e-01
232 6.969730873877208e-01
233 6.969730873877203e-01
234 6.969730873877225e-01
235 6.969730873877218e-01
236 6.969730873877218e-01
237 6.969730873877222e-01
238 6.969730873877206e-01
239 6.969730873877210e-01
240 6.969730873877219e-01
241 6.969730873877215e-01
242 6.969730873877209e-01
243 6.969730873877203e-01
244 6.969730873877237e-01
245 6.969730873877219e-01
246 6.969730873877210e-01
247 6.969730873877221e-01
248 6.969730873877216e-01
249 6.969730873877211e-01
250 6.969730873877210e-01
251 6.969730873877219e-01
252 6.969730873877203e-01
253 6.969730873877220e-01
254 6.969730873877207e-01
255 6.969730873877225e-01
256 6.969730873877212e-01
257 6.969730873877203e-01
258 6.969730873877237e-01
259 6.969730873877227e-01
260 6.969730873877195e-01
261 6.969730873877227e-01
262 6.969730873877196e-01
263 6.969730873877242e-01
264 6.969730873877206e-01
265 6.969730873877221e-01
266 6.969730873877225e-01
267 6.969730873877207e-01
268 6.969730873877221e-01
269 6.969730873877203e-01
270 6.969730873877245e-01
271 6.969730873877218e-01
272 6.969730873877217e-01
273 6.969730873877226e-01
274 6.969730873877202e-01
275 6.969730873877206e-01
276 6.969730873877231e-01
277 6.969730873877222e-01
278 6.969730873877213e-01
279 6.969730873877233e-01
280 6.969730873877210e-01
281 6.969730873877220e-01
282 6.969730873877218e-01
283 6.969730873877169e-01
284 6.969730873877241e-01
285 6.969730873877223e-01
286 6.969730873877230e-01
287 6.969730873877217e-01
288 6.969730873877207e-01
289 6.969730873877243e-01
290 6.969730873877193e-01
291 6.969730873877192e-01
292 6.969730873877215e-01
293 6.969730873877262e-01
294 6.969730873877150e-01
295 6.969730873877205e-01
296 6.969730873877227e-01
297 6.969730873877206e-01
298 6.969730873877242e-01
299 6.969730873877221e-01
300 6.969730873877227e-01
301 6.969730873877220e-01
302 6.969730873877218e-01
303 6.969730873877242e-01
304 6.969730873877180e-01
305 6.969730873877228e-01
306 6.969730873877200e-01
307 6.969730873877199e-01
308 6.969730873877226e-01
309 6.969730873877258e-01
310 6.969730873877178e-01
311 6.969730873877217e-01
312 6.969730873877240e-01
313 6.969730873877047e-01
314 6.969730873877293e-01
315 6.969730873877422e-01
316 6.969730873877060e-01
317 6.969730873877202e-01
318 6.969730873877215e-01
319 6.969730873877215e-01
320 6.969730873877210e-01
321 6.969730873877249e-01
322 6.969730873877235e-01
323 6.969730873877239e-01
324 6.969730873877198e-01
325 6.969730873876969e-01
326 6.969730873877422e-01
327 6.969730873877262e-01
328 6.969730873877187e-01
329 6.969730873877118e-01
330 6.969730873877336e-01
331 6.969730873877297e-01
332 6.969730873877115e-01
333 6.969730873877242e-01
334 6.969730873877159e-01
335 6.969730873877077e-01
336 6.969730873877300e-01
337 6.969730873877064e-01
338 6.969730873877388e-01
339 6.969730873877158e-01
340 6.969730873877290e-01
341 6.969730873877270e-01
342 6.969730873877176e-01
343 6.969730873877241e-01
344 6.969730873877182e-01
345 6.969730873877220e-01
346 6.969730873877279e-01
347 6.969730873877169e-01
348 6.969730873877208e-01
349 6.969730873877218e-01
350 6.969730873877185e-01
351 6.969730873877217e-01
352 6.969730873877159e-01
353 6.969730873877122e-01
354 6.969730873877251e-01
355 6.969730873877328e-01
356 6.969730873877075e-01
357 6.969730873877372e-01
358 6.969730873877226e-01
359 6.969730873877208e-01
360 6.969730873877187e-01
361 6.969730873877253e-01
362 6.969730873877160e-01
363 6.969730873877312e-01
364 6.969730873877205e-01
365 6.969730873877215e-01
366 6.969730873877258e-01
367 6.969730873877070e-01
368 6.969730873877167e-01
369 6.969730873877154e-01
370 6.969730873877242e-01
371 6.969730873877299e-01
372 6.969730873877170e-01
373 6.969730873877245e-01
374 6.969730873877241e-01
375 6.969730873877211e-01
376 6.969730873877206e-01
377 6.969730873877190e-01
378 6.969730873877195e-01
379 6.969730873877200e-01
380 6.969730873877236e-01
381 6.969730873877249e-01
382 6.969730873877249e-01


#a = 3.000000
1 6.501156496195817e-01
2 6.537776755834238e-01
3 6.537776755834235e-01
4 6.537776755834241e-01
5 6.540817039866054e-01
6 6.540817039866046e-01
7 6.540817039866054e-01
8 6.540817039866046e-01
9 6.540817039866047e-01
10 6.540817039866053e-01
11 6.574641717467709e-01
12 6.574641717467721e-01
13 6.574641717467722e-01
14 6.574641717467735e-01
15 6.574641717467735e-01
16 6.574641717467720e-01
17 6.574641717467720e-01
18 6.574641717467715e-01
19 6.574641717467744e-01
20 6.574641717467737e-01
21 6.574641717467737e-01
22 6.574641717467737e-01
23 6.571946603150753e-01
24 6.571946603150748e-01
25 6.571946603150751e-01
26 6.571946603150756e-01
27 6.571946603150757e-01
28 6.571946603150759e-01
29 6.571946603150766e-01
30 6.571946603150773e-01
31 6.571946603150747e-01
32 6.571946603150748e-01
33 6.571946603150740e-01
34 6.571946603150748e-01
35 6.571946603150751e-01
36 6.571946603150756e-01
37 6.571946603150756e-01
38 6.571946603150748e-01
39 6.571946603150761e-01
40 6.571946603150755e-01
41 6.571946603150743e-01
42 6.571946603150739e-01
43 6.571946603150769e-01
44 6.571946603150761e-01
45 6.571946603150743e-01
46 6.571946603150758e-01
47 6.554529915999942e-01
48 6.554529915999947e-01
49 6.554529915999943e-01
50 6.554529915999945e-01
51 6.554529915999954e-01
52 6.554529915999946e-01
53 6.554529915999957e-01
54 6.554529915999947e-01
55 6.554529915999940e-01
56 6.554529915999937e-01
57 6.554529915999947e-01
58 6.554529915999951e-01
59 6.554529915999942e-01
60 6.554529915999939e-01
61 6.554529915999953e-01
62 6.554529915999955e-01
63 6.554529915999944e-01
64 6.554529915999945e-01
65 6.554529915999943e-01
66 6.554529915999932e-01
67 6.554529915999930e-01
68 6.554529915999939e-01
69 6.554529915999951e-01
70 6.554529915999947e-01
71 6.554529915999945e-01
72 6.554529915999943e-01
73 6.554529915999944e-01
74 6.554529915999946e-01
75 6.554529915999944e-01
76 6.554529915999945e-01
77 6.554529915999945e-01
78 6.554529915999949e-01
79 6.554529915999951e-01
80 6.554529915999944e-01
81 6.554529915999953e-01
82 6.554529915999936e-01
83 6.554529915999948e-01
84 6.554529915999920e-01
85 6.554529915999929e-01
86 6.554529915999932e-01
87 6.554529915999947e-01
88 6.554529915999953e-01
89 6.554529915999965e-01
90 6.554529915999949e-01
91 6.554529915999942e-01
92 6.554529915999956e-01
93 6.554529915999937e-01
94 6.554529915999957e-01
95 6.923164097937036e-01
96 6.923164097937032e-01
97 6.923164097937038e-01
98 6.923164097937033e-01
99 6.923164097937041e-01
100 6.923164097937038e-01
101 6.923164097937042e-01
102 6.923164097937038e-01
103 6.923164097937042e-01
104 6.923164097937040e-01
105 6.923164097937036e-01
106 6.923164097937038e-01
107 6.923164097937036e-01
108 6.923164097937032e-01
109 6.923164097937042e-01
110 6.923164097937045e-01
111 6.923164097937040e-01
112 6.923164097937036e-01
113 6.923164097937031e-01
114 6.923164097937030e-01
115 6.923164097937038e-01
116 6.923164097937042e-01
117 6.923164097937041e-01
118 6.923164097937038e-01
119 6.923164097937047e-01
120 6.923164097937042e-01
121 6.923164097937038e-01
122 6.923164097937040e-01
123 6.923164097937047e-01
124 6.923164097937033e-01
125 6.923164097937040e-01
126 6.923164097937040e-01
127 6.923164097937061e-01
128 6.923164097937042e-01
129 6.923164097937036e-01
130 6.923164097937031e-01
131 6.923164097937047e-01
132 6.923164097937033e-01
133 6.923164097937042e-01
134 6.923164097937035e-01
135 6.923164097937040e-01
136 6.923164097937049e-01
137 6.923164097937046e-01
138 6.923164097937040e-01
139 6.923164097937045e-01
140 6.923164097937041e-01
141 6.923164097937056e-01
142 6.923164097937046e-01
143 6.923164097937040e-01
144 6.923164097937048e-01
145 6.923164097937040e-01
146 6.923164097937038e-01
147 6.923164097937077e-01
148 6.923164097937022e-01
149 6.923164097937019e-01
150 6.923164097937038e-01
151 6.923164097937046e-01
152 6.923164097937029e-01
153 6.923164097937018e-01
154 6.923164097937042e-01
155 6.923164097937025e-01
156 6.923164097937089e-01
157 6.923164097937035e-01
158 6.923164097937030e-01
159 6.923164097937027e-01
160 6.923164097937039e-01
161 6.923164097937048e-01
162 6.923164097937051e-01
163 6.923164097937045e-01
164 6.923164097937019e-01
165 6.923164097937050e-01
166 6.923164097937042e-01
167 6.923164097937045e-01
168 6.923164097937036e-01
169 6.923164097937038e-01
170 6.923164097937122e-01
171 6.923164097937031e-01
172 6.923164097937033e-01
173 6.923164097937031e-01
174 6.923164097937062e-01
175 6.923164097937040e-01
176 6.923164097937043e-01
177 6.923164097937052e-01
178 6.923164097937048e-01
179 6.923164097937000e-01
180 6.923164097937123e-01
181 6.923164097936971e-01
182 6.923164097937204e-01
183 6.923164097936964e-01
184 6.923164097937162e-01
185 6.923164097937111e-01
186 6.923164097937028e-01
187 6.923164097937051e-01
188 6.923164097937022e-01
189 6.923164097936997e-01
190 6.923164097937078e-01
191 6.816546888239153e-01
192 6.816546888239190e-01
193 6.816546888239190e-01
194 6.816546888239166e-01
195 6.816546888239163e-01
196 6.816546888239179e-01
197 6.816546888239191e-01
198 6.816546888239152e-01
199 6.816546888239164e-01
200 6.816546888239177e-01
201 6.816546888239161e-01
202 6.816546888239184e-01
203 6.816546888239137e-01
204 6.816546888239187e-01
205 6.816546888239173e-01
206 6.816546888239176e-01
207 6.816546888239162e-01
208 6.816546888239168e-01
209 6.816546888239142e-01
210 6.816546888239207e-01
211 6.816546888239187e-01
212 6.816546888239160e-01
213 6.816546888239156e-01
214 6.816546888239190e-01
215 6.816546888239186e-01
216 6.816546888239172e-01
217 6.816546888239209e-01
218 6.816546888239136e-01
219 6.816546888239166e-01
220 6.816546888239172e-01
221 6.816546888239184e-01
222 6.816546888239160e-01
223 6.816546888239159e-01
224 6.816546888239182e-01
225 6.816546888239189e-01
226 6.816546888239171e-01
227 6.816546888239146e-01
228 6.816546888239197e-01
229 6.816546888239203e-01
230 6.816546888239156e-01
231 6.816546888239035e-01
232 6.816546888239330e-01
233 6.816546888239178e-01
234 6.816546888239169e-01
235 6.816546888239166e-01
236 6.816546888239159e-01
237 6.816546888239177e-01
238 6.816546888239174e-01
239 6.816546888239043e-01
240 6.816546888239260e-01
241 6.816546888239255e-01
242 6.816546888239093e-01
243 6.816546888239152e-01
244 6.816546888239198e-01
245 6.816546888239193e-01
246 6.816546888239173e-01
247 6.816546888239120e-01
248 6.816546888239199e-01
249 6.816546888239151e-01
250 6.816546888239209e-01
251 6.816546888239158e-01
252 6.816546888239181e-01
253 6.816546888239144e-01
254 6.816546888239201e-01
255 6.816546888239406e-01
256 6.816546888238882e-01
257 6.816546888239148e-01
258 6.816546888239213e-01
259 6.816546888239176e-01
260 6.816546888239172e-01
261 6.816546888239161e-01
262 6.816546888239220e-01
263 6.816546888239156e-01
264 6.816546888239158e-01
265 6.816546888239103e-01
266 6.816546888239275e-01
267 6.816546888239090e-01
268 6.816546888239222e-01
269 6.816546888239204e-01
270 6.816546888239190e-01
271 6.816546888239202e-01
272 6.816546888239171e-01
273 6.816546888239146e-01
274 6.816546888239217e-01
275 6.816546888239149e-01
276 6.816546888239151e-01
277 6.816546888239281e-01
278 6.816546888239091e-01
279 6.816546888239204e-01
280 6.816546888239139e-01
281 6.816546888239229e-01
282 6.816546888239089e-01
283 6.816546888239120e-01
284 6.816546888239186e-01
285 6.816546888239218e-01
286 6.816546888239177e-01
287 6.816546888239253e-01
288 6.816546888239132e-01
289 6.816546888239328e-01
290 6.816546888238976e-01
291 6.816546888239273e-01
292 6.816546888239120e-01
293 6.816546888239232e-01
294 6.816546888239143e-01
295 6.816546888239170e-01
296 6.816546888238814e-01
297 6.816546888239022e-01
298 6.816546888239373e-01
299 6.816546888239939e-01
300 6.816546888238600e-01
301 6.816546888239254e-01
302 6.816546888239147e-01
303 6.816546888239217e-01
304 6.816546888239106e-01
305 6.816546888239254e-01
306 6.816546888239257e-01
307 6.816546888239526e-01
308 6.816546888239083e-01
309 6.816546888239302e-01
310 6.816546888239160e-01
311 6.816546888238604e-01
312 6.816546888239711e-01
313 6.816546888238475e-01
314 6.816546888239263e-01
315 6.816546888239177e-01
316 6.816546888239158e-01
317 6.816546888239315e-01
318 6.816546888239138e-01
319 6.816546888239234e-01
320 6.816546888239269e-01
321 6.816546888239503e-01
322 6.816546888238896e-01
323 6.816546888239345e-01
324 6.816546888238907e-01
325 6.816546888238456e-01
326 6.816546888239819e-01
327 6.816546888238983e-01
328 6.816546888239315e-01
329 6.816546888238867e-01
330 6.816546888239780e-01
331 6.816546888239120e-01
332 6.816546888239121e-01
333 6.816546888239401e-01
334 6.816546888238907e-01
335 6.816546888238991e-01
336 6.816546888239453e-01
337 6.816546888239888e-01
338 6.816546888238689e-01
339 6.816546888238963e-01
340 6.816546888239482e-01
341 6.816546888240542e-01
342 6.816546888237232e-01
343 6.816546888239254e-01
344 6.816546888239212e-01
345 6.816546888239382e-01
346 6.816546888239068e-01
347 6.816546888238825e-01
348 6.816546888239473e-01
349 6.816546888239106e-01
350 6.816546888239128e-01
351 6.816546888239292e-01
352 6.816546888239020e-01
353 6.816546888239217e-01
354 6.816546888239134e-01
355 6.816546888238935e-01
356 6.816546888239334e-01
357 6.816546888239500e-01
358 6.816546888238940e-01
359 6.816546888238916e-01
360 6.816546888239859e-01
361 6.816546888239454e-01
362 6.816546888238244e-01
363 6.816546888240048e-01
364 6.816546888238948e-01
365 6.816546888236813e-01
366 6.816546888240637e-01
367 6.816546888240714e-01
368 6.816546888238406e-01
369 6.816546888238424e-01
370 6.816546888238976e-01
371 6.816546888238747e-01
372 6.816546888239179e-01
373 6.816546888239101e-01
374 6.816546888239450e-01
375 6.816546888238929e-01
376 6.816546888239385e-01
377 6.816546888239214e-01
378 6.816546888239245e-01
379 6.816546888239207e-01
380 6.816546888239157e-01
381 6.816546888239545e-01
382 6.816546888238667e-01


#a = 4.000000
1 6.509291977113719e-01
2 6.533821421332828e-01
3 6.533821421332828e-01
4 6.533821421332819e-01
5 6.556113666439773e-01
6 6.556113666439776e-01
7 6.556113666439768e-01
8 6.556113666439783e-01
9 6.556113666439787e-01
10 6.556113666439806e-01
11 6.583297852831763e-01
12 6.583297852831754e-01
13 6.583297852831759e-01
14 6.583297852831757e-01
15 6.583297852831764e-01
16 6.583297852831765e-01
17 6.583297852831762e-01
18 6.583297852831753e-01
19 6.583297852831754e-01
20 6.583297852831755e-01
21 6.583297852831782e-01
22 6.583297852831798e-01
23 6.591285702398697e-01
24 6.591285702398703e-01
25 6.591285702398719e-01
26 6.591285702398724e-01
27 6.591285702398715e-01
28 6.591285702398710e-01
29 6.591285702398688e-01
30 6.591285702398688e-01
31 6.591285702398706e-01
32 6.591285702398710e-01
33 6.591285702398698e-01
34 6.591285702398693e-01
35 6.591285702398695e-01
36 6.591285702398697e-01
37 6.591285702398706e-01
38 6.591285702398703e-01
39 6.591285702398698e-01
40 6.591285702398685e-01
41 6.591285702398715e-01
42 6.591285702398720e-01
43 6.591285702398689e-01
44 6.591285702398691e-01
45 6.591285702398713e-01
46 6.591285702398697e-01
47 6.661904281336912e-01
48 6.661904281336906e-01
49 6.661904281336916e-01
50 6.661904281336919e-01
51 6.661904281336923e-01
52 6.661904281336926e-01
53 6.661904281336917e-01
54 6.661904281336919e-01
55 6.661904281336910e-01
56 6.661904281336922e-01
57 6.661904281336924e-01
58 6.661904281336919e-01
59 6.661904281336930e-01
60 6.661904281336930e-01
61 6.661904281336906e-01
62 6.661904281336911e-01
63 6.661904281336928e-01
64 6.661904281336930e-01
65 6.661904281336923e-01
66 6.661904281336932e-01
67 6.661904281336921e-01
68 6.661904281336923e-01
69 6.661904281336917e-01
70 6.661904281336921e-01
71 6.661904281336917e-01
72 6.661904281336927e-01
73 6.661904281336907e-01
74 6.661904281336914e-01
75 6.661904281336913e-01
76 6.661904281336919e-01
77 6.661904281336911e-01
78 6.661904281336928e-01
79 6.661904281336930e-01
80 6.661904281336930e-01
81 6.661904281336912e-01
82 6.661904281336908e-01
83 6.661904281336977e-01
84 6.661904281336936e-01
85 6.661904281336923e-01
86 6.661904281336926e-01
87 6.661904281336932e-01
88 6.661904281336914e-01
89 6.661904281336968e-01
90 6.661904281336903e-01
91 6.661904281336951e-01
92 6.661904281336944e-01
93 6.661904281336934e-01
94 6.661904281336899e-01
95 7.046601608103105e-01
96 7.046601608103109e-01
97 7.046601608103099e-01
98 7.046601608103094e-01
99 7.046601608103076e-01
100 7.046601608103079e-01
101 7.046601608103111e-01
102 7.046601608103106e-01
103 7.046601608103098e-01
104 7.046601608103106e-01
105 7.046601608103140e-01
106 7.046601608103144e-01
107 7.046601608103128e-01
108 7.046601608103125e-01
109 7.046601608103116e-01
110 7.046601608103102e-01
111 7.046601608103102e-01
112 7.046601608103100e-01
113 7.046601608103109e-01
114 7.046601608103109e-01
115 7.046601608103136e-01
116 7.046601608103126e-01
117 7.046601608103107e-01
118 7.046601608103112e-01
119 7.046601608103095e-01
120 7.046601608103099e-01
121 7.046601608103107e-01
122 7.046601608103118e-01
123 7.046601608103110e-01
124 7.046601608103105e-01
125 7.046601608103075e-01
126 7.046601608103085e-01
127 7.046601608103107e-01
128 7.046601608103111e-01
129 7.046601608103107e-01
130 7.046601608103125e-01
131 7.046601608103124e-01
132 7.046601608103130e-01
133 7.046601608103131e-01
134 7.046601608103116e-01
135 7.046601608103108e-01
136 7.046601608103097e-01
137 7.046601608103102e-01
138 7.046601608103134e-01
139 7.046601608103114e-01
140 7.046601608103080e-01
141 7.046601608103122e-01
142 7.046601608103114e-01
143 7.046601608103110e-01
144 7.046601608103105e-01
145 7.046601608103107e-01
146 7.046601608103130e-01
147 7.046601608103087e-01
148 7.046601608103134e-01
149 7.046601608103095e-01
150 7.046601608103138e-01
151 7.046601608103085e-01
152 7.046601608103120e-01
153 7.046601608103132e-01
154 7.046601608103173e-01
155 7.046601608103197e-01
156 7.046601608102993e-01
157 7.046601608103091e-01
158 7.046601608103122e-01
159 7.046601608103107e-01
160 7.046601608103127e-01
161 7.046601608103075e-01
162 7.046601608103122e-01
163 7.046601608103069e-01
164 7.046601608103130e-01
165 7.046601608103003e-01
166 7.046601608103198e-01
167 7.046601608103074e-01
168 7.046601608103065e-01
169 7.046601608103107e-01
170 7.046601608103222e-01
171 7.046601608103112e-01
172 7.046601608103092e-01
173 7.046601608103105e-01
174 7.046601608103107e-01
175 7.046601608103135e-01
176 7.046601608103120e-01
177 7.046601608103120e-01
178 7.046601608103129e-01
179 7.046601608103148e-01
180 7.046601608103064e-01
181 7.046601608103166e-01
182 7.046601608103283e-01
183 7.046601608102971e-01
184 7.046601608103131e-01
185 7.046601608102971e-01
186 7.046601608103226e-01
187 7.046601608103178e-01
188 7.046601608103074e-01
189 7.046601608103122e-01
190 7.046601608103110e-01
191 6.724567556180616e-01
192 6.724567556180141e-01
193 6.724567556180464e-01
194 6.724567556180300e-01
195 6.724567556180320e-01
196 6.724567556180380e-01
197 6.724567556180323e-01
198 6.724567556180411e-01
199 6.724567556180376e-01
200 6.724567556180382e-01
201 6.724567556180181e-01
202 6.724567556180470e-01
203 6.724567556180190e-01
204 6.724567556180503e-01
205 6.724567556180431e-01
206 6.724567556180276e-01
207 6.724567556180536e-01
208 6.724567556180221e-01
209 6.724567556180275e-01
210 6.724567556180416e-01
211 6.724567556180272e-01
212 6.724567556180459e-01
213 6.724567556180270e-01
214 6.724567556180435e-01
215 6.724567556180074e-01
216 6.724567556180581e-01
217 6.724567556180472e-01
218 6.724567556180236e-01
219 6.724567556180486e-01
220 6.724567556180265e-01
221 6.724567556180266e-01
222 6.724567556180456e-01
223 6.724567556180200e-01
224 6.724567556180445e-01
225 6.724567556180484e-01
226 6.724567556180199e-01
227 6.724567556180350e-01
228 6.724567556180208e-01
229 6.724567556180447e-01
230 6.724567556180134e-01
231 6.724567556180457e-01
232 6.724567556180446e-01
233 6.724567556180491e-01
234 6.724567556180461e-01
235 6.724567556180164e-01
236 6.724567556180506e-01
237 6.724567556180471e-01
238 6.724567556180264e-01
239 6.724567556180500e-01
240 6.724567556180142e-01
241 6.724567556180322e-01
242 6.724567556180234e-01
243 6.724567556180173e-01
244 6.724567556180554e-01
245 6.724567556180315e-01
246 6.724567556180272e-01
247 6.724567556180382e-01
248 6.724567556180412e-01
249 6.724567556180212e-01
250 6.724567556180667e-01
251 6.724567556180688e-01
252 6.724567556180211e-01
253 6.724567556180291e-01
254 6.724567556180430e-01
255 6.724567556180353e-01
256 6.724567556180394e-01
257 6.724567556180397e-01
258 6.724567556180286e-01
259 6.724567556181211e-01
260 6.724567556179626e-01
261 6.724567556180070e-01
262 6.724567556180536e-01
263 6.724567556180312e-01
264 6.724567556180517e-01
265 6.724567556180788e-01
266 6.724567556179928e-01
267 6.724567556179731e-01
268 6.724567556180865e-01
269 6.724567556180355e-01
270 6.724567556180353e-01
271 6.724567556181000e-01
272 6.724567556179373e-01
273 6.724567556180358e-01
274 6.724567556180140e-01
275 6.724567556179335e-01
276 6.724567556182062e-01
277 6.724567556180087e-01
278 6.724567556180765e-01
279 6.724567556179901e-01
280 6.724567556180590e-01
281 6.724567556180748e-01
282 6.724567556180149e-01
283 6.724567556179394e-01
284 6.724567556181283e-01
285 6.724567556180998e-01
286 6.724567556179845e-01
287 6.724567556180637e-01
288 6.724567556180112e-01
289 6.724567556181195e-01
290 6.724567556179795e-01
291 6.724567556179385e-01
292 6.724567556181050e-01
293 6.724567556179970e-01
294 6.724567556180359e-01
295 6.724567556180370e-01
296 6.724567556180583e-01
297 6.724567556178962e-01
298 6.724567556181464e-01
299 6.724567556178932e-01
300 6.724567556182109e-01
301 6.724567556179039e-01
302 6.724567556181358e-01
303 6.724567556179953e-01
304 6.724567556179968e-01
305 6.724567556181794e-01
306 6.724567556178782e-01
307 6.724567556179725e-01
308 6.724567556180628e-01
309 6.724567556181817e-01
310 6.724567556178119e-01
311 6.724567556180508e-01
312 6.724567556178329e-01
313 6.724567556180948e-01
314 6.724567556181990e-01
315 6.724567556179046e-01
316 6.724567556182661e-01
317 6.724567556181209e-01
318 6.724567556179992e-01
319 6.724567556179921e-01
320 6.724567556181127e-01
321 6.724567556181981e-01
322 6.724567556178846e-01
323 6.724567556179269e-01
324 6.724567556181805e-01
325 6.724567556177702e-01
326 6.724567556182256e-01
327 6.724567556179958e-01
328 6.724567556181720e-01
329 6.724567556179399e-01
330 6.724567556181048e-01
331 6.724567556183755e-01
332 6.724567556178606e-01
333 6.724567556177542e-01
334 6.724567556180909e-01
335 6.724567556181702e-01
336 6.724567556181252e-01
337 6.724567556181021e-01
338 6.724567556181857e-01
339 6.724567556175211e-01
340 6.724567556184753e-01
341 6.724567556188052e-01
342 6.724567556168972e-01
343 6.724567556181441e-01
344 6.724567556179361e-01
345 6.724567556180489e-01
346 6.724567556180662e-01
347 6.724567556179509e-01
348 6.724567556181196e-01
349 6.724567556179275e-01
350 6.724567556181061e-01
351 6.724567556181685e-01
352 6.724567556178811e-01
353 6.724567556179670e-01
354 6.724567556180944e-01
355 6.724567556178513e-01
356 6.724567556182443e-01
357 6.724567556180160e-01
358 6.724567556180380e-01
359 6.724567556180364e-01
360 6.724567556181082e-01
361 6.724567556182151e-01
362 6.724567556181665e-01
363 6.724567556183901e-01
364 6.724567556175611e-01
365 6.724567556184994e-01
366 6.724567556172858e-01
367 6.724567556185213e-01
368 6.724567556178325e-01
369 6.724567556180556e-01
370 6.724567556177538e-01
371 6.724567556182836e-01
372 6.724567556181018e-01
373 6.724567556178161e-01
374 6.724567556180919e-01
375 6.724567556180056e-01
376 6.724567556179302e-01
377 6.724567556180074e-01
378 6.724567556181935e-01
379 6.724567556180300e-01
380 6.724567556179846e-01
381 6.724567556179615e-01
382 6.724567556180204e-01


