## Parameters ##
# z = 3
# m = 8
# t = 1.000000000000000e+00
# mu = 1.000000000000000e-10
# opt = sc
#
#
#a = 0.000000
1 5.000000000000011e-01
2 5.833333333333333e-01
3 5.833333333333334e-01
4 5.833333333333324e-01
5 4.999999999999999e-01
6 5.000000000000001e-01
7 5.000000000000002e-01
8 5.000000000000004e-01
9 5.000000000000004e-01
10 5.000000000000013e-01
11 6.041666666666662e-01
12 6.041666666666669e-01
13 6.041666666666671e-01
14 6.041666666666666e-01
15 6.041666666666674e-01
16 6.041666666666665e-01
17 6.041666666666676e-01
18 6.041666666666671e-01
19 6.041666666666667e-01
20 6.041666666666673e-01
21 6.041666666666665e-01
22 6.041666666666666e-01
23 4.999999999999998e-01
24 5.000000000000001e-01
25 5.000000000000007e-01
26 5.000000000000000e-01
27 4.999999999999997e-01
28 5.000000000000001e-01
29 5.000000000000006e-01
30 5.000000000000006e-01
31 5.000000000000002e-01
32 5.000000000000000e-01
33 5.000000000000004e-01
34 4.999999999999997e-01
35 5.000000000000006e-01
36 4.999999999999998e-01
37 5.000000000000007e-01
38 5.000000000000007e-01
39 4.999999999999993e-01
40 4.999999999999998e-01
41 4.999999999999995e-01
42 4.999999999999993e-01
43 5.000000000000001e-01
44 4.999999999999994e-01
45 5.000000000000011e-01
46 4.999999999999999e-01
47 6.510416666666673e-01
48 6.510416666666667e-01
49 6.510416666666669e-01
50 6.510416666666670e-01
51 6.510416666666667e-01
52 6.510416666666665e-01
53 6.510416666666670e-01
54 6.510416666666672e-01
55 6.510416666666673e-01
56 6.510416666666666e-01
57 6.510416666666670e-01
58 6.510416666666666e-01
59 6.510416666666664e-01
60 6.510416666666666e-01
61 6.510416666666669e-01
62 6.510416666666666e-01
63 6.510416666666671e-01
64 6.510416666666672e-01
65 6.510416666666673e-01
66 6.510416666666670e-01
67 6.510416666666670e-01
68 6.510416666666670e-01
69 6.510416666666667e-01
70 6.510416666666666e-01
71 6.510416666666671e-01
72 6.510416666666667e-01
73 6.510416666666669e-01
74 6.510416666666669e-01
75 6.510416666666672e-01
76 6.510416666666667e-01
77 6.510416666666674e-01
78 6.510416666666671e-01
79 6.510416666666666e-01
80 6.510416666666676e-01
81 6.510416666666666e-01
82 6.510416666666672e-01
83 6.510416666666659e-01
84 6.510416666666666e-01
85 6.510416666666664e-01
86 6.510416666666661e-01
87 6.510416666666665e-01
88 6.510416666666663e-01
89 6.510416666666679e-01
90 6.510416666666673e-01
91 6.510416666666665e-01
92 6.510416666666663e-01
93 6.510416666666671e-01
94 6.510416666666666e-01
95 5.000000000000001e-01
96 5.000000000000001e-01
97 4.999999999999998e-01
98 5.000000000000001e-01
99 4.999999999999999e-01
100 5.000000000000000e-01
101 4.999999999999997e-01
102 4.999999999999997e-01
103 4.999999999999999e-01
104 5.000000000000001e-01
105 4.999999999999997e-01
106 4.999999999999997e-01
107 5.000000000000002e-01
108 5.000000000000002e-01
109 4.999999999999998e-01
110 5.000000000000002e-01
111 4.999999999999996e-01
112 4.999999999999994e-01
113 4.999999999999999e-01
114 4.999999999999995e-01
115 4.999999999999999e-01
116 4.999999999999996e-01
117 5.000000000000003e-01
118 4.999999999999996e-01
119 4.999999999999999e-01
120 4.999999999999997e-01
121 4.999999999999999e-01
122 5.000000000000000e-01
123 5.000000000000000e-01
124 4.999999999999998e-01
125 5.000000000000002e-01
126 5.000000000000002e-01
127 4.999999999999999e-01
128 5.000000000000000e-01
129 4.999999999999997e-01
130 4.999999999999997e-01
131 5.000000000000001e-01
132 5.000000000000003e-01
133 4.999999999999997e-01
134 5.000000000000000e-01
135 4.999999999999996e-01
136 4.999999999999999e-01
137 4.999999999999998e-01
138 4.999999999999997e-01
139 4.999999999999998e-01
140 5.000000000000003e-01
141 5.000000000000001e-01
142 5.000000000000002e-01
143 5.000000000000002e-01
144 5.000000000000002e-01
145 4.999999999999999e-01
146 5.000000000000001e-01
147 5.000000000000001e-01
148 5.000000000000000e-01
149 5.000000000000002e-01
150 5.000000000000004e-01
151 4.999999999999999e-01
152 4.999999999999999e-01
153 5.000000000000000e-01
154 5.000000000000004e-01
155 5.000000000000000e-01
156 4.999999999999996e-01
157 5.000000000000000e-01
158 5.000000000000002e-01
159 4.999999999999999e-01
160 5.000000000000002e-01
161 5.000000000000001e-01
162 4.999999999999998e-01
163 4.999999999999997e-01
164 5.000000000000004e-01
165 4.999999999999998e-01
166 4.999999999999997e-01
167 4.999999999999997e-01
168 4.999999999999997e-01
169 4.999999999999981e-01
170 4.999999999999991e-01
171 4.999999999999991e-01
172 4.999999999999999e-01
173 5.000000000000001e-01
174 5.000000000000002e-01
175 5.000000000000002e-01
176 4.999999999999999e-01
177 4.999999999999997e-01
178 4.999999999999996e-01
179 4.999999999999993e-01
180 5.000000000000006e-01
181 4.999999999999997e-01
182 4.999999999999999e-01
183 4.999999999999989e-01
184 5.000000000000002e-01
185 4.999999999999999e-01
186 4.999999999999993e-01
187 4.999999999999994e-01
188 4.999999999999996e-01
189 4.999999999999994e-01
190 4.999999999999999e-01
191 7.877604166666665e-01
192 7.877604166666667e-01
193 7.877604166666667e-01
194 7.877604166666676e-01
195 7.877604166666670e-01
196 7.877604166666669e-01
197 7.877604166666672e-01
198 7.877604166666661e-01
199 7.877604166666670e-01
200 7.877604166666672e-01
201 7.877604166666666e-01
202 7.877604166666674e-01
203 7.877604166666664e-01
204 7.877604166666671e-01
205 7.877604166666670e-01
206 7.877604166666667e-01
207 7.877604166666676e-01
208 7.877604166666672e-01
209 7.877604166666670e-01
210 7.877604166666667e-01
211 7.877604166666670e-01
212 7.877604166666672e-01
213 7.877604166666673e-01
214 7.877604166666674e-01
215 7.877604166666677e-01
216 7.877604166666666e-01
217 7.877604166666662e-01
218 7.877604166666676e-01
219 7.877604166666681e-01
220 7.877604166666672e-01
221 7.877604166666665e-01
222 7.877604166666666e-01
223 7.877604166666673e-01
224 7.877604166666673e-01
225 7.877604166666675e-01
226 7.877604166666670e-01
227 7.877604166666670e-01
228 7.877604166666666e-01
229 7.877604166666665e-01
230 7.877604166666671e-01
231 7.877604166666670e-01
232 7.877604166666675e-01
233 7.877604166666679e-01
234 7.877604166666676e-01
235 7.877604166666670e-01
236 7.877604166666669e-01
237 7.877604166666667e-01
238 7.877604166666673e-01
239 7.877604166666670e-01
240 7.877604166666667e-01
241 7.877604166666671e-01
242 7.877604166666672e-01
243 7.877604166666665e-01
244 7.877604166666674e-01
245 7.877604166666665e-01
246 7.877604166666670e-01
247 7.877604166666667e-01
248 7.877604166666670e-01
249 7.877604166666671e-01
250 7.877604166666664e-01
251 7.877604166666673e-01
252 7.877604166666667e-01
253 7.877604166666673e-01
254 7.877604166666667e-01
255 7.877604166666667e-01
256 7.877604166666667e-01
257 7.877604166666666e-01
258 7.877604166666670e-01
259 7.877604166666670e-01
260 7.877604166666667e-01
261 7.877604166666669e-01
262 7.877604166666677e-01
263 7.877604166666669e-01
264 7.877604166666667e-01
265 7.877604166666681e-01
266 7.877604166666670e-01
267 7.877604166666679e-01
268 7.877604166666676e-01
269 7.877604166666675e-01
270 7.877604166666675e-01
271 7.877604166666670e-01
272 7.877604166666677e-01
273 7.877604166666679e-01
274 7.877604166666667e-01
275 7.877604166666675e-01
276 7.877604166666664e-01
277 7.877604166666673e-01
278 7.877604166666672e-01
279 7.877604166666674e-01
280 7.877604166666673e-01
281 7.877604166666669e-01
282 7.877604166666667e-01
283 7.877604166666672e-01
284 7.877604166666667e-01
285 7.877604166666669e-01
286 7.877604166666664e-01
287 7.877604166666675e-01
288 7.877604166666663e-01
289 7.877604166666674e-01
290 7.877604166666669e-01
291 7.877604166666667e-01
292 7.877604166666669e-01
293 7.877604166666672e-01
294 7.877604166666671e-01
295 7.877604166666679e-01
296 7.877604166666673e-01
297 7.877604166666675e-01
298 7.877604166666666e-01
299 7.877604166666670e-01
300 7.877604166666672e-01
301 7.877604166666669e-01
302 7.877604166666677e-01
303 7.877604166666671e-01
304 7.877604166666679e-01
305 7.877604166666676e-01
306 7.877604166666671e-01
307 7.877604166666664e-01
308 7.877604166666679e-01
309 7.877604166666672e-01
310 7.877604166666671e-01
311 7.877604166666672e-01
312 7.877604166666676e-01
313 7.877604166666677e-01
314 7.877604166666672e-01
315 7.877604166666676e-01
316 7.877604166666679e-01
317 7.877604166666679e-01
318 7.877604166666675e-01
319 7.877604166666665e-01
320 7.877604166666669e-01
321 7.877604166666659e-01
322 7.877604166666662e-01
323 7.877604166666677e-01
324 7.877604166666680e-01
325 7.877604166666661e-01
326 7.877604166666674e-01
327 7.877604166666674e-01
328 7.877604166666684e-01
329 7.877604166666671e-01
330 7.877604166666672e-01
331 7.877604166666665e-01
332 7.877604166666673e-01
333 7.877604166666676e-01
334 7.877604166666662e-01
335 7.877604166666673e-01
336 7.877604166666672e-01
337 7.877604166666662e-01
338 7.877604166666669e-01
339 7.877604166666655e-01
340 7.877604166666670e-01
341 7.877604166666663e-01
342 7.877604166666661e-01
343 7.877604166666672e-01
344 7.877604166666665e-01
345 7.877604166666670e-01
346 7.877604166666657e-01
347 7.877604166666669e-01
348 7.877604166666674e-01
349 7.877604166666684e-01
350 7.877604166666666e-01
351 7.877604166666681e-01
352 7.877604166666672e-01
353 7.877604166666676e-01
354 7.877604166666670e-01
355 7.877604166666664e-01
356 7.877604166666680e-01
357 7.877604166666657e-01
358 7.877604166666671e-01
359 7.877604166666651e-01
360 7.877604166666652e-01
361 7.877604166666655e-01
362 7.877604166666664e-01
363 7.877604166666673e-01
364 7.877604166666680e-01
365 7.877604166666679e-01
366 7.877604166666644e-01
367 7.877604166666675e-01
368 7.877604166666673e-01
369 7.877604166666676e-01
370 7.877604166666676e-01
371 7.877604166666675e-01
372 7.877604166666677e-01
373 7.877604166666669e-01
374 7.877604166666676e-01
375 7.877604166666672e-01
376 7.877604166666664e-01
377 7.877604166666662e-01
378 7.877604166666667e-01
379 7.877604166666666e-01
380 7.877604166666666e-01
381 7.877604166666669e-01
382 7.877604166666656e-01


#a = 1.000000
1 5.000000000104147e-01
2 5.289561611747350e-01
3 5.289561611747353e-01
4 5.289561611747347e-01
5 5.000000000106974e-01
6 5.000000000106987e-01
7 5.000000000106986e-01
8 5.000000000106992e-01
9 5.000000000106987e-01
10 5.000000000106984e-01
11 5.374130826541994e-01
12 5.374130826541996e-01
13 5.374130826541994e-01
14 5.374130826542000e-01
15 5.374130826541992e-01
16 5.374130826541997e-01
17 5.374130826541992e-01
18 5.374130826541997e-01
19 5.374130826541990e-01
20 5.374130826541978e-01
21 5.374130826541985e-01
22 5.374130826541975e-01
23 5.000000000107310e-01
24 5.000000000107311e-01
25 5.000000000107307e-01
26 5.000000000107311e-01
27 5.000000000107314e-01
28 5.000000000107312e-01
29 5.000000000107310e-01
30 5.000000000107312e-01
31 5.000000000107310e-01
32 5.000000000107303e-01
33 5.000000000107305e-01
34 5.000000000107307e-01
35 5.000000000107305e-01
36 5.000000000107307e-01
37 5.000000000107307e-01
38 5.000000000107309e-01
39 5.000000000107314e-01
40 5.000000000107314e-01
41 5.000000000107305e-01
42 5.000000000107322e-01
43 5.000000000107302e-01
44 5.000000000107295e-01
45 5.000000000107293e-01
46 5.000000000107299e-01
47 5.667421244571333e-01
48 5.667421244571339e-01
49 5.667421244571346e-01
50 5.667421244571339e-01
51 5.667421244571345e-01
52 5.667421244571345e-01
53 5.667421244571347e-01
54 5.667421244571341e-01
55 5.667421244571335e-01
56 5.667421244571329e-01
57 5.667421244571345e-01
58 5.667421244571348e-01
59 5.667421244571342e-01
60 5.667421244571338e-01
61 5.667421244571338e-01
62 5.667421244571345e-01
63 5.667421244571333e-01
64 5.667421244571338e-01
65 5.667421244571343e-01
66 5.667421244571336e-01
67 5.667421244571342e-01
68 5.667421244571332e-01
69 5.667421244571336e-01
70 5.667421244571341e-01
71 5.667421244571338e-01
72 5.667421244571350e-01
73 5.667421244571337e-01
74 5.667421244571338e-01
75 5.667421244571350e-01
76 5.667421244571345e-01
77 5.667421244571348e-01
78 5.667421244571346e-01
79 5.667421244571332e-01
80 5.667421244571325e-01
81 5.667421244571333e-01
82 5.667421244571342e-01
83 5.667421244571333e-01
84 5.667421244571338e-01
85 5.667421244571335e-01
86 5.667421244571338e-01
87 5.667421244571341e-01
88 5.667421244571337e-01
89 5.667421244571343e-01
90 5.667421244571345e-01
91 5.667421244571332e-01
92 5.667421244571319e-01
93 5.667421244571329e-01
94 5.667421244571342e-01
95 5.000000000101139e-01
96 5.000000000101139e-01
97 5.000000000101128e-01
98 5.000000000101128e-01
99 5.000000000101118e-01
100 5.000000000101120e-01
101 5.000000000101131e-01
102 5.000000000101137e-01
103 5.000000000101127e-01
104 5.000000000101127e-01
105 5.000000000101128e-01
106 5.000000000101126e-01
107 5.000000000101134e-01
108 5.000000000101132e-01
109 5.000000000101128e-01
110 5.000000000101130e-01
111 5.000000000101121e-01
112 5.000000000101125e-01
113 5.000000000101119e-01
114 5.000000000101124e-01
115 5.000000000101135e-01
116 5.000000000101139e-01
117 5.000000000101136e-01
118 5.000000000101132e-01
119 5.000000000101141e-01
120 5.000000000101141e-01
121 5.000000000101135e-01
122 5.000000000101130e-01
123 5.000000000101125e-01
124 5.000000000101125e-01
125 5.000000000101126e-01
126 5.000000000101131e-01
127 5.000000000101126e-01
128 5.000000000101128e-01
129 5.000000000101127e-01
130 5.000000000101126e-01
131 5.000000000101129e-01
132 5.000000000101128e-01
133 5.000000000101126e-01
134 5.000000000101130e-01
135 5.000000000101121e-01
136 5.000000000101121e-01
137 5.000000000101131e-01
138 5.000000000101132e-01
139 5.000000000101130e-01
140 5.000000000101128e-01
141 5.000000000101126e-01
142 5.000000000101122e-01
143 5.000000000101136e-01
144 5.000000000101130e-01
145 5.000000000101132e-01
146 5.000000000101129e-01
147 5.000000000101131e-01
148 5.000000000101132e-01
149 5.000000000101125e-01
150 5.000000000101126e-01
151 5.000000000101132e-01
152 5.000000000101132e-01
153 5.000000000101135e-01
154 5.000000000101128e-01
155 5.000000000101131e-01
156 5.000000000101135e-01
157 5.000000000101131e-01
158 5.000000000101130e-01
159 5.000000000101126e-01
160 5.000000000101132e-01
161 5.000000000101107e-01
162 5.000000000101097e-01
163 5.000000000101128e-01
164 5.000000000101132e-01
165 5.000000000101129e-01
166 5.000000000101135e-01
167 5.000000000101121e-01
168 5.000000000101121e-01
169 5.000000000101137e-01
170 5.000000000101132e-01
171 5.000000000101119e-01
172 5.000000000101128e-01
173 5.000000000101135e-01
174 5.000000000101138e-01
175 5.000000000101126e-01
176 5.000000000101118e-01
177 5.000000000101132e-01
178 5.000000000101131e-01
179 5.000000000101124e-01
180 5.000000000101131e-01
181 5.000000000101114e-01
182 5.000000000101119e-01
183 5.000000000101139e-01
184 5.000000000101141e-01
185 5.000000000101132e-01
186 5.000000000101121e-01
187 5.000000000101131e-01
188 5.000000000101131e-01
189 5.000000000101124e-01
190 5.000000000101121e-01
191 8.138570445280198e-01
192 8.138570445280195e-01
193 8.138570445280197e-01
194 8.138570445280195e-01
195 8.138570445280217e-01
196 8.138570445280219e-01
197 8.138570445280198e-01
198 8.138570445280209e-01
199 8.138570445280201e-01
200 8.138570445280200e-01
201 8.138570445280204e-01
202 8.138570445280199e-01
203 8.138570445280204e-01
204 8.138570445280209e-01
205 8.138570445280199e-01
206 8.138570445280192e-01
207 8.138570445280194e-01
208 8.138570445280201e-01
209 8.138570445280195e-01
210 8.138570445280195e-01
211 8.138570445280205e-01
212 8.138570445280208e-01
213 8.138570445280205e-01
214 8.138570445280205e-01
215 8.138570445280209e-01
216 8.138570445280212e-01
217 8.138570445280203e-01
218 8.138570445280205e-01
219 8.138570445280203e-01
220 8.138570445280210e-01
221 8.138570445280199e-01
222 8.138570445280201e-01
223 8.138570445280202e-01
224 8.138570445280209e-01
225 8.138570445280211e-01
226 8.138570445280205e-01
227 8.138570445280207e-01
228 8.138570445280201e-01
229 8.138570445280200e-01
230 8.138570445280205e-01
231 8.138570445280211e-01
232 8.138570445280213e-01
233 8.138570445280205e-01
234 8.138570445280208e-01
235 8.138570445280229e-01
236 8.138570445280214e-01
237 8.138570445280203e-01
238 8.138570445280193e-01
239 8.138570445280233e-01
240 8.138570445280229e-01
241 8.138570445280208e-01
242 8.138570445280204e-01
243 8.138570445280210e-01
244 8.138570445280211e-01
245 8.138570445280194e-01
246 8.138570445280192e-01
247 8.138570445280213e-01
248 8.138570445280210e-01
249 8.138570445280204e-01
250 8.138570445280205e-01
251 8.138570445280189e-01
252 8.138570445280191e-01
253 8.138570445280199e-01
254 8.138570445280195e-01
255 8.138570445280207e-01
256 8.138570445280198e-01
257 8.138570445280211e-01
258 8.138570445280208e-01
259 8.138570445280201e-01
260 8.138570445280193e-01
261 8.138570445280204e-01
262 8.138570445280215e-01
263 8.138570445280200e-01
264 8.138570445280199e-01
265 8.138570445280219e-01
266 8.138570445280217e-01
267 8.138570445280219e-01
268 8.138570445280212e-01
269 8.138570445280215e-01
270 8.138570445280209e-01
271 8.138570445280203e-01
272 8.138570445280191e-01
273 8.138570445280203e-01
274 8.138570445280202e-01
275 8.138570445280202e-01
276 8.138570445280212e-01
277 8.138570445280199e-01
278 8.138570445280204e-01
279 8.138570445280207e-01
280 8.138570445280209e-01
281 8.138570445280199e-01
282 8.138570445280218e-01
283 8.138570445280204e-01
284 8.138570445280217e-01
285 8.138570445280208e-01
286 8.138570445280197e-01
287 8.138570445280213e-01
288 8.138570445280215e-01
289 8.138570445280214e-01
290 8.138570445280212e-01
291 8.138570445280193e-01
292 8.138570445280204e-01
293 8.138570445280189e-01
294 8.138570445280191e-01
295 8.138570445280209e-01
296 8.138570445280210e-01
297 8.138570445280231e-01
298 8.138570445280220e-01
299 8.138570445280218e-01
300 8.138570445280211e-01
301 8.138570445280203e-01
302 8.138570445280219e-01
303 8.138570445280212e-01
304 8.138570445280209e-01
305 8.138570445280217e-01
306 8.138570445280213e-01
307 8.138570445280207e-01
308 8.138570445280204e-01
309 8.138570445280221e-01
310 8.138570445280227e-01
311 8.138570445280207e-01
312 8.138570445280194e-01
313 8.138570445280229e-01
314 8.138570445280201e-01
315 8.138570445280194e-01
316 8.138570445280197e-01
317 8.138570445280197e-01
318 8.138570445280197e-01
319 8.138570445280209e-01
320 8.138570445280198e-01
321 8.138570445280202e-01
322 8.138570445280199e-01
323 8.138570445280220e-01
324 8.138570445280207e-01
325 8.138570445280214e-01
326 8.138570445280217e-01
327 8.138570445280203e-01
328 8.138570445280210e-01
329 8.138570445280204e-01
330 8.138570445280209e-01
331 8.138570445280198e-01
332 8.138570445280194e-01
333 8.138570445280197e-01
334 8.138570445280202e-01
335 8.138570445280190e-01
336 8.138570445280200e-01
337 8.138570445280199e-01
338 8.138570445280210e-01
339 8.138570445280188e-01
340 8.138570445280202e-01
341 8.138570445280193e-01
342 8.138570445280198e-01
343 8.138570445280223e-01
344 8.138570445280202e-01
345 8.138570445280217e-01
346 8.138570445280204e-01
347 8.138570445280202e-01
348 8.138570445280190e-01
349 8.138570445280211e-01
350 8.138570445280197e-01
351 8.138570445280201e-01
352 8.138570445280202e-01
353 8.138570445280211e-01
354 8.138570445280199e-01
355 8.138570445280197e-01
356 8.138570445280210e-01
357 8.138570445280203e-01
358 8.138570445280202e-01
359 8.138570445280217e-01
360 8.138570445280192e-01
361 8.138570445280201e-01
362 8.138570445280207e-01
363 8.138570445280211e-01
364 8.138570445280192e-01
365 8.138570445280201e-01
366 8.138570445280212e-01
367 8.138570445280204e-01
368 8.138570445280211e-01
369 8.138570445280199e-01
370 8.138570445280211e-01
371 8.138570445280188e-01
372 8.138570445280213e-01
373 8.138570445280191e-01
374 8.138570445280202e-01
375 8.138570445280195e-01
376 8.138570445280205e-01
377 8.138570445280205e-01
378 8.138570445280207e-01
379 8.138570445280208e-01
380 8.138570445280203e-01
381 8.138570445280227e-01
382 8.138570445280233e-01


#a = 2.000000
1 5.000000000155618e-01
2 5.055002322402848e-01
3 5.055002322402855e-01
4 5.055002322402843e-01
5 5.000000000158484e-01
6 5.000000000158475e-01
7 5.000000000158477e-01
8 5.000000000158481e-01
9 5.000000000158495e-01
10 5.000000000158489e-01
11 5.081005498707304e-01
12 5.081005498707307e-01
13 5.081005498707308e-01
14 5.081005498707315e-01
15 5.081005498707318e-01
16 5.081005498707325e-01
17 5.081005498707318e-01
18 5.081005498707311e-01
19 5.081005498707307e-01
20 5.081005498707301e-01
21 5.081005498707315e-01
22 5.081005498707313e-01
23 5.000000000165131e-01
24 5.000000000165130e-01
25 5.000000000165135e-01
26 5.000000000165142e-01
27 5.000000000165126e-01
28 5.000000000165133e-01
29 5.000000000165132e-01
30 5.000000000165132e-01
31 5.000000000165135e-01
32 5.000000000165137e-01
33 5.000000000165133e-01
34 5.000000000165136e-01
35 5.000000000165138e-01
36 5.000000000165132e-01
37 5.000000000165139e-01
38 5.000000000165137e-01
39 5.000000000165112e-01
40 5.000000000165126e-01
41 5.000000000165147e-01
42 5.000000000165102e-01
43 5.000000000165132e-01
44 5.000000000165128e-01
45 5.000000000165122e-01
46 5.000000000165147e-01
47 5.211524487990172e-01
48 5.211524487990173e-01
49 5.211524487990176e-01
50 5.211524487990173e-01
51 5.211524487990177e-01
52 5.211524487990165e-01
53 5.211524487990171e-01
54 5.211524487990172e-01
55 5.211524487990173e-01
56 5.211524487990173e-01
57 5.211524487990166e-01
58 5.211524487990170e-01
59 5.211524487990175e-01
60 5.211524487990175e-01
61 5.211524487990183e-01
62 5.211524487990176e-01
63 5.211524487990177e-01
64 5.211524487990177e-01
65 5.211524487990175e-01
66 5.211524487990180e-01
67 5.211524487990181e-01
68 5.211524487990177e-01
69 5.211524487990179e-01
70 5.211524487990182e-01
71 5.211524487990171e-01
72 5.211524487990180e-01
73 5.211524487990183e-01
74 5.211524487990183e-01
75 5.211524487990180e-01
76 5.211524487990177e-01
77 5.211524487990171e-01
78 5.211524487990175e-01
79 5.211524487990168e-01
80 5.211524487990170e-01
81 5.211524487990181e-01
82 5.211524487990168e-01
83 5.211524487990173e-01
84 5.211524487990169e-01
85 5.211524487990179e-01
86 5.211524487990165e-01
87 5.211524487990188e-01
88 5.211524487990186e-01
89 5.211524487990186e-01
90 5.211524487990179e-01
91 5.211524487990193e-01
92 5.211524487990177e-01
93 5.211524487990188e-01
94 5.211524487990182e-01
95 5.000000000197967e-01
96 5.000000000197968e-01
97 5.000000000197963e-01
98 5.000000000197964e-01
99 5.000000000197974e-01
100 5.000000000197975e-01
101 5.000000000197976e-01
102 5.000000000197968e-01
103 5.000000000197964e-01
104 5.000000000197971e-01
105 5.000000000197965e-01
106 5.000000000197959e-01
107 5.000000000197973e-01
108 5.000000000197973e-01
109 5.000000000197957e-01
110 5.000000000197954e-01
111 5.000000000197966e-01
112 5.000000000197968e-01
113 5.000000000197955e-01
114 5.000000000197957e-01
115 5.000000000197962e-01
116 5.000000000197957e-01
117 5.000000000197964e-01
118 5.000000000197972e-01
119 5.000000000197971e-01
120 5.000000000197969e-01
121 5.000000000197963e-01
122 5.000000000197968e-01
123 5.000000000197963e-01
124 5.000000000197959e-01
125 5.000000000197965e-01
126 5.000000000197962e-01
127 5.000000000197965e-01
128 5.000000000197966e-01
129 5.000000000197963e-01
130 5.000000000197962e-01
131 5.000000000197961e-01
132 5.000000000197961e-01
133 5.000000000197966e-01
134 5.000000000197958e-01
135 5.000000000197973e-01
136 5.000000000197964e-01
137 5.000000000197959e-01
138 5.000000000197968e-01
139 5.000000000197962e-01
140 5.000000000197965e-01
141 5.000000000197962e-01
142 5.000000000197957e-01
143 5.000000000197955e-01
144 5.000000000197963e-01
145 5.000000000197966e-01
146 5.000000000197965e-01
147 5.000000000197961e-01
148 5.000000000197957e-01
149 5.000000000197966e-01
150 5.000000000197966e-01
151 5.000000000197956e-01
152 5.000000000197959e-01
153 5.000000000197954e-01
154 5.000000000197955e-01
155 5.000000000197971e-01
156 5.000000000197954e-01
157 5.000000000197963e-01
158 5.000000000197963e-01
159 5.000000000197962e-01
160 5.000000000197973e-01
161 5.000000000197966e-01
162 5.000000000197962e-01
163 5.000000000197973e-01
164 5.000000000197948e-01
165 5.000000000197954e-01
166 5.000000000197957e-01
167 5.000000000197964e-01
168 5.000000000197979e-01
169 5.000000000197968e-01
170 5.000000000197935e-01
171 5.000000000197985e-01
172 5.000000000197987e-01
173 5.000000000197937e-01
174 5.000000000197955e-01
175 5.000000000197969e-01
176 5.000000000197957e-01
177 5.000000000197972e-01
178 5.000000000197956e-01
179 5.000000000197967e-01
180 5.000000000197965e-01
181 5.000000000197975e-01
182 5.000000000197984e-01
183 5.000000000197971e-01
184 5.000000000197968e-01
185 5.000000000197939e-01
186 5.000000000197955e-01
187 5.000000000197977e-01
188 5.000000000197972e-01
189 5.000000000197954e-01
190 5.000000000197972e-01
191 8.274529956253652e-01
192 8.274529956253657e-01
193 8.274529956253660e-01
194 8.274529956253657e-01
195 8.274529956253646e-01
196 8.274529956253651e-01
197 8.274529956253643e-01
198 8.274529956253651e-01
199 8.274529956253629e-01
200 8.274529956253621e-01
201 8.274529956253646e-01
202 8.274529956253642e-01
203 8.274529956253659e-01
204 8.274529956253667e-01
205 8.274529956253658e-01
206 8.274529956253648e-01
207 8.274529956253670e-01
208 8.274529956253673e-01
209 8.274529956253651e-01
210 8.274529956253656e-01
211 8.274529956253657e-01
212 8.274529956253659e-01
213 8.274529956253645e-01
214 8.274529956253645e-01
215 8.274529956253662e-01
216 8.274529956253662e-01
217 8.274529956253646e-01
218 8.274529956253656e-01
219 8.274529956253651e-01
220 8.274529956253658e-01
221 8.274529956253657e-01
222 8.274529956253657e-01
223 8.274529956253635e-01
224 8.274529956253641e-01
225 8.274529956253647e-01
226 8.274529956253649e-01
227 8.274529956253651e-01
228 8.274529956253652e-01
229 8.274529956253658e-01
230 8.274529956253651e-01
231 8.274529956253655e-01
232 8.274529956253666e-01
233 8.274529956253656e-01
234 8.274529956253660e-01
235 8.274529956253661e-01
236 8.274529956253656e-01
237 8.274529956253645e-01
238 8.274529956253640e-01
239 8.274529956253649e-01
240 8.274529956253640e-01
241 8.274529956253658e-01
242 8.274529956253655e-01
243 8.274529956253640e-01
244 8.274529956253650e-01
245 8.274529956253659e-01
246 8.274529956253661e-01
247 8.274529956253637e-01
248 8.274529956253628e-01
249 8.274529956253636e-01
250 8.274529956253649e-01
251 8.274529956253635e-01
252 8.274529956253636e-01
253 8.274529956253651e-01
254 8.274529956253649e-01
255 8.274529956253662e-01
256 8.274529956253653e-01
257 8.274529956253649e-01
258 8.274529956253653e-01
259 8.274529956253668e-01
260 8.274529956253648e-01
261 8.274529956253657e-01
262 8.274529956253659e-01
263 8.274529956253650e-01
264 8.274529956253652e-01
265 8.274529956253667e-01
266 8.274529956253656e-01
267 8.274529956253651e-01
268 8.274529956253657e-01
269 8.274529956253653e-01
270 8.274529956253651e-01
271 8.274529956253661e-01
272 8.274529956253658e-01
273 8.274529956253648e-01
274 8.274529956253667e-01
275 8.274529956253650e-01
276 8.274529956253653e-01
277 8.274529956253635e-01
278 8.274529956253636e-01
279 8.274529956253650e-01
280 8.274529956253658e-01
281 8.274529956253657e-01
282 8.274529956253642e-01
283 8.274529956253659e-01
284 8.274529956253663e-01
285 8.274529956253652e-01
286 8.274529956253662e-01
287 8.274529956253656e-01
288 8.274529956253646e-01
289 8.274529956253647e-01
290 8.274529956253659e-01
291 8.274529956253649e-01
292 8.274529956253656e-01
293 8.274529956253666e-01
294 8.274529956253645e-01
295 8.274529956253666e-01
296 8.274529956253670e-01
297 8.274529956253641e-01
298 8.274529956253632e-01
299 8.274529956253657e-01
300 8.274529956253643e-01
301 8.274529956253661e-01
302 8.274529956253673e-01
303 8.274529956253649e-01
304 8.274529956253647e-01
305 8.274529956253657e-01
306 8.274529956253657e-01
307 8.274529956253627e-01
308 8.274529956253645e-01
309 8.274529956253702e-01
310 8.274529956253660e-01
311 8.274529956253632e-01
312 8.274529956253641e-01
313 8.274529956253670e-01
314 8.274529956253678e-01
315 8.274529956253641e-01
316 8.274529956253648e-01
317 8.274529956253653e-01
318 8.274529956253656e-01
319 8.274529956253664e-01
320 8.274529956253668e-01
321 8.274529956253658e-01
322 8.274529956253649e-01
323 8.274529956253655e-01
324 8.274529956253636e-01
325 8.274529956253662e-01
326 8.274529956253638e-01
327 8.274529956253653e-01
328 8.274529956253651e-01
329 8.274529956253662e-01
330 8.274529956253651e-01
331 8.274529956253648e-01
332 8.274529956253676e-01
333 8.274529956253670e-01
334 8.274529956253648e-01
335 8.274529956253652e-01
336 8.274529956253664e-01
337 8.274529956253659e-01
338 8.274529956253666e-01
339 8.274529956253648e-01
340 8.274529956253647e-01
341 8.274529956253667e-01
342 8.274529956253627e-01
343 8.274529956253613e-01
344 8.274529956253669e-01
345 8.274529956253621e-01
346 8.274529956253640e-01
347 8.274529956253738e-01
348 8.274529956253620e-01
349 8.274529956253641e-01
350 8.274529956253664e-01
351 8.274529956253637e-01
352 8.274529956253650e-01
353 8.274529956253653e-01
354 8.274529956253658e-01
355 8.274529956253666e-01
356 8.274529956253643e-01
357 8.274529956253639e-01
358 8.274529956253664e-01
359 8.274529956253668e-01
360 8.274529956253661e-01
361 8.274529956253652e-01
362 8.274529956253642e-01
363 8.274529956253650e-01
364 8.274529956253683e-01
365 8.274529956253708e-01
366 8.274529956253672e-01
367 8.274529956253607e-01
368 8.274529956253686e-01
369 8.274529956253633e-01
370 8.274529956253641e-01
371 8.274529956253661e-01
372 8.274529956253691e-01
373 8.274529956253662e-01
374 8.274529956253638e-01
375 8.274529956253668e-01
376 8.274529956253653e-01
377 8.274529956253637e-01
378 8.274529956253639e-01
379 8.274529956253635e-01
380 8.274529956253643e-01
381 8.274529956253646e-01
382 8.274529956253646e-01


#a = 3.000000
1 5.000000000162829e-01
2 5.008100163667805e-01
3 5.008100163667799e-01
4 5.008100163667799e-01
5 5.000000000168047e-01
6 5.000000000168046e-01
7 5.000000000168051e-01
8 5.000000000168059e-01
9 5.000000000168042e-01
10 5.000000000168041e-01
11 5.014234449491397e-01
12 5.014234449491389e-01
13 5.014234449491380e-01
14 5.014234449491388e-01
15 5.014234449491382e-01
16 5.014234449491382e-01
17 5.014234449491388e-01
18 5.014234449491392e-01
19 5.014234449491386e-01
20 5.014234449491384e-01
21 5.014234449491384e-01
22 5.014234449491382e-01
23 5.000000000186409e-01
24 5.000000000186414e-01
25 5.000000000186413e-01
26 5.000000000186406e-01
27 5.000000000186413e-01
28 5.000000000186413e-01
29 5.000000000186421e-01
30 5.000000000186411e-01
31 5.000000000186411e-01
32 5.000000000186400e-01
33 5.000000000186413e-01
34 5.000000000186409e-01
35 5.000000000186416e-01
36 5.000000000186420e-01
37 5.000000000186423e-01
38 5.000000000186414e-01
39 5.000000000186418e-01
40 5.000000000186424e-01
41 5.000000000186394e-01
42 5.000000000186383e-01
43 5.000000000186405e-01
44 5.000000000186414e-01
45 5.000000000186386e-01
46 5.000000000186393e-01
47 5.058352972824667e-01
48 5.058352972824665e-01
49 5.058352972824671e-01
50 5.058352972824658e-01
51 5.058352972824667e-01
52 5.058352972824669e-01
53 5.058352972824672e-01
54 5.058352972824675e-01
55 5.058352972824665e-01
56 5.058352972824660e-01
57 5.058352972824668e-01
58 5.058352972824670e-01
59 5.058352972824659e-01
60 5.058352972824662e-01
61 5.058352972824672e-01
62 5.058352972824675e-01
63 5.058352972824663e-01
64 5.058352972824666e-01
65 5.058352972824660e-01
66 5.058352972824657e-01
67 5.058352972824663e-01
68 5.058352972824667e-01
69 5.058352972824669e-01
70 5.058352972824665e-01
71 5.058352972824661e-01
72 5.058352972824670e-01
73 5.058352972824660e-01
74 5.058352972824659e-01
75 5.058352972824665e-01
76 5.058352972824661e-01
77 5.058352972824668e-01
78 5.058352972824665e-01
79 5.058352972824662e-01
80 5.058352972824666e-01
81 5.058352972824667e-01
82 5.058352972824670e-01
83 5.058352972824660e-01
84 5.058352972824657e-01
85 5.058352972824661e-01
86 5.058352972824657e-01
87 5.058352972824662e-01
88 5.058352972824665e-01
89 5.058352972824666e-01
90 5.058352972824661e-01
91 5.058352972824666e-01
92 5.058352972824657e-01
93 5.058352972824663e-01
94 5.058352972824653e-01
95 5.000000000353175e-01
96 5.000000000353171e-01
97 5.000000000353174e-01
98 5.000000000353173e-01
99 5.000000000353176e-01
100 5.000000000353177e-01
101 5.000000000353171e-01
102 5.000000000353171e-01
103 5.000000000353171e-01
104 5.000000000353174e-01
105 5.000000000353166e-01
106 5.000000000353170e-01
107 5.000000000353171e-01
108 5.000000000353171e-01
109 5.000000000353171e-01
110 5.000000000353171e-01
111 5.000000000353176e-01
112 5.000000000353179e-01
113 5.000000000353175e-01
114 5.000000000353171e-01
115 5.000000000353175e-01
116 5.000000000353175e-01
117 5.000000000353174e-01
118 5.000000000353177e-01
119 5.000000000353162e-01
120 5.000000000353166e-01
121 5.000000000353176e-01
122 5.000000000353173e-01
123 5.000000000353166e-01
124 5.000000000353173e-01
125 5.000000000353177e-01
126 5.000000000353170e-01
127 5.000000000353165e-01
128 5.000000000353169e-01
129 5.000000000353171e-01
130 5.000000000353171e-01
131 5.000000000353172e-01
132 5.000000000353166e-01
133 5.000000000353171e-01
134 5.000000000353169e-01
135 5.000000000353177e-01
136 5.000000000353172e-01
137 5.000000000353166e-01
138 5.000000000353172e-01
139 5.000000000353165e-01
140 5.000000000353156e-01
141 5.000000000353166e-01
142 5.000000000353164e-01
143 5.000000000353167e-01
144 5.000000000353166e-01
145 5.000000000353136e-01
146 5.000000000353167e-01
147 5.000000000353173e-01
148 5.000000000353195e-01
149 5.000000000353172e-01
150 5.000000000353174e-01
151 5.000000000353180e-01
152 5.000000000353184e-01
153 5.000000000353151e-01
154 5.000000000353197e-01
155 5.000000000353109e-01
156 5.000000000353154e-01
157 5.000000000353170e-01
158 5.000000000353189e-01
159 5.000000000353167e-01
160 5.000000000353162e-01
161 5.000000000353191e-01
162 5.000000000353143e-01
163 5.000000000353090e-01
164 5.000000000353122e-01
165 5.000000000353169e-01
166 5.000000000353167e-01
167 5.000000000353164e-01
168 5.000000000353151e-01
169 5.000000000353073e-01
170 5.000000000353062e-01
171 5.000000000353159e-01
172 5.000000000353138e-01
173 5.000000000353229e-01
174 5.000000000353194e-01
175 5.000000000353175e-01
176 5.000000000353153e-01
177 5.000000000353162e-01
178 5.000000000353162e-01
179 5.000000000353160e-01
180 5.000000000353189e-01
181 5.000000000353186e-01
182 5.000000000353035e-01
183 5.000000000353416e-01
184 5.000000000353285e-01
185 5.000000000353217e-01
186 5.000000000353184e-01
187 5.000000000353124e-01
188 5.000000000353136e-01
189 5.000000000353233e-01
190 5.000000000353236e-01
191 8.317728871770668e-01
192 8.317728871770657e-01
193 8.317728871770658e-01
194 8.317728871770657e-01
195 8.317728871770668e-01
196 8.317728871770670e-01
197 8.317728871770658e-01
198 8.317728871770660e-01
199 8.317728871770663e-01
200 8.317728871770657e-01
201 8.317728871770668e-01
202 8.317728871770657e-01
203 8.317728871770654e-01
204 8.317728871770664e-01
205 8.317728871770654e-01
206 8.317728871770662e-01
207 8.317728871770659e-01
208 8.317728871770655e-01
209 8.317728871770662e-01
210 8.317728871770661e-01
211 8.317728871770669e-01
212 8.317728871770661e-01
213 8.317728871770667e-01
214 8.317728871770661e-01
215 8.317728871770659e-01
216 8.317728871770671e-01
217 8.317728871770659e-01
218 8.317728871770665e-01
219 8.317728871770665e-01
220 8.317728871770670e-01
221 8.317728871770671e-01
222 8.317728871770663e-01
223 8.317728871770662e-01
224 8.317728871770660e-01
225 8.317728871770665e-01
226 8.317728871770663e-01
227 8.317728871770660e-01
228 8.317728871770659e-01
229 8.317728871770665e-01
230 8.317728871770669e-01
231 8.317728871770667e-01
232 8.317728871770675e-01
233 8.317728871770670e-01
234 8.317728871770664e-01
235 8.317728871770658e-01
236 8.317728871770654e-01
237 8.317728871770671e-01
238 8.317728871770672e-01
239 8.317728871770679e-01
240 8.317728871770669e-01
241 8.317728871770649e-01
242 8.317728871770649e-01
243 8.317728871770650e-01
244 8.317728871770660e-01
245 8.317728871770663e-01
246 8.317728871770664e-01
247 8.317728871770670e-01
248 8.317728871770678e-01
249 8.317728871770661e-01
250 8.317728871770659e-01
251 8.317728871770660e-01
252 8.317728871770659e-01
253 8.317728871770667e-01
254 8.317728871770660e-01
255 8.317728871770664e-01
256 8.317728871770673e-01
257 8.317728871770658e-01
258 8.317728871770661e-01
259 8.317728871770658e-01
260 8.317728871770661e-01
261 8.317728871770663e-01
262 8.317728871770665e-01
263 8.317728871770645e-01
264 8.317728871770649e-01
265 8.317728871770659e-01
266 8.317728871770662e-01
267 8.317728871770670e-01
268 8.317728871770660e-01
269 8.317728871770648e-01
270 8.317728871770650e-01
271 8.317728871770648e-01
272 8.317728871770642e-01
273 8.317728871770659e-01
274 8.317728871770670e-01
275 8.317728871770675e-01
276 8.317728871770667e-01
277 8.317728871770659e-01
278 8.317728871770660e-01
279 8.317728871770663e-01
280 8.317728871770664e-01
281 8.317728871770689e-01
282 8.317728871770675e-01
283 8.317728871770651e-01
284 8.317728871770664e-01
285 8.317728871770669e-01
286 8.317728871770668e-01
287 8.317728871770669e-01
288 8.317728871770672e-01
289 8.317728871770653e-01
290 8.317728871770658e-01
291 8.317728871770727e-01
292 8.317728871770709e-01
293 8.317728871770665e-01
294 8.317728871770641e-01
295 8.317728871770662e-01
296 8.317728871770640e-01
297 8.317728871770658e-01
298 8.317728871770685e-01
299 8.317728871770672e-01
300 8.317728871770658e-01
301 8.317728871770667e-01
302 8.317728871770660e-01
303 8.317728871770659e-01
304 8.317728871770630e-01
305 8.317728871770652e-01
306 8.317728871770658e-01
307 8.317728871770687e-01
308 8.317728871770672e-01
309 8.317728871770668e-01
310 8.317728871770634e-01
311 8.317728871770621e-01
312 8.317728871770799e-01
313 8.317728871770652e-01
314 8.317728871770411e-01
315 8.317728871770744e-01
316 8.317728871770640e-01
317 8.317728871770707e-01
318 8.317728871770680e-01
319 8.317728871770679e-01
320 8.317728871770635e-01
321 8.317728871770648e-01
322 8.317728871770687e-01
323 8.317728871770635e-01
324 8.317728871770659e-01
325 8.317728871770618e-01
326 8.317728871770760e-01
327 8.317728871770818e-01
328 8.317728871770778e-01
329 8.317728871770629e-01
330 8.317728871770647e-01
331 8.317728871770650e-01
332 8.317728871770640e-01
333 8.317728871770662e-01
334 8.317728871770659e-01
335 8.317728871770704e-01
336 8.317728871770634e-01
337 8.317728871770674e-01
338 8.317728871770620e-01
339 8.317728871770703e-01
340 8.317728871770628e-01
341 8.317728871770804e-01
342 8.317728871770783e-01
343 8.317728871770657e-01
344 8.317728871770607e-01
345 8.317728871770639e-01
346 8.317728871770653e-01
347 8.317728871770713e-01
348 8.317728871770609e-01
349 8.317728871770693e-01
350 8.317728871770673e-01
351 8.317728871770670e-01
352 8.317728871770608e-01
353 8.317728871770643e-01
354 8.317728871770707e-01
355 8.317728871770640e-01
356 8.317728871770663e-01
357 8.317728871770668e-01
358 8.317728871770650e-01
359 8.317728871770678e-01
360 8.317728871770658e-01
361 8.317728871770612e-01
362 8.317728871770673e-01
363 8.317728871770551e-01
364 8.317728871770668e-01
365 8.317728871770821e-01
366 8.317728871770711e-01
367 8.317728871770775e-01
368 8.317728871770382e-01
369 8.317728871770621e-01
370 8.317728871770916e-01
371 8.317728871770584e-01
372 8.317728871770603e-01
373 8.317728871770588e-01
374 8.317728871770577e-01
375 8.317728871770687e-01
376 8.317728871770645e-01
377 8.317728871770674e-01
378 8.317728871770690e-01
379 8.317728871770639e-01
380 8.317728871770651e-01
381 8.317728871770652e-01
382 8.317728871770624e-01


#a = 4.000000
1 5.000000000158933e-01
2 5.001118628551506e-01
3 5.001118628551501e-01
4 5.001118628551504e-01
5 5.000000000165836e-01
6 5.000000000165834e-01
7 5.000000000165836e-01
8 5.000000000165841e-01
9 5.000000000165833e-01
10 5.000000000165825e-01
11 5.002367013589875e-01
12 5.002367013589869e-01
13 5.002367013589883e-01
14 5.002367013589883e-01
15 5.002367013589888e-01
16 5.002367013589877e-01
17 5.002367013589872e-01
18 5.002367013589873e-01
19 5.002367013589895e-01
20 5.002367013589879e-01
21 5.002367013589872e-01
22 5.002367013589876e-01
23 5.000000000192220e-01
24 5.000000000192216e-01
25 5.000000000192223e-01
26 5.000000000192216e-01
27 5.000000000192213e-01
28 5.000000000192216e-01
29 5.000000000192216e-01
30 5.000000000192216e-01
31 5.000000000192216e-01
32 5.000000000192222e-01
33 5.000000000192214e-01
34 5.000000000192213e-01
35 5.000000000192218e-01
36 5.000000000192208e-01
37 5.000000000192215e-01
38 5.000000000192206e-01
39 5.000000000192200e-01
40 5.000000000192210e-01
41 5.000000000192245e-01
42 5.000000000192241e-01
43 5.000000000192212e-01
44 5.000000000192212e-01
45 5.000000000192222e-01
46 5.000000000192217e-01
47 5.015463139049620e-01
48 5.015463139049613e-01
49 5.015463139049614e-01
50 5.015463139049600e-01
51 5.015463139049613e-01
52 5.015463139049614e-01
53 5.015463139049620e-01
54 5.015463139049624e-01
55 5.015463139049617e-01
56 5.015463139049621e-01
57 5.015463139049610e-01
58 5.015463139049613e-01
59 5.015463139049621e-01
60 5.015463139049611e-01
61 5.015463139049622e-01
62 5.015463139049622e-01
63 5.015463139049615e-01
64 5.015463139049617e-01
65 5.015463139049603e-01
66 5.015463139049607e-01
67 5.015463139049610e-01
68 5.015463139049617e-01
69 5.015463139049615e-01
70 5.015463139049626e-01
71 5.015463139049610e-01
72 5.015463139049615e-01
73 5.015463139049622e-01
74 5.015463139049615e-01
75 5.015463139049617e-01
76 5.015463139049615e-01
77 5.015463139049624e-01
78 5.015463139049613e-01
79 5.015463139049618e-01
80 5.015463139049620e-01
81 5.015463139049617e-01
82 5.015463139049622e-01
83 5.015463139049625e-01
84 5.015463139049615e-01
85 5.015463139049602e-01
86 5.015463139049612e-01
87 5.015463139049617e-01
88 5.015463139049614e-01
89 5.015463139049606e-01
90 5.015463139049606e-01
91 5.015463139049616e-01
92 5.015463139049608e-01
93 5.015463139049608e-01
94 5.015463139049611e-01
95 5.000000000593517e-01
96 5.000000000593511e-01
97 5.000000000593502e-01
98 5.000000000593505e-01
99 5.000000000593509e-01
100 5.000000000593512e-01
101 5.000000000593503e-01
102 5.000000000593515e-01
103 5.000000000593512e-01
104 5.000000000593526e-01
105 5.000000000593505e-01
106 5.000000000593521e-01
107 5.000000000593523e-01
108 5.000000000593520e-01
109 5.000000000593513e-01
110 5.000000000593529e-01
111 5.000000000593507e-01
112 5.000000000593519e-01
113 5.000000000593509e-01
114 5.000000000593503e-01
115 5.000000000593511e-01
116 5.000000000593505e-01
117 5.000000000593521e-01
118 5.000000000593525e-01
119 5.000000000593510e-01
120 5.000000000593497e-01
121 5.000000000593516e-01
122 5.000000000593505e-01
123 5.000000000593516e-01
124 5.000000000593534e-01
125 5.000000000593503e-01
126 5.000000000593510e-01
127 5.000000000593514e-01
128 5.000000000593505e-01
129 5.000000000593519e-01
130 5.000000000593513e-01
131 5.000000000593514e-01
132 5.000000000593509e-01
133 5.000000000593532e-01
134 5.000000000593510e-01
135 5.000000000593493e-01
136 5.000000000593603e-01
137 5.000000000593559e-01
138 5.000000000593559e-01
139 5.000000000593527e-01
140 5.000000000593512e-01
141 5.000000000593539e-01
142 5.000000000593523e-01
143 5.000000000593517e-01
144 5.000000000593490e-01
145 5.000000000593519e-01
146 5.000000000593536e-01
147 5.000000000593476e-01
148 5.000000000593492e-01
149 5.000000000593418e-01
150 5.000000000593485e-01
151 5.000000000593541e-01
152 5.000000000593512e-01
153 5.000000000593406e-01
154 5.000000000593430e-01
155 5.000000000593277e-01
156 5.000000000593388e-01
157 5.000000000593514e-01
158 5.000000000593550e-01
159 5.000000000593509e-01
160 5.000000000593542e-01
161 5.000000000593535e-01
162 5.000000000593493e-01
163 5.000000000593257e-01
164 5.000000000593386e-01
165 5.000000000593467e-01
166 5.000000000593536e-01
167 5.000000000593572e-01
168 5.000000000593499e-01
169 5.000000000593527e-01
170 5.000000000593858e-01
171 5.000000000594441e-01
172 5.000000000593872e-01
173 5.000000000593586e-01
174 5.000000000593643e-01
175 5.000000000593534e-01
176 5.000000000593443e-01
177 5.000000000593523e-01
178 5.000000000593477e-01
179 5.000000000593531e-01
180 5.000000000593630e-01
181 5.000000000593530e-01
182 5.000000000593363e-01
183 5.000000000593283e-01
184 5.000000000593270e-01
185 5.000000000593512e-01
186 5.000000000593831e-01
187 5.000000000593516e-01
188 5.000000000593599e-01
189 5.000000000593536e-01
190 5.000000000593506e-01
191 8.329302131323664e-01
192 8.329302131323656e-01
193 8.329302131323648e-01
194 8.329302131323640e-01
195 8.329302131323647e-01
196 8.329302131323647e-01
197 8.329302131323661e-01
198 8.329302131323665e-01
199 8.329302131323639e-01
200 8.329302131323635e-01
201 8.329302131323660e-01
202 8.329302131323644e-01
203 8.329302131323667e-01
204 8.329302131323653e-01
205 8.329302131323635e-01
206 8.329302131323653e-01
207 8.329302131323648e-01
208 8.329302131323657e-01
209 8.329302131323639e-01
210 8.329302131323626e-01
211 8.329302131323650e-01
212 8.329302131323638e-01
213 8.329302131323615e-01
214 8.329302131323615e-01
215 8.329302131323660e-01
216 8.329302131323664e-01
217 8.329302131323647e-01
218 8.329302131323658e-01
219 8.329302131323657e-01
220 8.329302131323638e-01
221 8.329302131323651e-01
222 8.329302131323649e-01
223 8.329302131323642e-01
224 8.329302131323655e-01
225 8.329302131323644e-01
226 8.329302131323636e-01
227 8.329302131323651e-01
228 8.329302131323650e-01
229 8.329302131323660e-01
230 8.329302131323660e-01
231 8.329302131323643e-01
232 8.329302131323644e-01
233 8.329302131323648e-01
234 8.329302131323642e-01
235 8.329302131323695e-01
236 8.329302131323617e-01
237 8.329302131323655e-01
238 8.329302131323654e-01
239 8.329302131323658e-01
240 8.329302131323655e-01
241 8.329302131323660e-01
242 8.329302131323666e-01
243 8.329302131323632e-01
244 8.329302131323645e-01
245 8.329302131323657e-01
246 8.329302131323651e-01
247 8.329302131323687e-01
248 8.329302131323681e-01
249 8.329302131323608e-01
250 8.329302131323608e-01
251 8.329302131323676e-01
252 8.329302131323630e-01
253 8.329302131323676e-01
254 8.329302131323670e-01
255 8.329302131323658e-01
256 8.329302131323648e-01
257 8.329302131323649e-01
258 8.329302131323656e-01
259 8.329302131323675e-01
260 8.329302131323610e-01
261 8.329302131323644e-01
262 8.329302131323655e-01
263 8.329302131323637e-01
264 8.329302131323653e-01
265 8.329302131323649e-01
266 8.329302131323658e-01
267 8.329302131323614e-01
268 8.329302131323616e-01
269 8.329302131323642e-01
270 8.329302131323643e-01
271 8.329302131323684e-01
272 8.329302131323795e-01
273 8.329302131323520e-01
274 8.329302131323482e-01
275 8.329302131323552e-01
276 8.329302131323627e-01
277 8.329302131323615e-01
278 8.329302131323725e-01
279 8.329302131323639e-01
280 8.329302131323653e-01
281 8.329302131323629e-01
282 8.329302131323653e-01
283 8.329302131323673e-01
284 8.329302131323604e-01
285 8.329302131323661e-01
286 8.329302131323661e-01
287 8.329302131323598e-01
288 8.329302131323633e-01
289 8.329302131323668e-01
290 8.329302131323639e-01
291 8.329302131323649e-01
292 8.329302131323655e-01
293 8.329302131323547e-01
294 8.329302131323646e-01
295 8.329302131323774e-01
296 8.329302131323623e-01
297 8.329302131323668e-01
298 8.329302131323617e-01
299 8.329302131323801e-01
300 8.329302131323757e-01
301 8.329302131323698e-01
302 8.329302131323580e-01
303 8.329302131323614e-01
304 8.329302131323597e-01
305 8.329302131323640e-01
306 8.329302131323676e-01
307 8.329302131323550e-01
308 8.329302131323804e-01
309 8.329302131323616e-01
310 8.329302131323694e-01
311 8.329302131323499e-01
312 8.329302131324033e-01
313 8.329302131324010e-01
314 8.329302131323627e-01
315 8.329302131323389e-01
316 8.329302131323921e-01
317 8.329302131323861e-01
318 8.329302131323352e-01
319 8.329302131323615e-01
320 8.329302131323665e-01
321 8.329302131323518e-01
322 8.329302131323663e-01
323 8.329302131323466e-01
324 8.329302131323791e-01
325 8.329302131323726e-01
326 8.329302131323564e-01
327 8.329302131323656e-01
328 8.329302131324170e-01
329 8.329302131323582e-01
330 8.329302131323525e-01
331 8.329302131323747e-01
332 8.329302131323686e-01
333 8.329302131323673e-01
334 8.329302131323673e-01
335 8.329302131323726e-01
336 8.329302131323706e-01
337 8.329302131323887e-01
338 8.329302131323870e-01
339 8.329302131323648e-01
340 8.329302131324028e-01
341 8.329302131323282e-01
342 8.329302131323024e-01
343 8.329302131322727e-01
344 8.329302131321760e-01
345 8.329302131323632e-01
346 8.329302131324052e-01
347 8.329302131323791e-01
348 8.329302131323720e-01
349 8.329302131323755e-01
350 8.329302131323808e-01
351 8.329302131323603e-01
352 8.329302131323567e-01
353 8.329302131323659e-01
354 8.329302131323697e-01
355 8.329302131323706e-01
356 8.329302131323739e-01
357 8.329302131323623e-01
358 8.329302131323808e-01
359 8.329302131323688e-01
360 8.329302131323548e-01
361 8.329302131323610e-01
362 8.329302131323736e-01
363 8.329302131323741e-01
364 8.329302131323469e-01
365 8.329302131323749e-01
366 8.329302131323666e-01
367 8.329302131323233e-01
368 8.329302131324252e-01
369 8.329302131324301e-01
370 8.329302131323260e-01
371 8.329302131323831e-01
372 8.329302131323567e-01
373 8.329302131323238e-01
374 8.329302131323648e-01
375 8.329302131323760e-01
376 8.329302131323663e-01
377 8.329302131323573e-01
378 8.329302131323719e-01
379 8.329302131323617e-01
380 8.329302131323609e-01
381 8.329302131323648e-01
382 8.329302131323605e-01


