## Parameters ##
# z = 3
# m = 8
# t = 1.000000000000000e+00
# mu = 1.000000000000000e+00
# opt = sc
#
#
#a = 0.000000
1 6.591513305019299e-01
2 5.882963410836977e-01
3 6.684750383317616e-01
4 6.245220252926442e-01
5 7.074092537710575e-01
6 7.000671345671500e-01
7 5.192935036354387e-01
8 8.158209594479896e-01


#a = 1.000000
1 6.571111963398237e-01
2 6.352301857798907e-01
3 6.594686769131520e-01
4 6.495166415761231e-01
5 6.802039391838172e-01
6 6.763537549416980e-01
7 6.181466676908353e-01
8 7.737199563020558e-01


#a = 2.000000
1 6.510016045009634e-01
2 6.521471346785908e-01
3 6.538491724843876e-01
4 6.557419294886837e-01
5 6.494276076505108e-01
6 6.522363609252204e-01
7 6.655012303773682e-01
8 6.969730873877213e-01


#a = 3.000000
1 6.501156496195817e-01
2 6.537776755834238e-01
3 6.540817039866054e-01
4 6.574641717467709e-01
5 6.571946603150753e-01
6 6.554529915999942e-01
7 6.923164097937036e-01
8 6.816546888239153e-01


#a = 4.000000
1 6.509291977113719e-01
2 6.533821421332828e-01
3 6.556113666439773e-01
4 6.583297852831763e-01
5 6.591285702398697e-01
6 6.661904281336912e-01
7 7.046601608103105e-01
8 6.724567556180616e-01


