## Parameters ##
# z = 3
# m = 8
# t = 1.000000000000000e+00
# mu = 1.000000000000000e-10
# opt = sc
#
#
#a = 0.000000
1 5.000000000000011e-01
2 5.833333333333333e-01
3 4.999999999999999e-01
4 6.041666666666662e-01
5 4.999999999999998e-01
6 6.510416666666673e-01
7 5.000000000000001e-01
8 7.877604166666665e-01


#a = 1.000000
1 5.000000000104147e-01
2 5.289561611747350e-01
3 5.000000000106974e-01
4 5.374130826541994e-01
5 5.000000000107310e-01
6 5.667421244571333e-01
7 5.000000000101139e-01
8 8.138570445280198e-01


#a = 2.000000
1 5.000000000155618e-01
2 5.055002322402848e-01
3 5.000000000158484e-01
4 5.081005498707304e-01
5 5.000000000165131e-01
6 5.211524487990172e-01
7 5.000000000197967e-01
8 8.274529956253652e-01


#a = 3.000000
1 5.000000000162829e-01
2 5.008100163667805e-01
3 5.000000000168047e-01
4 5.014234449491397e-01
5 5.000000000186409e-01
6 5.058352972824667e-01
7 5.000000000353175e-01
8 8.317728871770668e-01


#a = 4.000000
1 5.000000000158933e-01
2 5.001118628551506e-01
3 5.000000000165836e-01
4 5.002367013589875e-01
5 5.000000000192220e-01
6 5.015463139049620e-01
7 5.000000000593517e-01
8 8.329302131323664e-01


