## Parameters ##
# z = 3
# m = 8
# t = 1.000000000000000e+00
# mu = 1.000000000000000e-10
# opt = sc
#
#
#a = 0.000000
1 -2.702653833465897e+00
2 -2.613125929852755e+00
3 -2.613125929852752e+00
4 -2.548324784627080e+00
5 -2.548324784627067e+00
6 -2.548324784627066e+00
7 -2.449489742883181e+00
8 -2.449489742883181e+00
9 -2.449489742883178e+00
10 -2.449489742883177e+00
11 -2.449489742883172e+00
12 -2.449489742883172e+00
13 -2.288245611370742e+00
14 -2.288245611370742e+00
15 -2.288245611370741e+00
16 -2.288245611370740e+00
17 -2.288245611370739e+00
18 -2.288245611370739e+00
19 -2.288245611370738e+00
20 -2.288245611370736e+00
21 -2.288245611370735e+00
22 -2.288245611370734e+00
23 -2.288245611370733e+00
24 -2.288245611370727e+00
25 -2.266101604427113e+00
26 -2.000000000100006e+00
27 -2.000000000100005e+00
28 -2.000000000100004e+00
29 -2.000000000100004e+00
30 -2.000000000100004e+00
31 -2.000000000100003e+00
32 -2.000000000100002e+00
33 -2.000000000100001e+00
34 -2.000000000100001e+00
35 -2.000000000100001e+00
36 -2.000000000100000e+00
37 -2.000000000100000e+00
38 -2.000000000100000e+00
39 -2.000000000099999e+00
40 -2.000000000099999e+00
41 -2.000000000099999e+00
42 -2.000000000099999e+00
43 -2.000000000099998e+00
44 -2.000000000099997e+00
45 -2.000000000099997e+00
46 -2.000000000099996e+00
47 -2.000000000099996e+00
48 -2.000000000099996e+00
49 -2.000000000099995e+00
50 -2.000000000099994e+00
51 -2.000000000099993e+00
52 -1.763495467679874e+00
53 -1.763495467679873e+00
54 -1.763495467679868e+00
55 -1.509896661775159e+00
56 -1.414213562473105e+00
57 -1.414213562473101e+00
58 -1.414213562473100e+00
59 -1.414213562473100e+00
60 -1.414213562473100e+00
61 -1.414213562473099e+00
62 -1.414213562473099e+00
63 -1.414213562473098e+00
64 -1.414213562473098e+00
65 -1.414213562473098e+00
66 -1.414213562473098e+00
67 -1.414213562473097e+00
68 -1.414213562473097e+00
69 -1.414213562473097e+00
70 -1.414213562473097e+00
71 -1.414213562473096e+00
72 -1.414213562473096e+00
73 -1.414213562473096e+00
74 -1.414213562473096e+00
75 -1.414213562473096e+00
76 -1.414213562473096e+00
77 -1.414213562473096e+00
78 -1.414213562473096e+00
79 -1.414213562473096e+00
80 -1.414213562473095e+00
81 -1.414213562473095e+00
82 -1.414213562473095e+00
83 -1.414213562473095e+00
84 -1.414213562473095e+00
85 -1.414213562473094e+00
86 -1.414213562473094e+00
87 -1.414213562473094e+00
88 -1.414213562473094e+00
89 -1.414213562473094e+00
90 -1.414213562473094e+00
91 -1.414213562473094e+00
92 -1.414213562473094e+00
93 -1.414213562473094e+00
94 -1.414213562473093e+00
95 -1.414213562473093e+00
96 -1.414213562473093e+00
97 -1.414213562473093e+00
98 -1.414213562473092e+00
99 -1.414213562473092e+00
100 -1.414213562473091e+00
101 -1.414213562473091e+00
102 -1.414213562473091e+00
103 -1.414213562473091e+00
104 -1.414213562473091e+00
105 -1.414213562473090e+00
106 -1.414213562473090e+00
107 -1.414213562473090e+00
108 -1.414213562473088e+00
109 -1.414213562473085e+00
110 -1.082392200392395e+00
111 -1.082392200392394e+00
112 -8.740320489976506e-01
113 -8.740320489976463e-01
114 -8.740320489976442e-01
115 -8.740320489976441e-01
116 -8.740320489976441e-01
117 -8.740320489976436e-01
118 -8.740320489976428e-01
119 -8.740320489976420e-01
120 -8.740320489976414e-01
121 -8.740320489976408e-01
122 -8.740320489976408e-01
123 -8.740320489976376e-01
124 -6.293842455258963e-01
125 -6.293842455258949e-01
126 -6.293842455258929e-01
127 -5.297715045440794e-01
128 -1.000089051898942e-10
129 -1.000084539912619e-10
130 -1.000073721196585e-10
131 -1.000060969377750e-10
132 -1.000056077443483e-10
133 -1.000052794377902e-10
134 -1.000049580461497e-10
135 -1.000044092548141e-10
136 -1.000043553475330e-10
137 -1.000043206830349e-10
138 -1.000039641996886e-10
139 -1.000036303886319e-10
140 -1.000033507937834e-10
141 -1.000031977694338e-10
142 -1.000031448180818e-10
143 -1.000028297771018e-10
144 -1.000025373713892e-10
145 -1.000021197235392e-10
146 -1.000020180140079e-10
147 -1.000018876076252e-10
148 -1.000017266178874e-10
149 -1.000017095006119e-10
150 -1.000016148841322e-10
151 -1.000015239741283e-10
152 -1.000014991453398e-10
153 -1.000014533312945e-10
154 -1.000013618728421e-10
155 -1.000013194942269e-10
156 -1.000012918674550e-10
157 -1.000012503946944e-10
158 -1.000012234842826e-10
159 -1.000011998801132e-10
160 -1.000010680518473e-10
161 -1.000010276406518e-10
162 -1.000010088758138e-10
163 -1.000009672253826e-10
164 -1.000009494504746e-10
165 -1.000009183135531e-10
166 -1.000008882185738e-10
167 -1.000008353663570e-10
168 -1.000007865991624e-10
169 -1.000007435242283e-10
170 -1.000006733620028e-10
171 -1.000006560235913e-10
172 -1.000005795771105e-10
173 -1.000004994758978e-10
174 -1.000004801949152e-10
175 -1.000004593448974e-10
176 -1.000003957895723e-10
177 -1.000003853269240e-10
178 -1.000003632054318e-10
179 -1.000003558834844e-10
180 -1.000003376739707e-10
181 -1.000002935801014e-10
182 -1.000002154543139e-10
183 -1.000001797273695e-10
184 -1.000001503773473e-10
185 -1.000001131637637e-10
186 -1.000001037627075e-10
187 -1.000000920279090e-10
188 -1.000000657101160e-10
189 -1.000000559276150e-10
190 -9.999999857835716e-11
191 -9.999995759600373e-11
192 -9.999994981755326e-11
193 -9.999993443958100e-11
194 -9.999991587734604e-11
195 -9.999987695825966e-11
196 -9.999982990979264e-11
197 -9.999978676690612e-11
198 -9.999978267543695e-11
199 -9.999976455386755e-11
200 -9.999975982881749e-11
201 -9.999972114915828e-11
202 -9.999971112714983e-11
203 -9.999965779435250e-11
204 -9.999961840388346e-11
205 -9.999958743837241e-11
206 -9.999956359393890e-11
207 -9.999950100301206e-11
208 -9.999946721409589e-11
209 -9.999943493976524e-11
210 -9.999942006395839e-11
211 -9.999936741327521e-11
212 -9.999932258234818e-11
213 -9.999930207352062e-11
214 -9.999923201335902e-11
215 -9.999921624913714e-11
216 -9.999919790491181e-11
217 -9.999914532233988e-11
218 -9.999910921630666e-11
219 -9.999897889205646e-11
220 -9.999894963586519e-11
221 -9.999892195862281e-11
222 -9.999890425023333e-11
223 -9.999884069420739e-11
224 -9.999879819425930e-11
225 -9.999875331763610e-11
226 -9.999872403550416e-11
227 -9.999868279367051e-11
228 -9.999867405646248e-11
229 -9.999861893458281e-11
230 -9.999854779169328e-11
231 -9.999850100928549e-11
232 -9.999837592601608e-11
233 -9.999835456790077e-11
234 -9.999829838205691e-11
235 -9.999828196590058e-11
236 -9.999808094089250e-11
237 -9.999808028191086e-11
238 -9.999778666437435e-11
239 -9.999771179168490e-11
240 -9.999739609889266e-11
241 -9.999731375098367e-11
242 -9.999699211408324e-11
243 -9.999692657630493e-11
244 -9.999669793050092e-11
245 -9.999650638542478e-11
246 -9.999615051637307e-11
247 -9.999546648953582e-11
248 -9.999546068003814e-11
249 -9.999509870469925e-11
250 -9.999473782356017e-11
251 -9.999454593982262e-11
252 -9.999402221713760e-11
253 -9.999369251788931e-11
254 -9.999220391834545e-11
255 -9.999104587379229e-11
256 5.297715043440808e-01
257 6.293842453258957e-01
258 6.293842453258963e-01
259 6.293842453259013e-01
260 8.740320487976384e-01
261 8.740320487976386e-01
262 8.740320487976388e-01
263 8.740320487976405e-01
264 8.740320487976417e-01
265 8.740320487976418e-01
266 8.740320487976437e-01
267 8.740320487976441e-01
268 8.740320487976444e-01
269 8.740320487976445e-01
270 8.740320487976454e-01
271 8.740320487976477e-01
272 1.082392200192392e+00
273 1.082392200192392e+00
274 1.414213562273088e+00
275 1.414213562273090e+00
276 1.414213562273090e+00
277 1.414213562273091e+00
278 1.414213562273091e+00
279 1.414213562273091e+00
280 1.414213562273091e+00
281 1.414213562273092e+00
282 1.414213562273092e+00
283 1.414213562273092e+00
284 1.414213562273092e+00
285 1.414213562273093e+00
286 1.414213562273093e+00
287 1.414213562273093e+00
288 1.414213562273093e+00
289 1.414213562273093e+00
290 1.414213562273093e+00
291 1.414213562273094e+00
292 1.414213562273094e+00
293 1.414213562273094e+00
294 1.414213562273094e+00
295 1.414213562273094e+00
296 1.414213562273095e+00
297 1.414213562273095e+00
298 1.414213562273095e+00
299 1.414213562273096e+00
300 1.414213562273096e+00
301 1.414213562273096e+00
302 1.414213562273096e+00
303 1.414213562273096e+00
304 1.414213562273096e+00
305 1.414213562273096e+00
306 1.414213562273096e+00
307 1.414213562273097e+00
308 1.414213562273097e+00
309 1.414213562273097e+00
310 1.414213562273097e+00
311 1.414213562273097e+00
312 1.414213562273097e+00
313 1.414213562273097e+00
314 1.414213562273098e+00
315 1.414213562273098e+00
316 1.414213562273098e+00
317 1.414213562273098e+00
318 1.414213562273099e+00
319 1.414213562273099e+00
320 1.414213562273099e+00
321 1.414213562273100e+00
322 1.414213562273100e+00
323 1.414213562273100e+00
324 1.414213562273101e+00
325 1.414213562273101e+00
326 1.414213562273103e+00
327 1.414213562273103e+00
328 1.509896661575157e+00
329 1.763495467479862e+00
330 1.763495467479865e+00
331 1.763495467479871e+00
332 1.999999999899995e+00
333 1.999999999899996e+00
334 1.999999999899997e+00
335 1.999999999899997e+00
336 1.999999999899998e+00
337 1.999999999899998e+00
338 1.999999999899998e+00
339 1.999999999899999e+00
340 1.999999999899999e+00
341 1.999999999899999e+00
342 1.999999999899999e+00
343 1.999999999899999e+00
344 1.999999999900000e+00
345 1.999999999900001e+00
346 1.999999999900001e+00
347 1.999999999900002e+00
348 1.999999999900002e+00
349 1.999999999900003e+00
350 1.999999999900003e+00
351 1.999999999900003e+00
352 1.999999999900003e+00
353 1.999999999900004e+00
354 1.999999999900005e+00
355 1.999999999900006e+00
356 1.999999999900006e+00
357 1.999999999900008e+00
358 2.266101604227110e+00
359 2.288245611170731e+00
360 2.288245611170732e+00
361 2.288245611170733e+00
362 2.288245611170734e+00
363 2.288245611170734e+00
364 2.288245611170735e+00
365 2.288245611170735e+00
366 2.288245611170735e+00
367 2.288245611170737e+00
368 2.288245611170737e+00
369 2.288245611170738e+00
370 2.288245611170741e+00
371 2.449489742683175e+00
372 2.449489742683180e+00
373 2.449489742683180e+00
374 2.449489742683181e+00
375 2.449489742683183e+00
376 2.449489742683184e+00
377 2.548324784427065e+00
378 2.548324784427066e+00
379 2.548324784427070e+00
380 2.613125929652751e+00
381 2.613125929652754e+00
382 2.702653833265896e+00


#a = 1.000000
1 -2.387732065486988e+00
2 -2.015223026054450e+00
3 -2.015223026054447e+00
4 -1.730188520810084e+00
5 -1.730188520810081e+00
6 -1.730188520810080e+00
7 -1.484361612044917e+00
8 -1.394687088485062e+00
9 -1.394687088485057e+00
10 -1.394687088485054e+00
11 -1.394687088485052e+00
12 -1.394687088485051e+00
13 -1.394687088485047e+00
14 -1.122040634206686e+00
15 -1.122040634206680e+00
16 -1.025423740217888e+00
17 -1.025423740217883e+00
18 -1.025423740217883e+00
19 -1.025423740217882e+00
20 -1.025423740217882e+00
21 -1.025423740217882e+00
22 -1.025423740217881e+00
23 -1.025423740217881e+00
24 -1.025423740217881e+00
25 -1.025423740217879e+00
26 -1.025423740217879e+00
27 -1.025423740217877e+00
28 -8.215427647765233e-01
29 -8.215427647765217e-01
30 -8.215427647765217e-01
31 -7.387096254266058e-01
32 -6.460061424208887e-01
33 -6.460061424208864e-01
34 -6.460061424208861e-01
35 -6.460061424208858e-01
36 -6.460061424208855e-01
37 -6.460061424208854e-01
38 -6.460061424208853e-01
39 -6.460061424208849e-01
40 -6.460061424208843e-01
41 -6.460061424208843e-01
42 -6.460061424208841e-01
43 -6.460061424208835e-01
44 -6.460061424208833e-01
45 -6.460061424208828e-01
46 -6.460061424208827e-01
47 -6.460061424208826e-01
48 -6.460061424208826e-01
49 -6.460061424208826e-01
50 -6.460061424208824e-01
51 -6.460061424208817e-01
52 -6.460061424208809e-01
53 -6.460061424208808e-01
54 -6.460061424208804e-01
55 -6.460061424208802e-01
56 -5.173812234014279e-01
57 -5.173812234014278e-01
58 -5.173812234014278e-01
59 -5.173812234014268e-01
60 -5.173812234014262e-01
61 -5.173812234014256e-01
62 -4.491696452878762e-01
63 -4.491696452878760e-01
64 -2.940315329510781e-01
65 -2.940315329510779e-01
66 -2.940315329510768e-01
67 -2.940315329510765e-01
68 -2.940315329510763e-01
69 -2.940315329510762e-01
70 -2.940315329510761e-01
71 -2.940315329510758e-01
72 -2.940315329510757e-01
73 -2.940315329510756e-01
74 -2.940315329510755e-01
75 -2.940315329510751e-01
76 -2.940315329510750e-01
77 -2.940315329510748e-01
78 -2.940315329510748e-01
79 -2.940315329510748e-01
80 -2.940315329510746e-01
81 -2.940315329510746e-01
82 -2.940315329510746e-01
83 -2.940315329510745e-01
84 -2.940315329510745e-01
85 -2.940315329510744e-01
86 -2.940315329510743e-01
87 -2.940315329510741e-01
88 -2.940315329510740e-01
89 -2.940315329510740e-01
90 -2.940315329510740e-01
91 -2.940315329510739e-01
92 -2.940315329510739e-01
93 -2.940315329510739e-01
94 -2.940315329510738e-01
95 -2.940315329510738e-01
96 -2.940315329510736e-01
97 -2.940315329510736e-01
98 -2.940315329510735e-01
99 -2.940315329510734e-01
100 -2.940315329510734e-01
101 -2.940315329510733e-01
102 -2.940315329510730e-01
103 -2.940315329510730e-01
104 -2.940315329510729e-01
105 -2.940315329510729e-01
106 -2.940315329510726e-01
107 -2.940315329510719e-01
108 -2.940315329510719e-01
109 -2.940315329510710e-01
110 -2.940315329510701e-01
111 -2.940315329510698e-01
112 -2.383549763267128e-01
113 -2.383549763267113e-01
114 -2.383549763267105e-01
115 -2.383549763267104e-01
116 -2.383549763267104e-01
117 -2.383549763267101e-01
118 -2.383549763267098e-01
119 -2.383549763267098e-01
120 -2.383549763267084e-01
121 -2.383549763267084e-01
122 -2.383549763267083e-01
123 -2.383549763267082e-01
124 -2.105957581710047e-01
125 -2.105957581710044e-01
126 -2.105957581710041e-01
127 -1.969468927680234e-01
128 -3.204534227961883e-11
129 -3.204527745550510e-11
130 -2.579003819679675e-11
131 -2.578941370467895e-11
132 -2.578877093122001e-11
133 -2.578816194258258e-11
134 -2.578796432531672e-11
135 -2.578694138579103e-11
136 -1.864905075330712e-11
137 -1.864852157026996e-11
138 -1.864838087493718e-11
139 -1.864823702156459e-11
140 -1.864747151792970e-11
141 -1.864728542097083e-11
142 -1.864725867321729e-11
143 -1.864704788966421e-11
144 -1.864704770998272e-11
145 -1.864698505987712e-11
146 -1.864677124649779e-11
147 -1.864668346520000e-11
148 -1.864654604118513e-11
149 -1.864652352766192e-11
150 -1.864643311413942e-11
151 -1.864583278417984e-11
152 -1.864538172560546e-11
153 -1.864496310257486e-11
154 -1.864490470646140e-11
155 -1.864454280205120e-11
156 -1.864443926854767e-11
157 -1.864402327101309e-11
158 -1.864395221300247e-11
159 -1.864384817401525e-11
160 -1.045747597717061e-11
161 -1.045704872562201e-11
162 -1.045606617688450e-11
163 -1.045584354468609e-11
164 -1.045577070628861e-11
165 -1.045574348683674e-11
166 -1.045562956267921e-11
167 -1.045545072812740e-11
168 -1.045544866901646e-11
169 -1.045544155706669e-11
170 -1.045536646409868e-11
171 -1.045523145833118e-11
172 -1.045509192015823e-11
173 -1.045494923952901e-11
174 -1.045471065682186e-11
175 -1.045461173123995e-11
176 -1.045453676844087e-11
177 -1.045451172407450e-11
178 -1.045443434549423e-11
179 -1.045438205460485e-11
180 -1.045429622645956e-11
181 -1.045421087590693e-11
182 -1.045418958381253e-11
183 -1.045411076945369e-11
184 -1.045406128983547e-11
185 -1.045404938738288e-11
186 -1.045392527876339e-11
187 -1.045385045653613e-11
188 -1.045375757863259e-11
189 -1.045367820789491e-11
190 -1.045364424887353e-11
191 -1.045356594940184e-11
192 -1.045353966003083e-11
193 -1.045352345522961e-11
194 -1.045348870358801e-11
195 -1.045332897872109e-11
196 -1.045326445798048e-11
197 -1.045317339079555e-11
198 -1.045312563822923e-11
199 -1.045308628309699e-11
200 -1.045306361323935e-11
201 -1.045302513576943e-11
202 -1.045300608771882e-11
203 -1.045287937851209e-11
204 -1.045285991663357e-11
205 -1.045281914915762e-11
206 -1.045278677879367e-11
207 -1.045273690339633e-11
208 -1.045269766496921e-11
209 -1.045250950472283e-11
210 -1.045245818558888e-11
211 -1.045240894732702e-11
212 -1.045239659119100e-11
213 -1.045236424591976e-11
214 -1.045232491956024e-11
215 -1.045215641104862e-11
216 -1.045215257803847e-11
217 -1.045205409302851e-11
218 -1.045205383670474e-11
219 -1.045204252099054e-11
220 -1.045202770337753e-11
221 -1.045201696539743e-11
222 -1.045201475014025e-11
223 -1.045191921675654e-11
224 -1.045191182087978e-11
225 -1.045189230858642e-11
226 -1.045173449957047e-11
227 -1.045169596873719e-11
228 -1.045161894082090e-11
229 -1.045160262351846e-11
230 -1.045152526392088e-11
231 -1.045148772080400e-11
232 -1.045144918918615e-11
233 -1.045143262879925e-11
234 -1.045138136215593e-11
235 -1.045136630075775e-11
236 -1.045127385468529e-11
237 -1.045117683730681e-11
238 -1.045099963260178e-11
239 -1.045097354403177e-11
240 -1.045084744678553e-11
241 -1.045080894701192e-11
242 -1.045061496424186e-11
243 -1.045046698521564e-11
244 -1.045041538003193e-11
245 -1.045033836337174e-11
246 -1.045032834054481e-11
247 -1.045026372824650e-11
248 -1.045005389579863e-11
249 -1.044960373750853e-11
250 -1.044909736731156e-11
251 -1.044896838051057e-11
252 -1.044830835323768e-11
253 -1.044803662831099e-11
254 -1.044706407699806e-11
255 -1.044683530942899e-11
256 1.969468926921135e-01
257 2.105957581025691e-01
258 2.105957581025701e-01
259 2.105957581025706e-01
260 2.383549762711232e-01
261 2.383549762711236e-01
262 2.383549762711238e-01
263 2.383549762711238e-01
264 2.383549762711240e-01
265 2.383549762711241e-01
266 2.383549762711242e-01
267 2.383549762711248e-01
268 2.383549762711251e-01
269 2.383549762711255e-01
270 2.383549762711255e-01
271 2.383549762711258e-01
272 2.940315329097170e-01
273 2.940315329097172e-01
274 2.940315329097174e-01
275 2.940315329097175e-01
276 2.940315329097176e-01
277 2.940315329097176e-01
278 2.940315329097176e-01
279 2.940315329097182e-01
280 2.940315329097185e-01
281 2.940315329097185e-01
282 2.940315329097186e-01
283 2.940315329097187e-01
284 2.940315329097187e-01
285 2.940315329097187e-01
286 2.940315329097187e-01
287 2.940315329097188e-01
288 2.940315329097189e-01
289 2.940315329097189e-01
290 2.940315329097190e-01
291 2.940315329097191e-01
292 2.940315329097192e-01
293 2.940315329097192e-01
294 2.940315329097192e-01
295 2.940315329097194e-01
296 2.940315329097194e-01
297 2.940315329097195e-01
298 2.940315329097195e-01
299 2.940315329097196e-01
300 2.940315329097197e-01
301 2.940315329097200e-01
302 2.940315329097202e-01
303 2.940315329097204e-01
304 2.940315329097206e-01
305 2.940315329097208e-01
306 2.940315329097208e-01
307 2.940315329097208e-01
308 2.940315329097208e-01
309 2.940315329097212e-01
310 2.940315329097213e-01
311 2.940315329097213e-01
312 2.940315329097215e-01
313 2.940315329097216e-01
314 2.940315329097217e-01
315 2.940315329097217e-01
316 2.940315329097219e-01
317 2.940315329097221e-01
318 2.940315329097226e-01
319 2.940315329097228e-01
320 4.491696451935381e-01
321 4.491696451935391e-01
322 5.173812233175696e-01
323 5.173812233175717e-01
324 5.173812233175720e-01
325 5.173812233175721e-01
326 5.173812233175725e-01
327 5.173812233175752e-01
328 6.460061423481709e-01
329 6.460061423481716e-01
330 6.460061423481722e-01
331 6.460061423481728e-01
332 6.460061423481728e-01
333 6.460061423481732e-01
334 6.460061423481732e-01
335 6.460061423481736e-01
336 6.460061423481739e-01
337 6.460061423481744e-01
338 6.460061423481750e-01
339 6.460061423481751e-01
340 6.460061423481751e-01
341 6.460061423481752e-01
342 6.460061423481754e-01
343 6.460061423481755e-01
344 6.460061423481759e-01
345 6.460061423481761e-01
346 6.460061423481768e-01
347 6.460061423481773e-01
348 6.460061423481778e-01
349 6.460061423481784e-01
350 6.460061423481798e-01
351 6.460061423481799e-01
352 7.387096253115857e-01
353 8.215427646666111e-01
354 8.215427646666129e-01
355 8.215427646666159e-01
356 1.025423740115193e+00
357 1.025423740115194e+00
358 1.025423740115194e+00
359 1.025423740115195e+00
360 1.025423740115196e+00
361 1.025423740115197e+00
362 1.025423740115197e+00
363 1.025423740115197e+00
364 1.025423740115197e+00
365 1.025423740115199e+00
366 1.025423740115199e+00
367 1.025423740115203e+00
368 1.122040634074525e+00
369 1.122040634074525e+00
370 1.394687088355525e+00
371 1.394687088355527e+00
372 1.394687088355527e+00
373 1.394687088355530e+00
374 1.394687088355531e+00
375 1.394687088355531e+00
376 1.484361611894137e+00
377 1.730188520657897e+00
378 1.730188520657898e+00
379 1.730188520657906e+00
380 2.015223025884649e+00
381 2.015223025884655e+00
382 2.387732065300365e+00


#a = 2.000000
1 -2.262698820507648e+00
2 -1.752345629796153e+00
3 -1.752345629796151e+00
4 -1.352695500809918e+00
5 -1.352695500809918e+00
6 -1.352695500809915e+00
7 -1.145811504675889e+00
8 -9.300128458702998e-01
9 -9.300128458702981e-01
10 -9.300128458702980e-01
11 -9.300128458702973e-01
12 -9.300128458702959e-01
13 -9.300128458702953e-01
14 -7.500248546825727e-01
15 -7.500248546825709e-01
16 -5.423747553957949e-01
17 -5.423747553957947e-01
18 -5.423747553957945e-01
19 -5.423747553957943e-01
20 -5.423747553957939e-01
21 -5.423747553957936e-01
22 -5.423747553957935e-01
23 -5.423747553957929e-01
24 -5.423747553957925e-01
25 -5.423747553957921e-01
26 -5.423747553957914e-01
27 -5.423747553957906e-01
28 -4.468359554190343e-01
29 -4.468359554190342e-01
30 -4.468359554190339e-01
31 -4.098390178531282e-01
32 -2.418149535891601e-01
33 -2.418149535891599e-01
34 -2.418149535891598e-01
35 -2.418149535891595e-01
36 -2.418149535891593e-01
37 -2.418149535891593e-01
38 -2.418149535891592e-01
39 -2.418149535891592e-01
40 -2.418149535891591e-01
41 -2.418149535891590e-01
42 -2.418149535891588e-01
43 -2.418149535891588e-01
44 -2.418149535891587e-01
45 -2.418149535891586e-01
46 -2.418149535891585e-01
47 -2.418149535891583e-01
48 -2.418149535891582e-01
49 -2.418149535891579e-01
50 -2.418149535891579e-01
51 -2.418149535891577e-01
52 -2.418149535891577e-01
53 -2.418149535891572e-01
54 -2.418149535891558e-01
55 -2.418149535891557e-01
56 -2.055988776781762e-01
57 -2.055988776781760e-01
58 -2.055988776781755e-01
59 -2.055988776781751e-01
60 -2.055988776781751e-01
61 -2.055988776781748e-01
62 -1.876527279707841e-01
63 -1.876527279707840e-01
64 -6.113259317061930e-02
65 -6.113259317061905e-02
66 -6.113259317061898e-02
67 -6.113259317061887e-02
68 -6.113259317061868e-02
69 -6.113259317061860e-02
70 -6.113259317061857e-02
71 -6.113259317061832e-02
72 -6.113259317061812e-02
73 -6.113259317061810e-02
74 -6.113259317061796e-02
75 -6.113259317061796e-02
76 -6.113259317061792e-02
77 -6.113259317061782e-02
78 -6.113259317061780e-02
79 -6.113259317061776e-02
80 -6.113259317061769e-02
81 -6.113259317061764e-02
82 -6.113259317061759e-02
83 -6.113259317061752e-02
84 -6.113259317061745e-02
85 -6.113259317061741e-02
86 -6.113259317061739e-02
87 -6.113259317061735e-02
88 -6.113259317061734e-02
89 -6.113259317061734e-02
90 -6.113259317061731e-02
91 -6.113259317061728e-02
92 -6.113259317061726e-02
93 -6.113259317061719e-02
94 -6.113259317061719e-02
95 -6.113259317061699e-02
96 -6.113259317061698e-02
97 -6.113259317061694e-02
98 -6.113259317061687e-02
99 -6.113259317061680e-02
100 -6.113259317061678e-02
101 -6.113259317061676e-02
102 -6.113259317061659e-02
103 -6.113259317061659e-02
104 -6.113259317061657e-02
105 -6.113259317061647e-02
106 -6.113259317061642e-02
107 -6.113259317061628e-02
108 -6.113259317061617e-02
109 -6.113259317061594e-02
110 -6.113259317061569e-02
111 -6.113259317061553e-02
112 -5.507134960344251e-02
113 -5.507134960344191e-02
114 -5.507134960344182e-02
115 -5.507134960344174e-02
116 -5.507134960344165e-02
117 -5.507134960344157e-02
118 -5.507134960344145e-02
119 -5.507134960344106e-02
120 -5.507134960344084e-02
121 -5.507134960344072e-02
122 -5.507134960344066e-02
123 -5.507134960344048e-02
124 -5.241472246636070e-02
125 -5.241472246635887e-02
126 -5.241472246635871e-02
127 -5.107843030402868e-02
128 -5.664405180919617e-12
129 -5.663692856434974e-12
130 -4.155019851482321e-12
131 -4.154524582688665e-12
132 -4.154293732528218e-12
133 -4.153887099175171e-12
134 -4.153424944997543e-12
135 -4.152936323977838e-12
136 -2.622101245753239e-12
137 -2.621661560589602e-12
138 -2.621552825207347e-12
139 -2.621479779187401e-12
140 -2.621479334373592e-12
141 -2.621441725389024e-12
142 -2.621364578240685e-12
143 -2.621238297560280e-12
144 -2.620984634776881e-12
145 -2.620733651195643e-12
146 -2.620609643927818e-12
147 -2.620548675970010e-12
148 -2.620520534647849e-12
149 -2.620324433490946e-12
150 -2.620282821858005e-12
151 -2.620126416915431e-12
152 -2.620043181652422e-12
153 -2.620030363113193e-12
154 -2.620012130459792e-12
155 -2.619821783130777e-12
156 -2.619743078463075e-12
157 -2.619669306129787e-12
158 -2.619107019040262e-12
159 -2.618883639410255e-12
160 -1.095722365356288e-12
161 -1.095105322930389e-12
162 -1.094628427556017e-12
163 -1.094520938392721e-12
164 -1.094270876615534e-12
165 -1.094228270640166e-12
166 -1.093936862672374e-12
167 -1.093917627988408e-12
168 -1.093879705749164e-12
169 -1.093868325848114e-12
170 -1.093848568511618e-12
171 -1.093846053467836e-12
172 -1.093769080949755e-12
173 -1.093742832439915e-12
174 -1.093697243391468e-12
175 -1.093592435666915e-12
176 -1.093574173245733e-12
177 -1.093504016563106e-12
178 -1.093492142945114e-12
179 -1.093473510225582e-12
180 -1.093425822921520e-12
181 -1.093380985077197e-12
182 -1.093348562758808e-12
183 -1.093341913980852e-12
184 -1.093307375937808e-12
185 -1.093304752114150e-12
186 -1.093265936992855e-12
187 -1.093231628702450e-12
188 -1.093192614047884e-12
189 -1.093150047534783e-12
190 -1.093068483563442e-12
191 -1.093053791183175e-12
192 -1.093051610711665e-12
193 -1.093026277560753e-12
194 -1.093008972962442e-12
195 -1.093002036280779e-12
196 -1.092993775462479e-12
197 -1.092986695401200e-12
198 -1.092981100611899e-12
199 -1.092966538678672e-12
200 -1.092949994033459e-12
201 -1.092947321227977e-12
202 -1.092920881625765e-12
203 -1.092889557062344e-12
204 -1.092868877669836e-12
205 -1.092853164052945e-12
206 -1.092848079183397e-12
207 -1.092654188805349e-12
208 -1.092633314020197e-12
209 -1.092620388516493e-12
210 -1.092567480195222e-12
211 -1.092565845293910e-12
212 -1.092562238393995e-12
213 -1.092504650968438e-12
214 -1.092480160907284e-12
215 -1.092416840782431e-12
216 -1.092410909187963e-12
217 -1.092362606379783e-12
218 -1.092345348152837e-12
219 -1.092312369604641e-12
220 -1.092298199844339e-12
221 -1.092286245891395e-12
222 -1.092274562545748e-12
223 -1.092180073812554e-12
224 -1.092148159675820e-12
225 -1.092120029652269e-12
226 -1.092115471846395e-12
227 -1.092081011405036e-12
228 -1.092004619182663e-12
229 -1.092000233845609e-12
230 -1.091964987107725e-12
231 -1.091944154781517e-12
232 -1.091909973021337e-12
233 -1.091880386448244e-12
234 -1.091841708898929e-12
235 -1.091773648038747e-12
236 -1.091771417890946e-12
237 -1.091770146539491e-12
238 -1.091756640689021e-12
239 -1.091688881070213e-12
240 -1.091676617705572e-12
241 -1.091611060140529e-12
242 -1.091523137178359e-12
243 -1.091458922315689e-12
244 -1.091409513767784e-12
245 -1.091346175648763e-12
246 -1.091341311811971e-12
247 -1.091339817681034e-12
248 -1.091281345148829e-12
249 -1.091279013543015e-12
250 -1.091256427247411e-12
251 -1.091086932901646e-12
252 -1.090917364856553e-12
253 -1.090825197594296e-12
254 -1.090073172532821e-12
255 -1.088728387971679e-12
256 5.107843027611376e-02
257 5.241472244246405e-02
258 5.241472244246424e-02
259 5.241472244246428e-02
260 5.507134958603258e-02
261 5.507134958603285e-02
262 5.507134958603346e-02
263 5.507134958603365e-02
264 5.507134958603366e-02
265 5.507134958603371e-02
266 5.507134958603378e-02
267 5.507134958603407e-02
268 5.507134958603419e-02
269 5.507134958603425e-02
270 5.507134958603429e-02
271 5.507134958603432e-02
272 6.113259315997391e-02
273 6.113259315997429e-02
274 6.113259315997429e-02
275 6.113259315997455e-02
276 6.113259315997457e-02
277 6.113259315997480e-02
278 6.113259315997482e-02
279 6.113259315997492e-02
280 6.113259315997497e-02
281 6.113259315997504e-02
282 6.113259315997512e-02
283 6.113259315997528e-02
284 6.113259315997530e-02
285 6.113259315997534e-02
286 6.113259315997540e-02
287 6.113259315997543e-02
288 6.113259315997548e-02
289 6.113259315997549e-02
290 6.113259315997551e-02
291 6.113259315997556e-02
292 6.113259315997556e-02
293 6.113259315997558e-02
294 6.113259315997566e-02
295 6.113259315997568e-02
296 6.113259315997572e-02
297 6.113259315997574e-02
298 6.113259315997581e-02
299 6.113259315997582e-02
300 6.113259315997586e-02
301 6.113259315997589e-02
302 6.113259315997589e-02
303 6.113259315997590e-02
304 6.113259315997593e-02
305 6.113259315997607e-02
306 6.113259315997611e-02
307 6.113259315997615e-02
308 6.113259315997617e-02
309 6.113259315997628e-02
310 6.113259315997634e-02
311 6.113259315997645e-02
312 6.113259315997645e-02
313 6.113259315997647e-02
314 6.113259315997657e-02
315 6.113259315997689e-02
316 6.113259315997691e-02
317 6.113259315997707e-02
318 6.113259315997744e-02
319 6.113259315997752e-02
320 1.876527279154066e-01
321 1.876527279154080e-01
322 2.055988776335040e-01
323 2.055988776335057e-01
324 2.055988776335068e-01
325 2.055988776335074e-01
326 2.055988776335075e-01
327 2.055988776335090e-01
328 2.418149535561360e-01
329 2.418149535561362e-01
330 2.418149535561364e-01
331 2.418149535561365e-01
332 2.418149535561367e-01
333 2.418149535561367e-01
334 2.418149535561373e-01
335 2.418149535561375e-01
336 2.418149535561377e-01
337 2.418149535561377e-01
338 2.418149535561377e-01
339 2.418149535561379e-01
340 2.418149535561379e-01
341 2.418149535561380e-01
342 2.418149535561381e-01
343 2.418149535561383e-01
344 2.418149535561384e-01
345 2.418149535561386e-01
346 2.418149535561389e-01
347 2.418149535561390e-01
348 2.418149535561391e-01
349 2.418149535561392e-01
350 2.418149535561394e-01
351 2.418149535561401e-01
352 4.098390177705869e-01
353 4.468359553438159e-01
354 4.468359553438170e-01
355 4.468359553438170e-01
356 5.423747553327829e-01
357 5.423747553327835e-01
358 5.423747553327837e-01
359 5.423747553327847e-01
360 5.423747553327850e-01
361 5.423747553327852e-01
362 5.423747553327853e-01
363 5.423747553327853e-01
364 5.423747553327858e-01
365 5.423747553327860e-01
366 5.423747553327860e-01
367 5.423747553327861e-01
368 7.500248545765031e-01
369 7.500248545765047e-01
370 9.300128457732505e-01
371 9.300128457732517e-01
372 9.300128457732523e-01
373 9.300128457732532e-01
374 9.300128457732542e-01
375 9.300128457732553e-01
376 1.145811504543600e+00
377 1.352695500679704e+00
378 1.352695500679704e+00
379 1.352695500679710e+00
380 1.752345629638256e+00
381 1.752345629638258e+00
382 2.262698820325385e+00


#a = 3.000000
1 -2.175938880397050e+00
2 -1.569357975930590e+00
3 -1.569357975930590e+00
4 -1.097983421569122e+00
5 -1.097983421569120e+00
6 -1.097983421569120e+00
7 -9.284404730272440e-01
8 -6.489748170792592e-01
9 -6.489748170792586e-01
10 -6.489748170792586e-01
11 -6.489748170792584e-01
12 -6.489748170792571e-01
13 -6.489748170792562e-01
14 -5.318055330790792e-01
15 -5.318055330790782e-01
16 -3.025726514578529e-01
17 -3.025726514578528e-01
18 -3.025726514578528e-01
19 -3.025726514578527e-01
20 -3.025726514578527e-01
21 -3.025726514578527e-01
22 -3.025726514578526e-01
23 -3.025726514578525e-01
24 -3.025726514578524e-01
25 -3.025726514578523e-01
26 -3.025726514578519e-01
27 -3.025726514578516e-01
28 -2.580982146941336e-01
29 -2.580982146941332e-01
30 -2.580982146941327e-01
31 -2.413072782788034e-01
32 -9.600517516934466e-02
33 -9.600517516934404e-02
34 -9.600517516934402e-02
35 -9.600517516934395e-02
36 -9.600517516934394e-02
37 -9.600517516934394e-02
38 -9.600517516934393e-02
39 -9.600517516934390e-02
40 -9.600517516934386e-02
41 -9.600517516934384e-02
42 -9.600517516934383e-02
43 -9.600517516934381e-02
44 -9.600517516934381e-02
45 -9.600517516934380e-02
46 -9.600517516934376e-02
47 -9.600517516934365e-02
48 -9.600517516934361e-02
49 -9.600517516934357e-02
50 -9.600517516934355e-02
51 -9.600517516934348e-02
52 -9.600517516934347e-02
53 -9.600517516934344e-02
54 -9.600517516934340e-02
55 -9.600517516934336e-02
56 -8.604626329074971e-02
57 -8.604626329074970e-02
58 -8.604626329074970e-02
59 -8.604626329074969e-02
60 -8.604626329074955e-02
61 -8.604626329074910e-02
62 -8.149806255381919e-02
63 -8.149806255381892e-02
64 -1.271018081060469e-02
65 -1.271018081060417e-02
66 -1.271018081060405e-02
67 -1.271018081060404e-02
68 -1.271018081060382e-02
69 -1.271018081060369e-02
70 -1.271018081060367e-02
71 -1.271018081060366e-02
72 -1.271018081060362e-02
73 -1.271018081060360e-02
74 -1.271018081060359e-02
75 -1.271018081060359e-02
76 -1.271018081060359e-02
77 -1.271018081060358e-02
78 -1.271018081060358e-02
79 -1.271018081060357e-02
80 -1.271018081060357e-02
81 -1.271018081060356e-02
82 -1.271018081060355e-02
83 -1.271018081060355e-02
84 -1.271018081060354e-02
85 -1.271018081060354e-02
86 -1.271018081060354e-02
87 -1.271018081060353e-02
88 -1.271018081060352e-02
89 -1.271018081060352e-02
90 -1.271018081060351e-02
91 -1.271018081060351e-02
92 -1.271018081060351e-02
93 -1.271018081060351e-02
94 -1.271018081060350e-02
95 -1.271018081060350e-02
96 -1.271018081060349e-02
97 -1.271018081060348e-02
98 -1.271018081060348e-02
99 -1.271018081060347e-02
100 -1.271018081060347e-02
101 -1.271018081060346e-02
102 -1.271018081060345e-02
103 -1.271018081060344e-02
104 -1.271018081060343e-02
105 -1.271018081060341e-02
106 -1.271018081060338e-02
107 -1.271018081060337e-02
108 -1.271018081060332e-02
109 -1.271018081060313e-02
110 -1.271018081060306e-02
111 -1.271018081060264e-02
112 -1.206404952821555e-02
113 -1.206404952821537e-02
114 -1.206404952821500e-02
115 -1.206404952821496e-02
116 -1.206404952821496e-02
117 -1.206404952821492e-02
118 -1.206404952821491e-02
119 -1.206404952821491e-02
120 -1.206404952821490e-02
121 -1.206404952821476e-02
122 -1.206404952821476e-02
123 -1.206404952821452e-02
124 -1.183174748467828e-02
125 -1.183174748467823e-02
126 -1.183174748467782e-02
127 -1.171823416149694e-02
128 -7.820862046920839e-13
129 -7.820407703189620e-13
130 -5.562958653924763e-13
131 -5.562021649216949e-13
132 -5.561931723475857e-13
133 -5.561536798802930e-13
134 -5.560558290448094e-13
135 -5.560040717911956e-13
136 -3.319512551456638e-13
137 -3.318579327812615e-13
138 -3.315744560314321e-13
139 -3.315025704773160e-13
140 -3.314550950748745e-13
141 -3.314322730154380e-13
142 -3.313848400030316e-13
143 -3.313661803030070e-13
144 -3.313489964571320e-13
145 -3.313325551519435e-13
146 -3.313210587597298e-13
147 -3.313208190739940e-13
148 -3.313074383864815e-13
149 -3.312968787429782e-13
150 -3.312946907024991e-13
151 -3.312929185591599e-13
152 -3.312841109376724e-13
153 -3.312831928972339e-13
154 -3.312548104578750e-13
155 -3.312008346770643e-13
156 -3.311709090040441e-13
157 -3.311040855423047e-13
158 -3.310213917643516e-13
159 -3.304649290264723e-13
160 -1.169312585517627e-13
161 -1.156874258339877e-13
162 -1.152619817463712e-13
163 -1.151752892114143e-13
164 -1.150073009261337e-13
165 -1.149354013855307e-13
166 -1.148289551746826e-13
167 -1.147780187263419e-13
168 -1.147584730598137e-13
169 -1.146656884229964e-13
170 -1.146528082417340e-13
171 -1.146244418255076e-13
172 -1.145536827320890e-13
173 -1.145111110017858e-13
174 -1.145007446972329e-13
175 -1.144761184787672e-13
176 -1.144425070502577e-13
177 -1.144030171039223e-13
178 -1.144025667218984e-13
179 -1.143851796573651e-13
180 -1.143594158774396e-13
181 -1.143333490576524e-13
182 -1.143227712406687e-13
183 -1.143133422113494e-13
184 -1.142994600435259e-13
185 -1.142863676852993e-13
186 -1.142789997790659e-13
187 -1.142717220181870e-13
188 -1.142676531522995e-13
189 -1.142587822108864e-13
190 -1.142544439342242e-13
191 -1.142476856044409e-13
192 -1.142408124909744e-13
193 -1.142401044102239e-13
194 -1.142373909385986e-13
195 -1.142341159999539e-13
196 -1.142303569840266e-13
197 -1.142299366321517e-13
198 -1.142279485768694e-13
199 -1.142269426720447e-13
200 -1.142215147471000e-13
201 -1.142206225731805e-13
202 -1.142166472050648e-13
203 -1.142164263626817e-13
204 -1.142139355313007e-13
205 -1.142135136549615e-13
206 -1.142120768254062e-13
207 -1.142080733052951e-13
208 -1.142078149662270e-13
209 -1.142067982941687e-13
210 -1.142047503946312e-13
211 -1.142039604940659e-13
212 -1.142028452669044e-13
213 -1.141994930525271e-13
214 -1.141979148209619e-13
215 -1.141954203752775e-13
216 -1.141913520902249e-13
217 -1.141908962129551e-13
218 -1.141873859635919e-13
219 -1.141857783197597e-13
220 -1.141848082041823e-13
221 -1.141820237422606e-13
222 -1.141813791419814e-13
223 -1.141760840950290e-13
224 -1.141739774304799e-13
225 -1.141673172680643e-13
226 -1.141645029832153e-13
227 -1.141595653880226e-13
228 -1.141505956783119e-13
229 -1.141449031635914e-13
230 -1.141374318628176e-13
231 -1.141295684477606e-13
232 -1.141215122686375e-13
233 -1.141069031063165e-13
234 -1.140911977215655e-13
235 -1.140873254252608e-13
236 -1.140648311078518e-13
237 -1.140457690347130e-13
238 -1.140309547296401e-13
239 -1.140183484343534e-13
240 -1.139995277155895e-13
241 -1.139498264298768e-13
242 -1.139169989107353e-13
243 -1.138853182968824e-13
244 -1.138806923659201e-13
245 -1.138240212421862e-13
246 -1.137880355863828e-13
247 -1.137559726265752e-13
248 -1.136851810046523e-13
249 -1.135306374760672e-13
250 -1.133320198200056e-13
251 -1.133217167255761e-13
252 -1.129096559091100e-13
253 -1.128600214389627e-13
254 -1.125605196416274e-13
255 -1.121669963442031e-13
256 1.171823415129488e-02
257 1.183174747623077e-02
258 1.183174747623096e-02
259 1.183174747623116e-02
260 1.206404952246656e-02
261 1.206404952246674e-02
262 1.206404952246694e-02
263 1.206404952246699e-02
264 1.206404952246712e-02
265 1.206404952246724e-02
266 1.206404952246727e-02
267 1.206404952246730e-02
268 1.206404952246731e-02
269 1.206404952246732e-02
270 1.206404952246758e-02
271 1.206404952246770e-02
272 1.271018080753743e-02
273 1.271018080753783e-02
274 1.271018080753794e-02
275 1.271018080753804e-02
276 1.271018080753819e-02
277 1.271018080753828e-02
278 1.271018080753831e-02
279 1.271018080753833e-02
280 1.271018080753834e-02
281 1.271018080753836e-02
282 1.271018080753838e-02
283 1.271018080753838e-02
284 1.271018080753839e-02
285 1.271018080753840e-02
286 1.271018080753840e-02
287 1.271018080753842e-02
288 1.271018080753842e-02
289 1.271018080753843e-02
290 1.271018080753844e-02
291 1.271018080753844e-02
292 1.271018080753844e-02
293 1.271018080753845e-02
294 1.271018080753845e-02
295 1.271018080753845e-02
296 1.271018080753846e-02
297 1.271018080753846e-02
298 1.271018080753846e-02
299 1.271018080753847e-02
300 1.271018080753847e-02
301 1.271018080753847e-02
302 1.271018080753848e-02
303 1.271018080753848e-02
304 1.271018080753848e-02
305 1.271018080753848e-02
306 1.271018080753849e-02
307 1.271018080753850e-02
308 1.271018080753850e-02
309 1.271018080753851e-02
310 1.271018080753852e-02
311 1.271018080753853e-02
312 1.271018080753854e-02
313 1.271018080753856e-02
314 1.271018080753861e-02
315 1.271018080753863e-02
316 1.271018080753865e-02
317 1.271018080753871e-02
318 1.271018080753889e-02
319 1.271018080753953e-02
320 8.149806252268470e-02
321 8.149806252268497e-02
322 8.604626326738442e-02
323 8.604626326738442e-02
324 8.604626326738460e-02
325 8.604626326738472e-02
326 8.604626326738490e-02
327 8.604626326738536e-02
328 9.600517515410961e-02
329 9.600517515410978e-02
330 9.600517515410979e-02
331 9.600517515410981e-02
332 9.600517515410983e-02
333 9.600517515410989e-02
334 9.600517515410989e-02
335 9.600517515410989e-02
336 9.600517515410990e-02
337 9.600517515410992e-02
338 9.600517515410992e-02
339 9.600517515410995e-02
340 9.600517515410997e-02
341 9.600517515410997e-02
342 9.600517515411000e-02
343 9.600517515411001e-02
344 9.600517515411008e-02
345 9.600517515411010e-02
346 9.600517515411013e-02
347 9.600517515411015e-02
348 9.600517515411022e-02
349 9.600517515411036e-02
350 9.600517515411038e-02
351 9.600517515411064e-02
352 2.413072782185824e-01
353 2.580982146415665e-01
354 2.580982146415666e-01
355 2.580982146415668e-01
356 3.025726514180745e-01
357 3.025726514180745e-01
358 3.025726514180751e-01
359 3.025726514180754e-01
360 3.025726514180754e-01
361 3.025726514180755e-01
362 3.025726514180757e-01
363 3.025726514180758e-01
364 3.025726514180760e-01
365 3.025726514180761e-01
366 3.025726514180762e-01
367 3.025726514180763e-01
368 5.318055329917080e-01
369 5.318055329917093e-01
370 6.489748170047027e-01
371 6.489748170047028e-01
372 6.489748170047042e-01
373 6.489748170047043e-01
374 6.489748170047043e-01
375 6.489748170047052e-01
376 9.284404729084594e-01
377 1.097983421455418e+00
378 1.097983421455418e+00
379 1.097983421455419e+00
380 1.569357975781573e+00
381 1.569357975781575e+00
382 2.175938880217957e+00


#a = 4.000000
1 -2.107962262832843e+00
2 -1.426932381034289e+00
3 -1.426932381034287e+00
4 -9.085821146343621e-01
5 -9.085821146343619e-01
6 -9.085821146343618e-01
7 -7.706915185391829e-01
8 -4.634012942660251e-01
9 -4.634012942660249e-01
10 -4.634012942660248e-01
11 -4.634012942660244e-01
12 -4.634012942660243e-01
13 -4.634012942660243e-01
14 -3.875394557023745e-01
15 -3.875394557023737e-01
16 -1.731881733318256e-01
17 -1.731881733318255e-01
18 -1.731881733318254e-01
19 -1.731881733318253e-01
20 -1.731881733318252e-01
21 -1.731881733318251e-01
22 -1.731881733318251e-01
23 -1.731881733318249e-01
24 -1.731881733318249e-01
25 -1.731881733318248e-01
26 -1.731881733318248e-01
27 -1.731881733318248e-01
28 -1.527420505867972e-01
29 -1.527420505867971e-01
30 -1.527420505867969e-01
31 -1.452307710047596e-01
32 -3.879520719598373e-02
33 -3.879520719598350e-02
34 -3.879520719598347e-02
35 -3.879520719598346e-02
36 -3.879520719598341e-02
37 -3.879520719598340e-02
38 -3.879520719598339e-02
39 -3.879520719598338e-02
40 -3.879520719598335e-02
41 -3.879520719598332e-02
42 -3.879520719598330e-02
43 -3.879520719598330e-02
44 -3.879520719598329e-02
45 -3.879520719598327e-02
46 -3.879520719598323e-02
47 -3.879520719598321e-02
48 -3.879520719598317e-02
49 -3.879520719598311e-02
50 -3.879520719598310e-02
51 -3.879520719598308e-02
52 -3.879520719598296e-02
53 -3.879520719598295e-02
54 -3.879520719598294e-02
55 -3.879520719598286e-02
56 -3.612300976906595e-02
57 -3.612300976906580e-02
58 -3.612300976906568e-02
59 -3.612300976906554e-02
60 -3.612300976906541e-02
61 -3.612300976906532e-02
62 -3.502958861710261e-02
63 -3.502958861710241e-02
64 -2.642595183076153e-03
65 -2.642595183076028e-03
66 -2.642595183075974e-03
67 -2.642595183075970e-03
68 -2.642595183075922e-03
69 -2.642595183075890e-03
70 -2.642595183075777e-03
71 -2.642595183075717e-03
72 -2.642595183075714e-03
73 -2.642595183075694e-03
74 -2.642595183075675e-03
75 -2.642595183075566e-03
76 -2.642595183075516e-03
77 -2.642595183075482e-03
78 -2.642595183075463e-03
79 -2.642595183075441e-03
80 -2.642595183075417e-03
81 -2.642595183075403e-03
82 -2.642595183075400e-03
83 -2.642595183075393e-03
84 -2.642595183075384e-03
85 -2.642595183075369e-03
86 -2.642595183075357e-03
87 -2.642595183075347e-03
88 -2.642595183075332e-03
89 -2.642595183075309e-03
90 -2.642595183075306e-03
91 -2.642595183075255e-03
92 -2.642595183075251e-03
93 -2.642595183075251e-03
94 -2.642595183075245e-03
95 -2.642595183075238e-03
96 -2.642595183075224e-03
97 -2.642595183075216e-03
98 -2.642595183075186e-03
99 -2.642595183075164e-03
100 -2.642595183075119e-03
101 -2.642595183075054e-03
102 -2.642595183075054e-03
103 -2.642595183075028e-03
104 -2.642595183075015e-03
105 -2.642595183075003e-03
106 -2.642595183074991e-03
107 -2.642595183074982e-03
108 -2.642595183074971e-03
109 -2.642595183074938e-03
110 -2.642595183074874e-03
111 -2.642595183074410e-03
112 -2.575740736236723e-03
113 -2.575740736236624e-03
114 -2.575740736236603e-03
115 -2.575740736236523e-03
116 -2.575740736236475e-03
117 -2.575740736236351e-03
118 -2.575740736236259e-03
119 -2.575740736236236e-03
120 -2.575740736236230e-03
121 -2.575740736236076e-03
122 -2.575740736236022e-03
123 -2.575740736235939e-03
124 -2.557025756363812e-03
125 -2.557025756363679e-03
126 -2.557025756363070e-03
127 -2.548436824437444e-03
128 -1.020866625381811e-13
129 -1.020414891025018e-13
130 -7.152361240997418e-14
131 -7.140623714547982e-14
132 -7.138823024792914e-14
133 -7.125728177986299e-14
134 -7.116338028242245e-14
135 -7.105599686892851e-14
136 -4.127387840681037e-14
137 -4.123827606959370e-14
138 -4.119980368830052e-14
139 -4.107419486792107e-14
140 -4.107039225368320e-14
141 -4.103245488253679e-14
142 -4.095254217272124e-14
143 -4.093426142366218e-14
144 -4.087358282778109e-14
145 -4.087204025453795e-14
146 -4.085488706132643e-14
147 -4.082533310146845e-14
148 -4.081077772116797e-14
149 -4.079802452928440e-14
150 -4.075218912171295e-14
151 -4.066916411878173e-14
152 -4.063105215549642e-14
153 -4.062119570619526e-14
154 -4.058343076843993e-14
155 -4.056295294008505e-14
156 -4.050210085987099e-14
157 -4.043331146090427e-14
158 -4.042480610677251e-14
159 -4.014842737388521e-14
160 -1.456643127738692e-14
161 -1.337749324347048e-14
162 -1.310065770033331e-14
163 -1.297216722481263e-14
164 -1.277696371580956e-14
165 -1.255672805638832e-14
166 -1.254736156733989e-14
167 -1.246491504165590e-14
168 -1.245524818938820e-14
169 -1.238193018559369e-14
170 -1.235429651354957e-14
171 -1.234754904944603e-14
172 -1.232247051115733e-14
173 -1.231425426660051e-14
174 -1.229801191165622e-14
175 -1.228738276527670e-14
176 -1.226480598689458e-14
177 -1.225925493431256e-14
178 -1.225171054921326e-14
179 -1.223905831789606e-14
180 -1.222368214099320e-14
181 -1.219929350476327e-14
182 -1.218025317584872e-14
183 -1.216640301530327e-14
184 -1.213981468496333e-14
185 -1.213974486162588e-14
186 -1.213516851602099e-14
187 -1.212916099540594e-14
188 -1.211244242010842e-14
189 -1.210945567170041e-14
190 -1.210390994854124e-14
191 -1.210187151042313e-14
192 -1.209682189694166e-14
193 -1.208127988731679e-14
194 -1.206945321535752e-14
195 -1.206717366304916e-14
196 -1.204248690934229e-14
197 -1.203074828454406e-14
198 -1.202585441965680e-14
199 -1.202306541895356e-14
200 -1.202053080116310e-14
201 -1.200416725137269e-14
202 -1.200045171593260e-14
203 -1.199690808569707e-14
204 -1.198556656807375e-14
205 -1.197566684753570e-14
206 -1.196379293626678e-14
207 -1.195203989617588e-14
208 -1.195051743649993e-14
209 -1.192950218304349e-14
210 -1.191634818473974e-14
211 -1.191542722878249e-14
212 -1.191448637583743e-14
213 -1.190302462252946e-14
214 -1.190249738270320e-14
215 -1.188912765898583e-14
216 -1.188526152308157e-14
217 -1.188461644618205e-14
218 -1.188280315239076e-14
219 -1.187770891222309e-14
220 -1.187731361978407e-14
221 -1.187169492548292e-14
222 -1.185722137333075e-14
223 -1.183918094469652e-14
224 -1.183365746276837e-14
225 -1.182187321865821e-14
226 -1.181394632212034e-14
227 -1.181108580525113e-14
228 -1.178844742836565e-14
229 -1.176634683254022e-14
230 -1.176093698211490e-14
231 -1.175397757406846e-14
232 -1.174987568212023e-14
233 -1.174559004526286e-14
234 -1.173186963946333e-14
235 -1.172029260898190e-14
236 -1.170668594005929e-14
237 -1.169466907514947e-14
238 -1.168559199962124e-14
239 -1.165209787290697e-14
240 -1.164340477134252e-14
241 -1.163427557870684e-14
242 -1.160901514042916e-14
243 -1.159233179158986e-14
244 -1.158449396330542e-14
245 -1.154006008138776e-14
246 -1.147526416456244e-14
247 -1.147031193958639e-14
248 -1.136335904715899e-14
249 -1.136287244750632e-14
250 -1.130582666551136e-14
251 -1.126676671779340e-14
252 -1.114480760198364e-14
253 -1.083492436610189e-14
254 -1.053673288124651e-14
255 -1.043358258216629e-14
256 2.548436820923984e-03
257 2.557025753501802e-03
258 2.557025753501880e-03
259 2.557025753501978e-03
260 2.575740734355602e-03
261 2.575740734355900e-03
262 2.575740734355994e-03
263 2.575740734356095e-03
264 2.575740734356257e-03
265 2.575740734356261e-03
266 2.575740734356332e-03
267 2.575740734356376e-03
268 2.575740734356502e-03
269 2.575740734356566e-03
270 2.575740734356614e-03
271 2.575740734356792e-03
272 2.642595182150962e-03
273 2.642595182151044e-03
274 2.642595182151106e-03
275 2.642595182151176e-03
276 2.642595182151193e-03
277 2.642595182151215e-03
278 2.642595182151224e-03
279 2.642595182151231e-03
280 2.642595182151263e-03
281 2.642595182151279e-03
282 2.642595182151294e-03
283 2.642595182151324e-03
284 2.642595182151350e-03
285 2.642595182151360e-03
286 2.642595182151366e-03
287 2.642595182151374e-03
288 2.642595182151383e-03
289 2.642595182151383e-03
290 2.642595182151411e-03
291 2.642595182151413e-03
292 2.642595182151415e-03
293 2.642595182151420e-03
294 2.642595182151426e-03
295 2.642595182151433e-03
296 2.642595182151439e-03
297 2.642595182151455e-03
298 2.642595182151476e-03
299 2.642595182151489e-03
300 2.642595182151531e-03
301 2.642595182151553e-03
302 2.642595182151579e-03
303 2.642595182151591e-03
304 2.642595182151613e-03
305 2.642595182151619e-03
306 2.642595182151635e-03
307 2.642595182151644e-03
308 2.642595182151703e-03
309 2.642595182151724e-03
310 2.642595182151728e-03
311 2.642595182151733e-03
312 2.642595182151735e-03
313 2.642595182151812e-03
314 2.642595182151832e-03
315 2.642595182151877e-03
316 2.642595182151890e-03
317 2.642595182151896e-03
318 2.642595182152108e-03
319 2.642595182152177e-03
320 3.502958860021902e-02
321 3.502958860021944e-02
322 3.612300975702537e-02
323 3.612300975702584e-02
324 3.612300975702604e-02
325 3.612300975702614e-02
326 3.612300975702624e-02
327 3.612300975702626e-02
328 3.879520718884966e-02
329 3.879520718884988e-02
330 3.879520718885004e-02
331 3.879520718885006e-02
332 3.879520718885019e-02
333 3.879520718885022e-02
334 3.879520718885032e-02
335 3.879520718885035e-02
336 3.879520718885037e-02
337 3.879520718885037e-02
338 3.879520718885038e-02
339 3.879520718885045e-02
340 3.879520718885048e-02
341 3.879520718885057e-02
342 3.879520718885057e-02
343 3.879520718885058e-02
344 3.879520718885059e-02
345 3.879520718885075e-02
346 3.879520718885077e-02
347 3.879520718885085e-02
348 3.879520718885088e-02
349 3.879520718885102e-02
350 3.879520718885113e-02
351 3.879520718885116e-02
352 1.452307709613287e-01
353 1.527420505502384e-01
354 1.527420505502384e-01
355 1.527420505502391e-01
356 1.731881733064835e-01
357 1.731881733064841e-01
358 1.731881733064842e-01
359 1.731881733064842e-01
360 1.731881733064843e-01
361 1.731881733064843e-01
362 1.731881733064845e-01
363 1.731881733064845e-01
364 1.731881733064848e-01
365 1.731881733064848e-01
366 1.731881733064849e-01
367 1.731881733064850e-01
368 3.875394556298032e-01
369 3.875394556298033e-01
370 4.634012942080766e-01
371 4.634012942080766e-01
372 4.634012942080769e-01
373 4.634012942080769e-01
374 4.634012942080770e-01
375 4.634012942080772e-01
376 7.706915184314086e-01
377 9.085821145340714e-01
378 9.085821145340728e-01
379 9.085821145340731e-01
380 1.426932380892594e+00
381 1.426932380892598e+00
382 2.107962262656311e+00


