## Parameters ##
# z = 3
# m = 8
# t = 1.000000000000000e+00
# mu = 1.000000000000000e+00
# opt = sc
#
#
#a = 0.000000
1 -3.702653833365896e+00
2 -3.613125929752754e+00
3 -3.613125929752753e+00
4 -3.548324784527070e+00
5 -3.548324784527066e+00
6 -3.548324784527059e+00
7 -3.449489742783182e+00
8 -3.449489742783180e+00
9 -3.449489742783178e+00
10 -3.449489742783176e+00
11 -3.449489742783175e+00
12 -3.449489742783174e+00
13 -3.288245611270745e+00
14 -3.288245611270743e+00
15 -3.288245611270742e+00
16 -3.288245611270741e+00
17 -3.288245611270741e+00
18 -3.288245611270738e+00
19 -3.288245611270738e+00
20 -3.288245611270737e+00
21 -3.288245611270732e+00
22 -3.288245611270732e+00
23 -3.288245611270731e+00
24 -3.288245611270725e+00
25 -3.266101604327107e+00
26 -3.000000000000011e+00
27 -3.000000000000006e+00
28 -3.000000000000006e+00
29 -3.000000000000006e+00
30 -3.000000000000005e+00
31 -3.000000000000004e+00
32 -3.000000000000004e+00
33 -3.000000000000004e+00
34 -3.000000000000003e+00
35 -3.000000000000003e+00
36 -3.000000000000002e+00
37 -3.000000000000001e+00
38 -3.000000000000001e+00
39 -3.000000000000001e+00
40 -3.000000000000000e+00
41 -3.000000000000000e+00
42 -2.999999999999999e+00
43 -2.999999999999999e+00
44 -2.999999999999998e+00
45 -2.999999999999997e+00
46 -2.999999999999996e+00
47 -2.999999999999996e+00
48 -2.999999999999995e+00
49 -2.999999999999993e+00
50 -2.999999999999992e+00
51 -2.999999999999991e+00
52 -2.763495467579877e+00
53 -2.763495467579864e+00
54 -2.763495467579861e+00
55 -2.509896661675155e+00
56 -2.414213562373103e+00
57 -2.414213562373102e+00
58 -2.414213562373102e+00
59 -2.414213562373101e+00
60 -2.414213562373100e+00
61 -2.414213562373099e+00
62 -2.414213562373099e+00
63 -2.414213562373099e+00
64 -2.414213562373099e+00
65 -2.414213562373099e+00
66 -2.414213562373098e+00
67 -2.414213562373098e+00
68 -2.414213562373098e+00
69 -2.414213562373098e+00
70 -2.414213562373097e+00
71 -2.414213562373097e+00
72 -2.414213562373097e+00
73 -2.414213562373097e+00
74 -2.414213562373097e+00
75 -2.414213562373097e+00
76 -2.414213562373097e+00
77 -2.414213562373097e+00
78 -2.414213562373097e+00
79 -2.414213562373097e+00
80 -2.414213562373096e+00
81 -2.414213562373096e+00
82 -2.414213562373096e+00
83 -2.414213562373096e+00
84 -2.414213562373095e+00
85 -2.414213562373095e+00
86 -2.414213562373095e+00
87 -2.414213562373095e+00
88 -2.414213562373095e+00
89 -2.414213562373095e+00
90 -2.414213562373095e+00
91 -2.414213562373094e+00
92 -2.414213562373094e+00
93 -2.414213562373094e+00
94 -2.414213562373094e+00
95 -2.414213562373094e+00
96 -2.414213562373094e+00
97 -2.414213562373093e+00
98 -2.414213562373093e+00
99 -2.414213562373093e+00
100 -2.414213562373092e+00
101 -2.414213562373092e+00
102 -2.414213562373092e+00
103 -2.414213562373092e+00
104 -2.414213562373092e+00
105 -2.414213562373092e+00
106 -2.414213562373090e+00
107 -2.414213562373089e+00
108 -2.414213562373086e+00
109 -2.414213562373086e+00
110 -2.082392200292395e+00
111 -2.082392200292392e+00
112 -1.874032048897646e+00
113 -1.874032048897645e+00
114 -1.874032048897644e+00
115 -1.874032048897644e+00
116 -1.874032048897643e+00
117 -1.874032048897643e+00
118 -1.874032048897642e+00
119 -1.874032048897641e+00
120 -1.874032048897640e+00
121 -1.874032048897639e+00
122 -1.874032048897639e+00
123 -1.874032048897638e+00
124 -1.629384245425896e+00
125 -1.629384245425896e+00
126 -1.629384245425894e+00
127 -1.529771504444074e+00
128 -1.000000000000012e+00
129 -1.000000000000011e+00
130 -1.000000000000011e+00
131 -1.000000000000008e+00
132 -1.000000000000007e+00
133 -1.000000000000006e+00
134 -1.000000000000006e+00
135 -1.000000000000006e+00
136 -1.000000000000005e+00
137 -1.000000000000005e+00
138 -1.000000000000005e+00
139 -1.000000000000004e+00
140 -1.000000000000004e+00
141 -1.000000000000004e+00
142 -1.000000000000004e+00
143 -1.000000000000004e+00
144 -1.000000000000003e+00
145 -1.000000000000003e+00
146 -1.000000000000003e+00
147 -1.000000000000002e+00
148 -1.000000000000002e+00
149 -1.000000000000002e+00
150 -1.000000000000002e+00
151 -1.000000000000002e+00
152 -1.000000000000002e+00
153 -1.000000000000002e+00
154 -1.000000000000002e+00
155 -1.000000000000002e+00
156 -1.000000000000002e+00
157 -1.000000000000002e+00
158 -1.000000000000002e+00
159 -1.000000000000002e+00
160 -1.000000000000002e+00
161 -1.000000000000002e+00
162 -1.000000000000002e+00
163 -1.000000000000002e+00
164 -1.000000000000001e+00
165 -1.000000000000001e+00
166 -1.000000000000001e+00
167 -1.000000000000001e+00
168 -1.000000000000001e+00
169 -1.000000000000001e+00
170 -1.000000000000001e+00
171 -1.000000000000001e+00
172 -1.000000000000001e+00
173 -1.000000000000001e+00
174 -1.000000000000001e+00
175 -1.000000000000001e+00
176 -1.000000000000001e+00
177 -1.000000000000000e+00
178 -1.000000000000000e+00
179 -1.000000000000000e+00
180 -1.000000000000000e+00
181 -1.000000000000000e+00
182 -1.000000000000000e+00
183 -1.000000000000000e+00
184 -1.000000000000000e+00
185 -1.000000000000000e+00
186 -1.000000000000000e+00
187 -1.000000000000000e+00
188 -1.000000000000000e+00
189 -9.999999999999999e-01
190 -9.999999999999999e-01
191 -9.999999999999999e-01
192 -9.999999999999998e-01
193 -9.999999999999998e-01
194 -9.999999999999998e-01
195 -9.999999999999997e-01
196 -9.999999999999996e-01
197 -9.999999999999996e-01
198 -9.999999999999996e-01
199 -9.999999999999996e-01
200 -9.999999999999994e-01
201 -9.999999999999994e-01
202 -9.999999999999994e-01
203 -9.999999999999993e-01
204 -9.999999999999992e-01
205 -9.999999999999992e-01
206 -9.999999999999991e-01
207 -9.999999999999991e-01
208 -9.999999999999990e-01
209 -9.999999999999990e-01
210 -9.999999999999990e-01
211 -9.999999999999989e-01
212 -9.999999999999989e-01
213 -9.999999999999989e-01
214 -9.999999999999988e-01
215 -9.999999999999988e-01
216 -9.999999999999988e-01
217 -9.999999999999987e-01
218 -9.999999999999987e-01
219 -9.999999999999986e-01
220 -9.999999999999984e-01
221 -9.999999999999983e-01
222 -9.999999999999983e-01
223 -9.999999999999983e-01
224 -9.999999999999981e-01
225 -9.999999999999981e-01
226 -9.999999999999981e-01
227 -9.999999999999980e-01
228 -9.999999999999978e-01
229 -9.999999999999977e-01
230 -9.999999999999977e-01
231 -9.999999999999977e-01
232 -9.999999999999977e-01
233 -9.999999999999976e-01
234 -9.999999999999974e-01
235 -9.999999999999974e-01
236 -9.999999999999972e-01
237 -9.999999999999972e-01
238 -9.999999999999971e-01
239 -9.999999999999970e-01
240 -9.999999999999969e-01
241 -9.999999999999967e-01
242 -9.999999999999967e-01
243 -9.999999999999967e-01
244 -9.999999999999961e-01
245 -9.999999999999958e-01
246 -9.999999999999958e-01
247 -9.999999999999951e-01
248 -9.999999999999944e-01
249 -9.999999999999944e-01
250 -9.999999999999940e-01
251 -9.999999999999930e-01
252 -9.999999999999928e-01
253 -9.999999999999902e-01
254 -9.999999999999889e-01
255 -9.999999999999842e-01
256 -4.702284955559183e-01
257 -3.706157545741062e-01
258 -3.706157545741051e-01
259 -3.706157545741035e-01
260 -1.259679511023636e-01
261 -1.259679511023624e-01
262 -1.259679511023613e-01
263 -1.259679511023604e-01
264 -1.259679511023589e-01
265 -1.259679511023587e-01
266 -1.259679511023579e-01
267 -1.259679511023571e-01
268 -1.259679511023570e-01
269 -1.259679511023558e-01
270 -1.259679511023553e-01
271 -1.259679511023530e-01
272 8.239220029239359e-02
273 8.239220029239624e-02
274 4.142135623730846e-01
275 4.142135623730891e-01
276 4.142135623730911e-01
277 4.142135623730911e-01
278 4.142135623730914e-01
279 4.142135623730914e-01
280 4.142135623730918e-01
281 4.142135623730921e-01
282 4.142135623730928e-01
283 4.142135623730933e-01
284 4.142135623730933e-01
285 4.142135623730935e-01
286 4.142135623730936e-01
287 4.142135623730939e-01
288 4.142135623730939e-01
289 4.142135623730941e-01
290 4.142135623730942e-01
291 4.142135623730942e-01
292 4.142135623730943e-01
293 4.142135623730943e-01
294 4.142135623730946e-01
295 4.142135623730948e-01
296 4.142135623730952e-01
297 4.142135623730953e-01
298 4.142135623730957e-01
299 4.142135623730958e-01
300 4.142135623730959e-01
301 4.142135623730960e-01
302 4.142135623730960e-01
303 4.142135623730963e-01
304 4.142135623730964e-01
305 4.142135623730965e-01
306 4.142135623730965e-01
307 4.142135623730966e-01
308 4.142135623730969e-01
309 4.142135623730973e-01
310 4.142135623730974e-01
311 4.142135623730976e-01
312 4.142135623730979e-01
313 4.142135623730980e-01
314 4.142135623730981e-01
315 4.142135623730988e-01
316 4.142135623730989e-01
317 4.142135623730991e-01
318 4.142135623731000e-01
319 4.142135623731001e-01
320 4.142135623731002e-01
321 4.142135623731002e-01
322 4.142135623731003e-01
323 4.142135623731006e-01
324 4.142135623731006e-01
325 4.142135623731011e-01
326 4.142135623731013e-01
327 4.142135623731040e-01
328 5.098966616751552e-01
329 7.634954675798646e-01
330 7.634954675798683e-01
331 7.634954675798696e-01
332 9.999999999999920e-01
333 9.999999999999942e-01
334 9.999999999999959e-01
335 9.999999999999962e-01
336 9.999999999999981e-01
337 9.999999999999983e-01
338 9.999999999999987e-01
339 9.999999999999992e-01
340 9.999999999999992e-01
341 9.999999999999993e-01
342 9.999999999999994e-01
343 9.999999999999998e-01
344 1.000000000000000e+00
345 1.000000000000000e+00
346 1.000000000000001e+00
347 1.000000000000001e+00
348 1.000000000000001e+00
349 1.000000000000001e+00
350 1.000000000000002e+00
351 1.000000000000002e+00
352 1.000000000000002e+00
353 1.000000000000003e+00
354 1.000000000000003e+00
355 1.000000000000004e+00
356 1.000000000000004e+00
357 1.000000000000007e+00
358 1.266101604327108e+00
359 1.288245611270729e+00
360 1.288245611270731e+00
361 1.288245611270731e+00
362 1.288245611270735e+00
363 1.288245611270735e+00
364 1.288245611270735e+00
365 1.288245611270735e+00
366 1.288245611270736e+00
367 1.288245611270737e+00
368 1.288245611270738e+00
369 1.288245611270739e+00
370 1.288245611270741e+00
371 1.449489742783170e+00
372 1.449489742783172e+00
373 1.449489742783173e+00
374 1.449489742783176e+00
375 1.449489742783182e+00
376 1.449489742783183e+00
377 1.548324784527066e+00
378 1.548324784527067e+00
379 1.548324784527072e+00
380 1.613125929752753e+00
381 1.613125929752753e+00
382 1.702653833365898e+00


#a = 1.000000
1 -3.327015630670090e+00
2 -2.876235877349940e+00
3 -2.876235877349938e+00
4 -2.505750033860703e+00
5 -2.505750033860699e+00
6 -2.505750033860697e+00
7 -2.259880979701905e+00
8 -2.058985890020153e+00
9 -2.058985890020148e+00
10 -2.058985890020148e+00
11 -2.058985890020147e+00
12 -2.058985890020145e+00
13 -2.058985890020145e+00
14 -1.812147268532831e+00
15 -1.812147268532829e+00
16 -1.556835008779120e+00
17 -1.556835008779116e+00
18 -1.556835008779115e+00
19 -1.556835008779113e+00
20 -1.556835008779113e+00
21 -1.556835008779113e+00
22 -1.556835008779112e+00
23 -1.556835008779112e+00
24 -1.556835008779111e+00
25 -1.556835008779111e+00
26 -1.556835008779111e+00
27 -1.556835008779106e+00
28 -1.404683526117664e+00
29 -1.404683526117662e+00
30 -1.404683526117661e+00
31 -1.355346195025807e+00
32 -1.028560866710670e+00
33 -1.028560866710669e+00
34 -1.028560866710668e+00
35 -1.028560866710668e+00
36 -1.028560866710668e+00
37 -1.028560866710667e+00
38 -1.028560866710667e+00
39 -1.028560866710667e+00
40 -1.028560866710667e+00
41 -1.028560866710666e+00
42 -1.028560866710666e+00
43 -1.028560866710665e+00
44 -1.028560866710665e+00
45 -1.028560866710665e+00
46 -1.028560866710665e+00
47 -1.028560866710665e+00
48 -1.028560866710664e+00
49 -1.028560866710664e+00
50 -1.028560866710664e+00
51 -1.028560866710664e+00
52 -1.028560866710664e+00
53 -1.028560866710663e+00
54 -1.028560866710662e+00
55 -1.028560866710662e+00
56 -9.755387969892321e-01
57 -9.755387969892306e-01
58 -9.750174815680245e-01
59 -9.750174815680234e-01
60 -9.750174815680234e-01
61 -9.750174815680224e-01
62 -9.750174815680219e-01
63 -9.750174815680209e-01
64 -6.467350067743636e-01
65 -6.116721822556418e-01
66 -6.116721822556391e-01
67 -6.116721822556385e-01
68 -5.550499961036990e-01
69 -5.550499961036971e-01
70 -5.550499961036970e-01
71 -5.550499961036965e-01
72 -5.550499961036964e-01
73 -5.550499961036962e-01
74 -5.550499961036959e-01
75 -5.550499961036959e-01
76 -5.550499961036959e-01
77 -5.550499961036954e-01
78 -5.550499961036948e-01
79 -5.550499961036943e-01
80 -5.180739209102567e-01
81 -5.180739209102565e-01
82 -5.180739209102556e-01
83 -5.180739209102555e-01
84 -5.180739209102552e-01
85 -5.180739209102552e-01
86 -5.180739209102552e-01
87 -5.180739209102552e-01
88 -5.180739209102551e-01
89 -5.180739209102549e-01
90 -5.180739209102549e-01
91 -5.180739209102549e-01
92 -5.180739209102548e-01
93 -5.180739209102548e-01
94 -5.180739209102547e-01
95 -5.180739209102546e-01
96 -5.180739209102546e-01
97 -5.180739209102546e-01
98 -5.180739209102546e-01
99 -5.180739209102544e-01
100 -5.180739209102544e-01
101 -5.180739209102544e-01
102 -5.180739209102544e-01
103 -5.180739209102543e-01
104 -5.180739209102543e-01
105 -5.180739209102542e-01
106 -5.180739209102542e-01
107 -5.180739209102541e-01
108 -5.180739209102541e-01
109 -5.180739209102539e-01
110 -5.180739209102539e-01
111 -5.180739209102538e-01
112 -5.180739209102536e-01
113 -5.180739209102536e-01
114 -5.180739209102536e-01
115 -5.180739209102535e-01
116 -5.180739209102535e-01
117 -5.180739209102535e-01
118 -5.180739209102534e-01
119 -5.180739209102534e-01
120 -5.180739209102534e-01
121 -5.180739209102533e-01
122 -5.180739209102533e-01
123 -5.180739209102532e-01
124 -5.180739209102529e-01
125 -5.180739209102525e-01
126 -5.180739209102523e-01
127 -5.180739209102518e-01
128 -3.572101842461506e-01
129 -3.572101842461498e-01
130 -2.789061853177661e-01
131 -2.789061853177661e-01
132 -2.789061853177658e-01
133 -2.789061853177655e-01
134 -2.789061853177643e-01
135 -2.789061853177640e-01
136 -1.940015853068860e-01
137 -1.940015853068855e-01
138 -1.940015853068839e-01
139 -1.940015853068836e-01
140 -1.940015853068836e-01
141 -1.940015853068834e-01
142 -1.940015853068833e-01
143 -1.940015853068832e-01
144 -1.940015853068831e-01
145 -1.940015853068829e-01
146 -1.940015853068829e-01
147 -1.940015853068829e-01
148 -1.940015853068826e-01
149 -1.940015853068826e-01
150 -1.940015853068826e-01
151 -1.940015853068825e-01
152 -1.940015853068825e-01
153 -1.940015853068823e-01
154 -1.940015853068818e-01
155 -1.940015853068818e-01
156 -1.940015853068817e-01
157 -1.940015853068814e-01
158 -1.940015853068812e-01
159 -1.940015853068799e-01
160 -1.477614936924272e-01
161 -1.045284632676613e-01
162 -1.045284632676580e-01
163 -1.045284632676576e-01
164 -1.045284632676566e-01
165 -1.045284632676561e-01
166 -1.045284632676553e-01
167 -1.045284632676552e-01
168 -1.045284632676550e-01
169 -1.045284632676549e-01
170 -1.045284632676548e-01
171 -1.045284632676544e-01
172 -1.045284632676543e-01
173 -1.045284632676543e-01
174 -1.045284632676543e-01
175 -1.045284632676542e-01
176 -1.045284632676541e-01
177 -1.045284632676541e-01
178 -1.045284632676540e-01
179 -1.045284632676540e-01
180 -1.045284632676540e-01
181 -1.045284632676540e-01
182 -1.045284632676539e-01
183 -1.045284632676539e-01
184 -1.045284632676539e-01
185 -1.045284632676538e-01
186 -1.045284632676538e-01
187 -1.045284632676538e-01
188 -1.045284632676538e-01
189 -1.045284632676538e-01
190 -1.045284632676537e-01
191 -1.045284632676537e-01
192 -1.045284632676537e-01
193 -1.045284632676537e-01
194 -1.045284632676537e-01
195 -1.045284632676537e-01
196 -1.045284632676536e-01
197 -1.045284632676536e-01
198 -1.045284632676536e-01
199 -1.045284632676536e-01
200 -1.045284632676536e-01
201 -1.045284632676536e-01
202 -1.045284632676536e-01
203 -1.045284632676535e-01
204 -1.045284632676535e-01
205 -1.045284632676535e-01
206 -1.045284632676535e-01
207 -1.045284632676535e-01
208 -1.045284632676534e-01
209 -1.045284632676534e-01
210 -1.045284632676534e-01
211 -1.045284632676534e-01
212 -1.045284632676534e-01
213 -1.045284632676534e-01
214 -1.045284632676534e-01
215 -1.045284632676533e-01
216 -1.045284632676533e-01
217 -1.045284632676533e-01
218 -1.045284632676533e-01
219 -1.045284632676533e-01
220 -1.045284632676532e-01
221 -1.045284632676532e-01
222 -1.045284632676532e-01
223 -1.045284632676532e-01
224 -1.045284632676531e-01
225 -1.045284632676531e-01
226 -1.045284632676531e-01
227 -1.045284632676531e-01
228 -1.045284632676531e-01
229 -1.045284632676531e-01
230 -1.045284632676530e-01
231 -1.045284632676530e-01
232 -1.045284632676530e-01
233 -1.045284632676530e-01
234 -1.045284632676530e-01
235 -1.045284632676529e-01
236 -1.045284632676529e-01
237 -1.045284632676528e-01
238 -1.045284632676528e-01
239 -1.045284632676528e-01
240 -1.045284632676528e-01
241 -1.045284632676528e-01
242 -1.045284632676527e-01
243 -1.045284632676527e-01
244 -1.045284632676526e-01
245 -1.045284632676526e-01
246 -1.045284632676525e-01
247 -1.045284632676523e-01
248 -1.045284632676523e-01
249 -1.045284632676518e-01
250 -1.045284632676518e-01
251 -1.045284632676514e-01
252 -1.045284632676510e-01
253 -1.045284632676506e-01
254 -1.045284632676505e-01
255 -1.045284632676499e-01
256 -1.045284632676497e-01
257 -9.497936810347157e-02
258 -9.497936810347080e-02
259 -9.497936810346864e-02
260 -8.269639516307372e-03
261 -8.269639516306883e-03
262 -8.269639516306878e-03
263 -8.269639516306694e-03
264 -8.269639516306548e-03
265 -8.269639516306260e-03
266 -8.269639516305880e-03
267 -8.269639516305691e-03
268 -8.269639516305542e-03
269 -8.269639516305324e-03
270 -8.269639516304687e-03
271 -8.269639516303329e-03
272 4.966818948377735e-02
273 4.966818948377932e-02
274 1.045284632676491e-01
275 1.045284632676513e-01
276 1.045284632676514e-01
277 1.045284632676517e-01
278 1.045284632676521e-01
279 1.045284632676524e-01
280 1.045284632676525e-01
281 1.045284632676526e-01
282 1.045284632676526e-01
283 1.045284632676527e-01
284 1.045284632676527e-01
285 1.045284632676528e-01
286 1.045284632676528e-01
287 1.045284632676529e-01
288 1.045284632676529e-01
289 1.045284632676530e-01
290 1.045284632676530e-01
291 1.045284632676531e-01
292 1.045284632676531e-01
293 1.045284632676532e-01
294 1.045284632676532e-01
295 1.045284632676532e-01
296 1.045284632676532e-01
297 1.045284632676533e-01
298 1.045284632676533e-01
299 1.045284632676533e-01
300 1.045284632676533e-01
301 1.045284632676533e-01
302 1.045284632676534e-01
303 1.045284632676534e-01
304 1.045284632676534e-01
305 1.045284632676534e-01
306 1.045284632676535e-01
307 1.045284632676535e-01
308 1.045284632676535e-01
309 1.045284632676536e-01
310 1.045284632676536e-01
311 1.045284632676537e-01
312 1.045284632676537e-01
313 1.045284632676538e-01
314 1.045284632676538e-01
315 1.045284632676538e-01
316 1.045284632676540e-01
317 1.045284632676540e-01
318 1.045284632676541e-01
319 1.045284632676548e-01
320 1.045284632676550e-01
321 1.045284632676571e-01
322 1.506548541176606e-01
323 1.506548541176636e-01
324 1.506548541176649e-01
325 1.506548541176651e-01
326 1.506548541176651e-01
327 1.506548541176654e-01
328 2.275080256603768e-01
329 3.090169943749452e-01
330 3.090169943749458e-01
331 3.090169943749460e-01
332 3.090169943749460e-01
333 3.090169943749462e-01
334 3.090169943749463e-01
335 3.090169943749465e-01
336 3.090169943749467e-01
337 3.090169943749468e-01
338 3.090169943749472e-01
339 3.090169943749474e-01
340 3.090169943749476e-01
341 3.090169943749476e-01
342 3.090169943749476e-01
343 3.090169943749477e-01
344 3.090169943749477e-01
345 3.090169943749479e-01
346 3.090169943749479e-01
347 3.090169943749483e-01
348 3.090169943749485e-01
349 3.090169943749486e-01
350 3.090169943749491e-01
351 3.090169943749496e-01
352 3.090169943749509e-01
353 3.217494219095620e-01
354 3.217494219095625e-01
355 3.217494219095629e-01
356 5.045179982399796e-01
357 5.045179982399817e-01
358 5.374785803976543e-01
359 5.374785803976543e-01
360 5.374785803976549e-01
361 5.374785803976558e-01
362 5.374785803976563e-01
363 5.374785803976563e-01
364 5.374785803976567e-01
365 5.374785803976567e-01
366 5.374785803976569e-01
367 5.374785803976571e-01
368 5.374785803976575e-01
369 5.374785803976577e-01
370 7.621831003112058e-01
371 7.705616444118659e-01
372 7.705616444118671e-01
373 7.705616444118681e-01
374 7.705616444118689e-01
375 7.705616444118697e-01
376 7.705616444118704e-01
377 9.900971724089012e-01
378 9.900971724089023e-01
379 9.900971724089039e-01
380 1.183559822641576e+00
381 1.183559822641578e+00
382 1.463662063140197e+00


#a = 2.000000
1 -3.182248826153682e+00
2 -2.558860766700217e+00
3 -2.558860766700215e+00
4 -2.024041378413712e+00
5 -2.024041378413711e+00
6 -2.024041378413709e+00
7 -1.838340341344612e+00
8 -1.436349792086445e+00
9 -1.436349792086445e+00
10 -1.436349792086443e+00
11 -1.436349792086443e+00
12 -1.436349792086442e+00
13 -1.436349792086442e+00
14 -1.322286144193583e+00
15 -1.322286144193581e+00
16 -8.821970037928077e-01
17 -8.768174298498739e-01
18 -8.768174298498738e-01
19 -8.768174298498737e-01
20 -8.768174298498730e-01
21 -8.768174298498729e-01
22 -8.768174298498724e-01
23 -8.768174298498723e-01
24 -8.768174298498723e-01
25 -8.768174298498721e-01
26 -8.768174298498720e-01
27 -8.768174298498714e-01
28 -8.768174298498707e-01
29 -8.672288314228019e-01
30 -8.672288314227992e-01
31 -8.672288314227989e-01
32 -5.356967052397078e-01
33 -5.356967052397076e-01
34 -4.706214650290923e-01
35 -4.706214650290899e-01
36 -4.706214650290896e-01
37 -4.706214650290895e-01
38 -4.706214650290890e-01
39 -4.706214650290879e-01
40 -4.222867599634595e-01
41 -4.222867599634594e-01
42 -4.222867599634588e-01
43 -4.222867599634587e-01
44 -4.222867599634586e-01
45 -4.222867599634584e-01
46 -4.222867599634584e-01
47 -4.222867599634583e-01
48 -4.222867599634582e-01
49 -4.222867599634582e-01
50 -4.222867599634582e-01
51 -4.222867599634581e-01
52 -4.222867599634580e-01
53 -4.222867599634579e-01
54 -4.222867599634579e-01
55 -4.222867599634578e-01
56 -4.222867599634578e-01
57 -4.222867599634578e-01
58 -4.222867599634578e-01
59 -4.222867599634577e-01
60 -4.222867599634577e-01
61 -4.222867599634575e-01
62 -4.222867599634575e-01
63 -4.222867599634572e-01
64 -2.948587649854179e-01
65 -2.491992723595717e-01
66 -2.491992723595715e-01
67 -2.491992723595711e-01
68 -1.828521914900945e-01
69 -1.828521914900945e-01
70 -1.828521914900945e-01
71 -1.828521914900944e-01
72 -1.828521914900943e-01
73 -1.828521914900943e-01
74 -1.828521914900942e-01
75 -1.828521914900942e-01
76 -1.828521914900942e-01
77 -1.828521914900939e-01
78 -1.828521914900934e-01
79 -1.828521914900930e-01
80 -1.275393064384968e-01
81 -1.275393064384964e-01
82 -1.275393064384963e-01
83 -1.275393064384963e-01
84 -1.275393064384963e-01
85 -1.275393064384963e-01
86 -1.275393064384963e-01
87 -1.275393064384963e-01
88 -1.275393064384963e-01
89 -1.275393064384963e-01
90 -1.275393064384962e-01
91 -1.275393064384962e-01
92 -1.275393064384962e-01
93 -1.275393064384962e-01
94 -1.275393064384961e-01
95 -1.275393064384961e-01
96 -1.275393064384961e-01
97 -1.275393064384961e-01
98 -1.275393064384960e-01
99 -1.275393064384960e-01
100 -1.275393064384960e-01
101 -1.275393064384960e-01
102 -1.275393064384960e-01
103 -1.275393064384960e-01
104 -1.275393064384960e-01
105 -1.275393064384960e-01
106 -1.275393064384960e-01
107 -1.275393064384960e-01
108 -1.275393064384960e-01
109 -1.275393064384959e-01
110 -1.275393064384959e-01
111 -1.275393064384959e-01
112 -1.275393064384959e-01
113 -1.275393064384959e-01
114 -1.275393064384958e-01
115 -1.275393064384958e-01
116 -1.275393064384958e-01
117 -1.275393064384958e-01
118 -1.275393064384957e-01
119 -1.275393064384957e-01
120 -1.275393064384956e-01
121 -1.275393064384956e-01
122 -1.275393064384956e-01
123 -1.275393064384955e-01
124 -1.275393064384955e-01
125 -1.275393064384954e-01
126 -1.275393064384952e-01
127 -1.275393064384951e-01
128 -1.137007385674774e-01
129 -1.137007385674751e-01
130 -6.510543952917620e-02
131 -6.510543952917608e-02
132 -6.510543952917579e-02
133 -6.510543952917565e-02
134 -6.510543952917523e-02
135 -6.510543952917475e-02
136 -3.106343402476090e-02
137 -3.106343402476024e-02
138 -3.106343402476019e-02
139 -3.106343402476006e-02
140 -3.106343402476005e-02
141 -3.106343402476002e-02
142 -3.106343402475999e-02
143 -3.106343402475992e-02
144 -3.106343402475991e-02
145 -3.106343402475990e-02
146 -3.106343402475988e-02
147 -3.106343402475979e-02
148 -3.106343402475977e-02
149 -3.106343402475977e-02
150 -3.106343402475977e-02
151 -3.106343402475973e-02
152 -3.106343402475968e-02
153 -3.106343402475960e-02
154 -3.106343402475948e-02
155 -3.106343402475947e-02
156 -3.106343402475932e-02
157 -3.106343402475912e-02
158 -3.106343402475869e-02
159 -3.106343402475862e-02
160 -2.806432181500725e-02
161 -1.439223662057404e-02
162 -1.439223662057343e-02
163 -1.439223662057250e-02
164 -1.092619963310066e-02
165 -1.092619963309932e-02
166 -1.092619963309893e-02
167 -1.092619963309863e-02
168 -1.092619963309853e-02
169 -1.092619963309827e-02
170 -1.092619963309810e-02
171 -1.092619963309807e-02
172 -1.092619963309801e-02
173 -1.092619963309797e-02
174 -1.092619963309793e-02
175 -1.092619963309780e-02
176 -1.092619963309779e-02
177 -1.092619963309764e-02
178 -1.092619963309761e-02
179 -1.092619963309760e-02
180 -1.092619963309756e-02
181 -1.092619963309753e-02
182 -1.092619963309751e-02
183 -1.092619963309747e-02
184 -1.092619963309746e-02
185 -1.092619963309743e-02
186 -1.092619963309739e-02
187 -1.092619963309738e-02
188 -1.092619963309736e-02
189 -1.092619963309734e-02
190 -1.092619963309734e-02
191 -1.092619963309733e-02
192 -1.092619963309732e-02
193 -1.092619963309731e-02
194 -1.092619963309730e-02
195 -1.092619963309730e-02
196 -1.092619963309729e-02
197 -1.092619963309728e-02
198 -1.092619963309727e-02
199 -1.092619963309727e-02
200 -1.092619963309726e-02
201 -1.092619963309725e-02
202 -1.092619963309724e-02
203 -1.092619963309723e-02
204 -1.092619963309723e-02
205 -1.092619963309723e-02
206 -1.092619963309722e-02
207 -1.092619963309722e-02
208 -1.092619963309721e-02
209 -1.092619963309720e-02
210 -1.092619963309720e-02
211 -1.092619963309719e-02
212 -1.092619963309719e-02
213 -1.092619963309718e-02
214 -1.092619963309717e-02
215 -1.092619963309717e-02
216 -1.092619963309717e-02
217 -1.092619963309716e-02
218 -1.092619963309715e-02
219 -1.092619963309715e-02
220 -1.092619963309714e-02
221 -1.092619963309713e-02
222 -1.092619963309713e-02
223 -1.092619963309712e-02
224 -1.092619963309712e-02
225 -1.092619963309711e-02
226 -1.092619963309710e-02
227 -1.092619963309709e-02
228 -1.092619963309708e-02
229 -1.092619963309708e-02
230 -1.092619963309707e-02
231 -1.092619963309704e-02
232 -1.092619963309704e-02
233 -1.092619963309703e-02
234 -1.092619963309702e-02
235 -1.092619963309701e-02
236 -1.092619963309701e-02
237 -1.092619963309699e-02
238 -1.092619963309698e-02
239 -1.092619963309695e-02
240 -1.092619963309693e-02
241 -1.092619963309691e-02
242 -1.092619963309691e-02
243 -1.092619963309685e-02
244 -1.092619963309680e-02
245 -1.092619963309676e-02
246 -1.092619963309671e-02
247 -1.092619963309669e-02
248 -1.092619963309660e-02
249 -1.092619963309653e-02
250 -1.092619963309640e-02
251 -1.092619963309637e-02
252 -1.092619963309635e-02
253 -1.092619963309632e-02
254 -1.092619963309603e-02
255 -1.092619963309531e-02
256 -1.092619963309508e-02
257 -1.092619963309446e-02
258 -1.092619963309421e-02
259 -1.092619963309411e-02
260 1.814032102160468e-03
261 1.814032102161092e-03
262 1.814032102161133e-03
263 1.814032102161147e-03
264 1.814032102161274e-03
265 1.814032102161301e-03
266 1.814032102161339e-03
267 1.814032102161449e-03
268 1.814032102161483e-03
269 1.814032102161585e-03
270 1.814032102161799e-03
271 1.814032102162153e-03
272 1.352688559556168e-02
273 1.352688559556271e-02
274 2.112160399286987e-02
275 2.112160399287163e-02
276 2.112160399287180e-02
277 2.112160399287189e-02
278 2.112160399287212e-02
279 2.112160399287216e-02
280 2.112160399287224e-02
281 2.112160399287226e-02
282 2.112160399287232e-02
283 2.112160399287233e-02
284 2.112160399287233e-02
285 2.112160399287242e-02
286 2.112160399287244e-02
287 2.112160399287245e-02
288 2.112160399287246e-02
289 2.112160399287246e-02
290 2.112160399287247e-02
291 2.112160399287250e-02
292 2.112160399287251e-02
293 2.112160399287252e-02
294 2.112160399287254e-02
295 2.112160399287255e-02
296 2.112160399287255e-02
297 2.112160399287257e-02
298 2.112160399287258e-02
299 2.112160399287258e-02
300 2.112160399287260e-02
301 2.112160399287260e-02
302 2.112160399287262e-02
303 2.112160399287262e-02
304 2.112160399287263e-02
305 2.112160399287266e-02
306 2.112160399287266e-02
307 2.112160399287268e-02
308 2.112160399287270e-02
309 2.112160399287271e-02
310 2.112160399287272e-02
311 2.112160399287273e-02
312 2.112160399287279e-02
313 2.112160399287283e-02
314 2.112160399287287e-02
315 2.112160399287296e-02
316 2.112160399287298e-02
317 2.112160399287302e-02
318 2.112160399287312e-02
319 2.112160399287315e-02
320 2.112160399287344e-02
321 2.112160399287445e-02
322 3.950361750607519e-02
323 3.950361750607544e-02
324 3.950361750607549e-02
325 3.950361750607566e-02
326 3.950361750607567e-02
327 3.950361750607607e-02
328 8.249479073576660e-02
329 9.693249154259351e-02
330 9.693249154259372e-02
331 9.693249154259383e-02
332 9.693249154259408e-02
333 9.693249154259415e-02
334 9.693249154259423e-02
335 9.693249154259435e-02
336 9.693249154259440e-02
337 9.693249154259441e-02
338 9.693249154259442e-02
339 9.693249154259444e-02
340 9.693249154259444e-02
341 9.693249154259445e-02
342 9.693249154259448e-02
343 9.693249154259449e-02
344 9.693249154259452e-02
345 9.693249154259459e-02
346 9.693249154259474e-02
347 9.693249154259476e-02
348 9.693249154259481e-02
349 9.693249154259483e-02
350 9.693249154259505e-02
351 9.693249154259534e-02
352 9.693249154259601e-02
353 1.315415924370721e-01
354 1.315415924370743e-01
355 1.315415924370751e-01
356 2.537021184260087e-01
357 2.537021184260090e-01
358 2.537021184260094e-01
359 2.537021184260094e-01
360 2.537021184260095e-01
361 2.537021184260095e-01
362 2.537021184260096e-01
363 2.537021184260098e-01
364 2.537021184260099e-01
365 2.537021184260100e-01
366 2.537021184260103e-01
367 2.537021184260103e-01
368 2.796199305982800e-01
369 2.796199305982802e-01
370 4.739111111393604e-01
371 4.739111111393604e-01
372 4.739111111393609e-01
373 4.739111111393609e-01
374 4.739111111393610e-01
375 4.739111111393620e-01
376 5.295374482563215e-01
377 7.300928552008802e-01
378 7.300928552008802e-01
379 7.300928552008809e-01
380 9.873975385071400e-01
381 9.873975385071428e-01
382 1.363677019099438e+00


#a = 3.000000
1 -3.081259131506328e+00
2 -2.335326681138847e+00
3 -2.335326681138840e+00
4 -1.690456853470782e+00
5 -1.690456853470782e+00
6 -1.690456853470779e+00
7 -1.560617016494539e+00
8 -1.044420800280500e+00
9 -1.044420800280500e+00
10 -1.044420800280500e+00
11 -1.044420800280499e+00
12 -1.044420800280499e+00
13 -1.044420800280497e+00
14 -1.019155726450653e+00
15 -1.019155726450651e+00
16 -6.121693898397855e-01
17 -5.691007084314260e-01
18 -5.691007084314250e-01
19 -5.691007084314239e-01
20 -5.191561514975109e-01
21 -5.191561514975104e-01
22 -5.191561514975099e-01
23 -5.191561514975097e-01
24 -5.191561514975096e-01
25 -5.191561514975094e-01
26 -5.191561514975088e-01
27 -5.191561514975087e-01
28 -5.191561514975086e-01
29 -5.191561514975083e-01
30 -5.191561514975083e-01
31 -5.191561514975078e-01
32 -3.130841158589177e-01
33 -3.130841158589175e-01
34 -2.418578894153404e-01
35 -2.418578894153399e-01
36 -2.418578894153393e-01
37 -2.418578894153391e-01
38 -2.418578894153390e-01
39 -2.418578894153389e-01
40 -1.839650977584688e-01
41 -1.839650977584688e-01
42 -1.839650977584687e-01
43 -1.839650977584687e-01
44 -1.839650977584686e-01
45 -1.839650977584686e-01
46 -1.839650977584685e-01
47 -1.839650977584685e-01
48 -1.839650977584684e-01
49 -1.839650977584684e-01
50 -1.839650977584684e-01
51 -1.839650977584684e-01
52 -1.839650977584683e-01
53 -1.839650977584683e-01
54 -1.839650977584683e-01
55 -1.839650977584682e-01
56 -1.839650977584681e-01
57 -1.839650977584681e-01
58 -1.839650977584680e-01
59 -1.839650977584678e-01
60 -1.839650977584678e-01
61 -1.839650977584677e-01
62 -1.839650977584676e-01
63 -1.839650977584674e-01
64 -1.402519291463128e-01
65 -1.055941085985289e-01
66 -1.055941085985282e-01
67 -1.055941085985272e-01
68 -6.354444860408577e-02
69 -6.354444860408560e-02
70 -6.354444860408542e-02
71 -6.354444860408534e-02
72 -6.354444860408529e-02
73 -6.354444860408522e-02
74 -6.354444860408517e-02
75 -6.354444860408515e-02
76 -6.354444860408509e-02
77 -6.354444860408505e-02
78 -6.354444860408467e-02
79 -6.354444860408458e-02
80 -3.673512683740762e-02
81 -3.673512683740690e-02
82 -3.437029302775217e-02
83 -3.437029302775155e-02
84 -3.437029302775148e-02
85 -3.437029302775144e-02
86 -3.437029302775137e-02
87 -3.437029302775134e-02
88 -3.437029302775134e-02
89 -3.437029302775132e-02
90 -3.437029302775130e-02
91 -3.437029302775130e-02
92 -3.437029302775129e-02
93 -3.437029302775129e-02
94 -3.437029302775129e-02
95 -3.437029302775128e-02
96 -3.437029302775128e-02
97 -3.437029302775127e-02
98 -3.437029302775126e-02
99 -3.437029302775126e-02
100 -3.437029302775126e-02
101 -3.437029302775125e-02
102 -3.437029302775125e-02
103 -3.437029302775125e-02
104 -3.437029302775124e-02
105 -3.437029302775124e-02
106 -3.437029302775124e-02
107 -3.437029302775123e-02
108 -3.437029302775123e-02
109 -3.437029302775122e-02
110 -3.437029302775120e-02
111 -3.437029302775120e-02
112 -3.437029302775120e-02
113 -3.437029302775119e-02
114 -3.437029302775119e-02
115 -3.437029302775119e-02
116 -3.437029302775119e-02
117 -3.437029302775117e-02
118 -3.437029302775117e-02
119 -3.437029302775117e-02
120 -3.437029302775116e-02
121 -3.437029302775114e-02
122 -3.437029302775113e-02
123 -3.437029302775113e-02
124 -3.437029302775112e-02
125 -3.437029302775111e-02
126 -3.437029302775106e-02
127 -3.437029302775083e-02
128 -3.437029302775063e-02
129 -3.437029302775049e-02
130 -1.449553870817122e-02
131 -1.449553870817079e-02
132 -1.449553870817059e-02
133 -1.449553870817057e-02
134 -1.449553870817045e-02
135 -1.449553870817012e-02
136 -4.376912393491817e-03
137 -4.376912393491416e-03
138 -4.376912393491093e-03
139 -4.376912393490961e-03
140 -4.376912393490834e-03
141 -4.376912393490796e-03
142 -4.376912393490735e-03
143 -4.376912393490714e-03
144 -4.376912393490706e-03
145 -4.376912393490695e-03
146 -4.376912393490692e-03
147 -4.376912393490673e-03
148 -4.376912393490670e-03
149 -4.376912393490647e-03
150 -4.376912393490624e-03
151 -4.376912393490591e-03
152 -4.376912393490590e-03
153 -4.376912393490587e-03
154 -4.376912393490499e-03
155 -4.376912393490467e-03
156 -4.376912393490319e-03
157 -4.376912393490271e-03
158 -4.376912393489868e-03
159 -4.376912393489413e-03
160 -4.077611867859978e-03
161 -1.715842646771064e-03
162 -1.715842646770990e-03
163 -1.715842646770610e-03
164 -1.142098857005735e-03
165 -1.142098857005162e-03
166 -1.142098857004843e-03
167 -1.142098857004563e-03
168 -1.142098857004377e-03
169 -1.142098857004205e-03
170 -1.142098857004134e-03
171 -1.142098857003938e-03
172 -1.142098857003862e-03
173 -1.142098857003858e-03
174 -1.142098857003795e-03
175 -1.142098857003736e-03
176 -1.142098857003700e-03
177 -1.142098857003633e-03
178 -1.142098857003580e-03
179 -1.142098857003532e-03
180 -1.142098857003510e-03
181 -1.142098857003479e-03
182 -1.142098857003460e-03
183 -1.142098857003438e-03
184 -1.142098857003426e-03
185 -1.142098857003393e-03
186 -1.142098857003367e-03
187 -1.142098857003357e-03
188 -1.142098857003349e-03
189 -1.142098857003331e-03
190 -1.142098857003328e-03
191 -1.142098857003326e-03
192 -1.142098857003319e-03
193 -1.142098857003315e-03
194 -1.142098857003308e-03
195 -1.142098857003300e-03
196 -1.142098857003298e-03
197 -1.142098857003295e-03
198 -1.142098857003291e-03
199 -1.142098857003287e-03
200 -1.142098857003283e-03
201 -1.142098857003277e-03
202 -1.142098857003272e-03
203 -1.142098857003271e-03
204 -1.142098857003268e-03
205 -1.142098857003266e-03
206 -1.142098857003263e-03
207 -1.142098857003260e-03
208 -1.142098857003257e-03
209 -1.142098857003256e-03
210 -1.142098857003254e-03
211 -1.142098857003250e-03
212 -1.142098857003247e-03
213 -1.142098857003247e-03
214 -1.142098857003245e-03
215 -1.142098857003242e-03
216 -1.142098857003240e-03
217 -1.142098857003239e-03
218 -1.142098857003238e-03
219 -1.142098857003237e-03
220 -1.142098857003232e-03
221 -1.142098857003228e-03
222 -1.142098857003225e-03
223 -1.142098857003222e-03
224 -1.142098857003220e-03
225 -1.142098857003216e-03
226 -1.142098857003212e-03
227 -1.142098857003210e-03
228 -1.142098857003206e-03
229 -1.142098857003194e-03
230 -1.142098857003190e-03
231 -1.142098857003184e-03
232 -1.142098857003178e-03
233 -1.142098857003176e-03
234 -1.142098857003169e-03
235 -1.142098857003156e-03
236 -1.142098857003141e-03
237 -1.142098857003129e-03
238 -1.142098857003122e-03
239 -1.142098857003108e-03
240 -1.142098857003058e-03
241 -1.142098857003051e-03
242 -1.142098857003004e-03
243 -1.142098857002985e-03
244 -1.142098857002960e-03
245 -1.142098857002933e-03
246 -1.142098857002906e-03
247 -1.142098857002860e-03
248 -1.142098857002809e-03
249 -1.142098857002783e-03
250 -1.142098857002728e-03
251 -1.142098857002672e-03
252 -1.142098857002605e-03
253 -1.142098857002480e-03
254 -1.142098857002432e-03
255 -1.142098857002261e-03
256 -1.142098857002101e-03
257 -1.142098857001659e-03
258 -1.142098857001329e-03
259 -1.142098857000774e-03
260 6.354178487534632e-04
261 6.354178487541079e-04
262 6.354178487541186e-04
263 6.354178487541945e-04
264 6.354178487542316e-04
265 6.354178487542462e-04
266 6.354178487542914e-04
267 6.354178487543394e-04
268 6.354178487543926e-04
269 6.354178487546006e-04
270 6.354178487550478e-04
271 6.354178487555974e-04
272 2.593003719751158e-03
273 2.593003719751220e-03
274 3.719696983273285e-03
275 3.719696983273645e-03
276 3.719696983273804e-03
277 3.719696983273870e-03
278 3.719696983273981e-03
279 3.719696983274103e-03
280 3.719696983274136e-03
281 3.719696983274146e-03
282 3.719696983274178e-03
283 3.719696983274185e-03
284 3.719696983274230e-03
285 3.719696983274245e-03
286 3.719696983274250e-03
287 3.719696983274250e-03
288 3.719696983274253e-03
289 3.719696983274258e-03
290 3.719696983274264e-03
291 3.719696983274267e-03
292 3.719696983274271e-03
293 3.719696983274273e-03
294 3.719696983274277e-03
295 3.719696983274281e-03
296 3.719696983274281e-03
297 3.719696983274285e-03
298 3.719696983274287e-03
299 3.719696983274292e-03
300 3.719696983274303e-03
301 3.719696983274311e-03
302 3.719696983274319e-03
303 3.719696983274322e-03
304 3.719696983274332e-03
305 3.719696983274341e-03
306 3.719696983274359e-03
307 3.719696983274375e-03
308 3.719696983274379e-03
309 3.719696983274397e-03
310 3.719696983274426e-03
311 3.719696983274442e-03
312 3.719696983274531e-03
313 3.719696983274588e-03
314 3.719696983274592e-03
315 3.719696983274712e-03
316 3.719696983274825e-03
317 3.719696983274936e-03
318 3.719696983275050e-03
319 3.719696983275185e-03
320 3.719696983275718e-03
321 3.719696983276472e-03
322 9.144500800159302e-03
323 9.144500800159426e-03
324 9.144500800159600e-03
325 9.144500800159678e-03
326 9.144500800159692e-03
327 9.144500800160289e-03
328 3.086431794211014e-02
329 3.269141410748165e-02
330 3.269141410748178e-02
331 3.269141410748192e-02
332 3.269141410748202e-02
333 3.269141410748203e-02
334 3.269141410748203e-02
335 3.269141410748211e-02
336 3.269141410748212e-02
337 3.269141410748214e-02
338 3.269141410748214e-02
339 3.269141410748215e-02
340 3.269141410748217e-02
341 3.269141410748219e-02
342 3.269141410748219e-02
343 3.269141410748220e-02
344 3.269141410748221e-02
345 3.269141410748221e-02
346 3.269141410748221e-02
347 3.269141410748223e-02
348 3.269141410748233e-02
349 3.269141410748233e-02
350 3.269141410748239e-02
351 3.269141410748250e-02
352 3.269141410748255e-02
353 5.700350159983358e-02
354 5.700350159983475e-02
355 5.700350159983487e-02
356 1.268208800329552e-01
357 1.268208800329553e-01
358 1.268208800329554e-01
359 1.268208800329557e-01
360 1.268208800329558e-01
361 1.268208800329559e-01
362 1.268208800329559e-01
363 1.268208800329560e-01
364 1.268208800329561e-01
365 1.268208800329561e-01
366 1.268208800329561e-01
367 1.268208800329563e-01
368 1.645358705208588e-01
369 1.645358705208605e-01
370 3.068769281964920e-01
371 3.068769281964921e-01
372 3.068769281964925e-01
373 3.068769281964928e-01
374 3.068769281964929e-01
375 3.068769281964931e-01
376 3.894175202045695e-01
377 5.626978703146264e-01
378 5.626978703146269e-01
379 5.626978703146280e-01
380 8.541416856680745e-01
381 8.541416856680751e-01
382 1.295062150331008e+00


#a = 4.000000
1 -3.001772589667974e+00
2 -2.159485642055847e+00
3 -2.159485642055842e+00
4 -1.436552942084425e+00
5 -1.436552942084423e+00
6 -1.436552942084420e+00
7 -1.353767248782725e+00
8 -8.068198229244176e-01
9 -8.068198229244146e-01
10 -7.758894918691486e-01
11 -7.758894918691482e-01
12 -7.758894918691471e-01
13 -7.758894918691459e-01
14 -7.758894918691448e-01
15 -7.758894918691411e-01
16 -4.372953864938258e-01
17 -3.840908488322846e-01
18 -3.840908488322844e-01
19 -3.840908488322831e-01
20 -3.153765167300296e-01
21 -3.153765167300290e-01
22 -3.153765167300289e-01
23 -3.153765167300284e-01
24 -3.153765167300282e-01
25 -3.153765167300282e-01
26 -3.153765167300280e-01
27 -3.153765167300273e-01
28 -3.153765167300270e-01
29 -3.153765167300270e-01
30 -3.153765167300270e-01
31 -3.153765167300268e-01
32 -1.869416083576717e-01
33 -1.869416083576716e-01
34 -1.274366033285211e-01
35 -1.274366033285205e-01
36 -1.274366033285204e-01
37 -1.274366033285202e-01
38 -1.274366033285201e-01
39 -1.274366033285197e-01
40 -8.284328909838815e-02
41 -8.284328909838766e-02
42 -8.284328909838735e-02
43 -8.284328909838719e-02
44 -8.284328909838691e-02
45 -8.284328909838687e-02
46 -8.284328909838670e-02
47 -8.284328909838669e-02
48 -8.284328909838667e-02
49 -8.284328909838662e-02
50 -8.284328909838658e-02
51 -8.284328909838655e-02
52 -8.284328909838651e-02
53 -8.284328909838647e-02
54 -8.284328909838645e-02
55 -8.284328909838644e-02
56 -8.284328909838637e-02
57 -8.284328909838633e-02
58 -8.284328909838631e-02
59 -8.284328909838630e-02
60 -8.284328909838616e-02
61 -8.284328909838605e-02
62 -8.284328909838594e-02
63 -8.284328909838572e-02
64 -6.718050377099967e-02
65 -4.461780366823953e-02
66 -4.461780366823827e-02
67 -4.461780366823821e-02
68 -2.200730393670330e-02
69 -2.200730393670287e-02
70 -2.200730393670281e-02
71 -2.200730393670257e-02
72 -2.200730393670251e-02
73 -2.200730393670237e-02
74 -2.200730393670203e-02
75 -2.200730393670181e-02
76 -2.200730393670172e-02
77 -2.200730393670133e-02
78 -2.200730393670126e-02
79 -2.200730393670018e-02
80 -1.169433403869148e-02
81 -1.169433403869105e-02
82 -9.837233403437406e-03
83 -9.837233403437258e-03
84 -9.837233403436630e-03
85 -9.837233403436420e-03
86 -9.837233403436363e-03
87 -9.837233403436318e-03
88 -9.837233403436316e-03
89 -9.837233403436273e-03
90 -9.837233403436160e-03
91 -9.837233403436138e-03
92 -9.837233403436054e-03
93 -9.837233403436018e-03
94 -9.837233403435990e-03
95 -9.837233403435954e-03
96 -9.837233403435923e-03
97 -9.837233403435907e-03
98 -9.837233403435813e-03
99 -9.837233403435808e-03
100 -9.837233403435652e-03
101 -9.837233403435515e-03
102 -9.837233403435465e-03
103 -9.837233403435418e-03
104 -9.837233403435411e-03
105 -9.837233403435404e-03
106 -9.837233403435402e-03
107 -9.837233403435402e-03
108 -9.837233403435394e-03
109 -9.837233403435387e-03
110 -9.837233403435383e-03
111 -9.837233403435383e-03
112 -9.837233403435374e-03
113 -9.837233403435373e-03
114 -9.837233403435371e-03
115 -9.837233403435366e-03
116 -9.837233403435352e-03
117 -9.837233403435106e-03
118 -9.837233403435052e-03
119 -9.837233403435003e-03
120 -9.837233403434967e-03
121 -9.837233403434910e-03
122 -9.837233403434866e-03
123 -9.837233403434655e-03
124 -9.837233403434620e-03
125 -9.837233403434580e-03
126 -9.837233403434504e-03
127 -9.837233403434445e-03
128 -9.837233403434379e-03
129 -9.837233403433813e-03
130 -3.073161752606375e-03
131 -3.073161752605906e-03
132 -3.073161752605807e-03
133 -3.073161752605700e-03
134 -3.073161752605416e-03
135 -3.073161752605055e-03
136 -5.660052951585306e-04
137 -5.660052951584870e-04
138 -5.660052951580236e-04
139 -5.660052951578593e-04
140 -5.660052951578400e-04
141 -5.660052951575939e-04
142 -5.660052951575593e-04
143 -5.660052951575572e-04
144 -5.660052951573381e-04
145 -5.660052951573252e-04
146 -5.660052951572901e-04
147 -5.660052951572205e-04
148 -5.660052951571271e-04
149 -5.660052951570450e-04
150 -5.660052951569946e-04
151 -5.660052951568862e-04
152 -5.660052951568397e-04
153 -5.660052951568263e-04
154 -5.660052951565539e-04
155 -5.660052951565477e-04
156 -5.660052951564165e-04
157 -5.660052951562049e-04
158 -5.660052951561922e-04
159 -5.660052951558481e-04
160 -5.186682305979974e-04
161 -1.894580870419057e-04
162 -1.894580870418097e-04
163 -1.894580870413331e-04
164 -1.193818384244236e-04
165 -1.193818384242473e-04
166 -1.193818384242057e-04
167 -1.193818384239774e-04
168 -1.193818384239459e-04
169 -1.193818384235852e-04
170 -1.193818384235253e-04
171 -1.193818384233312e-04
172 -1.193818384233161e-04
173 -1.193818384232504e-04
174 -1.193818384232460e-04
175 -1.193818384232086e-04
176 -1.193818384231964e-04
177 -1.193818384231837e-04
178 -1.193818384231715e-04
179 -1.193818384230875e-04
180 -1.193818384230803e-04
181 -1.193818384230243e-04
182 -1.193818384229822e-04
183 -1.193818384229619e-04
184 -1.193818384229431e-04
185 -1.193818384229378e-04
186 -1.193818384229152e-04
187 -1.193818384228919e-04
188 -1.193818384228774e-04
189 -1.193818384227608e-04
190 -1.193818384227417e-04
191 -1.193818384227365e-04
192 -1.193818384227230e-04
193 -1.193818384227149e-04
194 -1.193818384227018e-04
195 -1.193818384226830e-04
196 -1.193818384226689e-04
197 -1.193818384226652e-04
198 -1.193818384226562e-04
199 -1.193818384226250e-04
200 -1.193818384225527e-04
201 -1.193818384225336e-04
202 -1.193818384225311e-04
203 -1.193818384225294e-04
204 -1.193818384225190e-04
205 -1.193818384225088e-04
206 -1.193818384225065e-04
207 -1.193818384225024e-04
208 -1.193818384224778e-04
209 -1.193818384224486e-04
210 -1.193818384224411e-04
211 -1.193818384224334e-04
212 -1.193818384224296e-04
213 -1.193818384224245e-04
214 -1.193818384224245e-04
215 -1.193818384224121e-04
216 -1.193818384223978e-04
217 -1.193818384223828e-04
218 -1.193818384223414e-04
219 -1.193818384223372e-04
220 -1.193818384223289e-04
221 -1.193818384222478e-04
222 -1.193818384222091e-04
223 -1.193818384221837e-04
224 -1.193818384221433e-04
225 -1.193818384221187e-04
226 -1.193818384220983e-04
227 -1.193818384220847e-04
228 -1.193818384220442e-04
229 -1.193818384220424e-04
230 -1.193818384220067e-04
231 -1.193818384220048e-04
232 -1.193818384219838e-04
233 -1.193818384219704e-04
234 -1.193818384219533e-04
235 -1.193818384219469e-04
236 -1.193818384218948e-04
237 -1.193818384218937e-04
238 -1.193818384218247e-04
239 -1.193818384217957e-04
240 -1.193818384217736e-04
241 -1.193818384217558e-04
242 -1.193818384216331e-04
243 -1.193818384216269e-04
244 -1.193818384216011e-04
245 -1.193818384215336e-04
246 -1.193818384214866e-04
247 -1.193818384213808e-04
248 -1.193818384212786e-04
249 -1.193818384212693e-04
250 -1.193818384212111e-04
251 -1.193818384211916e-04
252 -1.193818384211892e-04
253 -1.193818384211731e-04
254 -1.193818384211545e-04
255 -1.193818384210979e-04
256 -1.193818384210680e-04
257 -1.193818384207280e-04
258 -1.193818384198457e-04
259 -1.193818384197397e-04
260 1.290541066501153e-04
261 1.290541066507186e-04
262 1.290541066509506e-04
263 1.290541066509844e-04
264 1.290541066510273e-04
265 1.290541066511186e-04
266 1.290541066512270e-04
267 1.290541066512885e-04
268 1.290541066513853e-04
269 1.290541066517377e-04
270 1.290541066518017e-04
271 1.290541066523668e-04
272 4.308323898255013e-04
273 4.308323898258398e-04
274 5.992244556167920e-04
275 5.992244556171260e-04
276 5.992244556171644e-04
277 5.992244556172315e-04
278 5.992244556174135e-04
279 5.992244556174829e-04
280 5.992244556175301e-04
281 5.992244556175600e-04
282 5.992244556175621e-04
283 5.992244556175957e-04
284 5.992244556177233e-04
285 5.992244556178456e-04
286 5.992244556178764e-04
287 5.992244556178972e-04
288 5.992244556179020e-04
289 5.992244556179393e-04
290 5.992244556180478e-04
291 5.992244556181242e-04
292 5.992244556181325e-04
293 5.992244556181402e-04
294 5.992244556182068e-04
295 5.992244556182498e-04
296 5.992244556182559e-04
297 5.992244556183460e-04
298 5.992244556183488e-04
299 5.992244556185147e-04
300 5.992244556185346e-04
301 5.992244556185481e-04
302 5.992244556185494e-04
303 5.992244556185939e-04
304 5.992244556185950e-04
305 5.992244556186242e-04
306 5.992244556186788e-04
307 5.992244556186827e-04
308 5.992244556187005e-04
309 5.992244556187111e-04
310 5.992244556187616e-04
311 5.992244556187759e-04
312 5.992244556188354e-04
313 5.992244556189390e-04
314 5.992244556190455e-04
315 5.992244556191600e-04
316 5.992244556192315e-04
317 5.992244556193262e-04
318 5.992244556193419e-04
319 5.992244556195737e-04
320 5.992244556196812e-04
321 5.992244556202712e-04
322 2.047509444462839e-03
323 2.047509444463732e-03
324 2.047509444464486e-03
325 2.047509444464627e-03
326 2.047509444464678e-03
327 2.047509444465020e-03
328 1.167128544572517e-02
329 1.167128544572521e-02
330 1.167128544572539e-02
331 1.167128544572550e-02
332 1.167128544572587e-02
333 1.167128544572591e-02
334 1.167128544572614e-02
335 1.167128544572617e-02
336 1.167128544572630e-02
337 1.167128544572686e-02
338 1.167128544572689e-02
339 1.167128544572695e-02
340 1.167128544572699e-02
341 1.167128544572704e-02
342 1.167128544572705e-02
343 1.167128544572707e-02
344 1.167128544572714e-02
345 1.167128544572718e-02
346 1.167128544572725e-02
347 1.167128544572726e-02
348 1.167128544572734e-02
349 1.167128544572755e-02
350 1.167128544572761e-02
351 1.167128544572772e-02
352 1.194509889489283e-02
353 2.486131182679729e-02
354 2.486131182679771e-02
355 2.486131182679810e-02
356 6.504943933781313e-02
357 6.504943933781344e-02
358 6.504943933781385e-02
359 6.504943933781410e-02
360 6.504943933781412e-02
361 6.504943933781414e-02
362 6.504943933781433e-02
363 6.504943933781433e-02
364 6.504943933781446e-02
365 6.504943933781464e-02
366 6.504943933781475e-02
367 6.504943933781543e-02
368 9.927947707908001e-02
369 9.927947707908005e-02
370 2.037650473929361e-01
371 2.037650473929373e-01
372 2.037650473929375e-01
373 2.037650473929377e-01
374 2.037650473929377e-01
375 2.037650473929388e-01
376 2.942694971395352e-01
377 4.435037954613477e-01
378 4.435037954613492e-01
379 4.435037954613499e-01
380 7.527310979077229e-01
381 7.527310979077230e-01
382 1.241819800911705e+00


