## Parameters ##
# z = 3
# m = 5
# t = 1.000000000000000e+00
# mu = 5.000000000000000e-01
# opt = sc
#
#
#a = 0.000000
1 4.850712500726655e-01
2 4.850712500726655e-01
3 4.850712500726655e-01
4 5.429048338739504e-01
5 5.429048338739504e-01
6 5.429048338739508e-01
7 5.429048338739506e-01
8 5.429048338739501e-01
9 5.429048338739495e-01
10 4.261488126412096e-01
11 4.261488126412094e-01
12 4.261488126412094e-01
13 4.261488126412093e-01
14 4.261488126412099e-01
15 4.261488126412096e-01
16 4.261488126412097e-01
17 4.261488126412096e-01
18 4.261488126412094e-01
19 4.261488126412097e-01
20 4.261488126412093e-01
21 4.261488126412094e-01
22 6.294380756265319e-01
23 6.294380756265318e-01
24 6.294380756265325e-01
25 6.294380756265323e-01
26 6.294380756265321e-01
27 6.294380756265320e-01
28 6.294380756265321e-01
29 6.294380756265322e-01
30 6.294380756265321e-01
31 6.294380756265322e-01
32 6.294380756265322e-01
33 6.294380756265323e-01
34 6.294380756265320e-01
35 6.294380756265322e-01
36 6.294380756265316e-01
37 6.294380756265319e-01
38 6.294380756265320e-01
39 6.294380756265316e-01
40 6.294380756265318e-01
41 6.294380756265314e-01
42 6.294380756265318e-01
43 6.294380756265319e-01
44 6.294380756265319e-01
45 6.294380756265318e-01


#a = 1.000000
1 4.952125466201769e-01
2 4.952125466201772e-01
3 4.952125466201779e-01
4 5.242064939685880e-01
5 5.242064939685880e-01
6 5.242064939685880e-01
7 5.242064939685875e-01
8 5.242064939685878e-01
9 5.242064939685874e-01
10 4.824841521932143e-01
11 4.824841521932147e-01
12 4.824841521932144e-01
13 4.824841521932147e-01
14 4.824841521932141e-01
15 4.824841521932145e-01
16 4.824841521932148e-01
17 4.824841521932146e-01
18 4.824841521932143e-01
19 4.824841521932144e-01
20 4.824841521932145e-01
21 4.824841521932143e-01
22 5.918227165831568e-01
23 5.918227165831569e-01
24 5.918227165831570e-01
25 5.918227165831571e-01
26 5.918227165831568e-01
27 5.918227165831571e-01
28 5.918227165831567e-01
29 5.918227165831569e-01
30 5.918227165831564e-01
31 5.918227165831570e-01
32 5.918227165831568e-01
33 5.918227165831565e-01
34 5.918227165831569e-01
35 5.918227165831567e-01
36 5.918227165831563e-01
37 5.918227165831570e-01
38 5.918227165831564e-01
39 5.918227165831567e-01
40 5.918227165831569e-01
41 5.918227165831568e-01
42 5.918227165831569e-01
43 5.918227165831575e-01
44 5.918227165831568e-01
45 5.918227165831571e-01


#a = 2.000000
1 5.075175563803468e-01
2 5.075175563803469e-01
3 5.075175563803461e-01
4 5.152928459536055e-01
5 5.152928459536057e-01
6 5.152928459536058e-01
7 5.152928459536059e-01
8 5.152928459536058e-01
9 5.152928459536054e-01
10 5.248153963119933e-01
11 5.248153963119930e-01
12 5.248153963119933e-01
13 5.248153963119935e-01
14 5.248153963119933e-01
15 5.248153963119926e-01
16 5.248153963119934e-01
17 5.248153963119935e-01
18 5.248153963119934e-01
19 5.248153963119930e-01
20 5.248153963119943e-01
21 5.248153963119936e-01
22 5.314928305773016e-01
23 5.314928305773019e-01
24 5.314928305773017e-01
25 5.314928305773019e-01
26 5.314928305773019e-01
27 5.314928305773019e-01
28 5.314928305773017e-01
29 5.314928305773018e-01
30 5.314928305773017e-01
31 5.314928305773017e-01
32 5.314928305773017e-01
33 5.314928305773017e-01
34 5.314928305773017e-01
35 5.314928305773019e-01
36 5.314928305773008e-01
37 5.314928305773023e-01
38 5.314928305773012e-01
39 5.314928305773010e-01
40 5.314928305773017e-01
41 5.314928305773021e-01
42 5.314928305773022e-01
43 5.314928305773022e-01
44 5.314928305773017e-01
45 5.314928305773011e-01


#a = 3.000000
1 5.148375153197750e-01
2 5.148375153197751e-01
3 5.148375153197744e-01
4 5.187570871263117e-01
5 5.187570871263119e-01
6 5.187570871263115e-01
7 5.187570871263113e-01
8 5.187570871263104e-01
9 5.187570871263103e-01
10 5.384095327902024e-01
11 5.384095327902024e-01
12 5.384095327902028e-01
13 5.384095327902028e-01
14 5.384095327902032e-01
15 5.384095327902032e-01
16 5.384095327902028e-01
17 5.384095327902028e-01
18 5.384095327902023e-01
19 5.384095327902025e-01
20 5.384095327902028e-01
21 5.384095327902023e-01
22 4.569101812140191e-01
23 4.569101812140188e-01
24 4.569101812140188e-01
25 4.569101812140183e-01
26 4.569101812140189e-01
27 4.569101812140186e-01
28 4.569101812140187e-01
29 4.569101812140183e-01
30 4.569101812140186e-01
31 4.569101812140198e-01
32 4.569101812140192e-01
33 4.569101812140196e-01
34 4.569101812140208e-01
35 4.569101812140179e-01
36 4.569101812140192e-01
37 4.569101812140183e-01
38 4.569101812140186e-01
39 4.569101812140208e-01
40 4.569101812140179e-01
41 4.569101812140203e-01
42 4.569101812140191e-01
43 4.569101812140192e-01
44 4.569101812140199e-01
45 4.569101812140173e-01


#a = 4.000000
1 5.193629349546506e-01
2 5.193629349546506e-01
3 5.193629349546510e-01
4 5.273275436187405e-01
5 5.273275436187396e-01
6 5.273275436187399e-01
7 5.273275436187399e-01
8 5.273275436187399e-01
9 5.273275436187412e-01
10 5.278944719275906e-01
11 5.278944719275908e-01
12 5.278944719275906e-01
13 5.278944719275905e-01
14 5.278944719275909e-01
15 5.278944719275903e-01
16 5.278944719275903e-01
17 5.278944719275913e-01
18 5.278944719275909e-01
19 5.278944719275918e-01
20 5.278944719275890e-01
21 5.278944719275894e-01
22 3.765905561608620e-01
23 3.765905561608620e-01
24 3.765905561608621e-01
25 3.765905561608626e-01
26 3.765905561608619e-01
27 3.765905561608622e-01
28 3.765905561608611e-01
29 3.765905561608641e-01
30 3.765905561608489e-01
31 3.765905561608733e-01
32 3.765905561608648e-01
33 3.765905561608633e-01
34 3.765905561608635e-01
35 3.765905561608631e-01
36 3.765905561608655e-01
37 3.765905561608578e-01
38 3.765905561608610e-01
39 3.765905561608640e-01
40 3.765905561608630e-01
41 3.765905561608586e-01
42 3.765905561608629e-01
43 3.765905561608635e-01
44 3.765905561608637e-01
45 3.765905561608621e-01


