## Parameters ##
# z = 3
# m = 5
# t = 1.000000000000000e+00
# mu = 1.000000000000000e+00
# opt = sc
#
#
#a = 0.000000
1 4.850712500726658e-01
2 4.850712500726662e-01
3 4.850712500726657e-01
4 3.320863231960586e-01
5 3.320863231960583e-01
6 3.320863231960585e-01
7 3.320863231960588e-01
8 3.320863231960585e-01
9 3.320863231960585e-01
10 4.912953151694945e-01
11 4.912953151694947e-01
12 4.912953151694942e-01
13 4.912953151694945e-01
14 4.912953151694948e-01
15 4.912953151694943e-01
16 4.912953151694946e-01
17 4.912953151694948e-01
18 4.912953151694947e-01
19 4.912953151694948e-01
20 4.912953151694949e-01
21 4.912953151694952e-01
22 5.767334479570586e-01
23 5.767334479570594e-01
24 5.767334479570592e-01
25 5.767334479570591e-01
26 5.767334479570593e-01
27 5.767334479570588e-01
28 5.767334479570588e-01
29 5.767334479570586e-01
30 5.767334479570594e-01
31 5.767334479570591e-01
32 5.767334479570595e-01
33 5.767334479570595e-01
34 5.767334479570594e-01
35 5.767334479570592e-01
36 5.767334479570587e-01
37 5.767334479570598e-01
38 5.767334479570595e-01
39 5.767334479570597e-01
40 5.767334479570596e-01
41 5.767334479570597e-01
42 5.767334479570598e-01
43 5.767334479570596e-01
44 5.767334479570597e-01
45 5.767334479570596e-01


#a = 1.000000
1 4.677954462379618e-01
2 4.677954462379612e-01
3 4.677954462379622e-01
4 4.095117624291340e-01
5 4.095117624291337e-01
6 4.095117624291337e-01
7 4.095117624291340e-01
8 4.095117624291333e-01
9 4.095117624291331e-01
10 4.831688943063959e-01
11 4.831688943063959e-01
12 4.831688943063959e-01
13 4.831688943063960e-01
14 4.831688943063965e-01
15 4.831688943063965e-01
16 4.831688943063959e-01
17 4.831688943063958e-01
18 4.831688943063953e-01
19 4.831688943063954e-01
20 4.831688943063961e-01
21 4.831688943063961e-01
22 5.413046497673896e-01
23 5.413046497673886e-01
24 5.413046497673883e-01
25 5.413046497673889e-01
26 5.413046497673886e-01
27 5.413046497673889e-01
28 5.413046497673883e-01
29 5.413046497673888e-01
30 5.413046497673878e-01
31 5.413046497673890e-01
32 5.413046497673881e-01
33 5.413046497673888e-01
34 5.413046497673885e-01
35 5.413046497673880e-01
36 5.413046497673887e-01
37 5.413046497673888e-01
38 5.413046497673896e-01
39 5.413046497673887e-01
40 5.413046497673890e-01
41 5.413046497673886e-01
42 5.413046497673880e-01
43 5.413046497673878e-01
44 5.413046497673892e-01
45 5.413046497673887e-01


#a = 2.000000
1 4.680339934728383e-01
2 4.680339934728380e-01
3 4.680339934728383e-01
4 4.898660720959309e-01
5 4.898660720959307e-01
6 4.898660720959313e-01
7 4.898660720959310e-01
8 4.898660720959319e-01
9 4.898660720959324e-01
10 4.787003271304890e-01
11 4.787003271304889e-01
12 4.787003271304889e-01
13 4.787003271304892e-01
14 4.787003271304890e-01
15 4.787003271304890e-01
16 4.787003271304897e-01
17 4.787003271304890e-01
18 4.787003271304886e-01
19 4.787003271304885e-01
20 4.787003271304870e-01
21 4.787003271304887e-01
22 5.178961590411386e-01
23 5.178961590411393e-01
24 5.178961590411391e-01
25 5.178961590411393e-01
26 5.178961590411392e-01
27 5.178961590411394e-01
28 5.178961590411389e-01
29 5.178961590411393e-01
30 5.178961590411381e-01
31 5.178961590411403e-01
32 5.178961590411389e-01
33 5.178961590411393e-01
34 5.178961590411379e-01
35 5.178961590411412e-01
36 5.178961590411399e-01
37 5.178961590411395e-01
38 5.178961590411391e-01
39 5.178961590411387e-01
40 5.178961590411388e-01
41 5.178961590411395e-01
42 5.178961590411381e-01
43 5.178961590411393e-01
44 5.178961590411389e-01
45 5.178961590411395e-01


#a = 3.000000
1 4.751120425541682e-01
2 4.751120425541686e-01
3 4.751120425541676e-01
4 4.843376692367345e-01
5 4.843376692367349e-01
6 4.843376692367354e-01
7 4.843376692367348e-01
8 4.843376692367359e-01
9 4.843376692367348e-01
10 4.997201696518950e-01
11 4.997201696518955e-01
12 4.997201696518950e-01
13 4.997201696518950e-01
14 4.997201696518942e-01
15 4.997201696518946e-01
16 4.997201696518950e-01
17 4.997201696518943e-01
18 4.997201696518946e-01
19 4.997201696518945e-01
20 4.997201696518940e-01
21 4.997201696518948e-01
22 4.223029200016158e-01
23 4.223029200016151e-01
24 4.223029200016151e-01
25 4.223029200016148e-01
26 4.223029200016165e-01
27 4.223029200016146e-01
28 4.223029200016157e-01
29 4.223029200016147e-01
30 4.223029200016153e-01
31 4.223029200016147e-01
32 4.223029200016148e-01
33 4.223029200016165e-01
34 4.223029200016150e-01
35 4.223029200016155e-01
36 4.223029200016147e-01
37 4.223029200016161e-01
38 4.223029200016146e-01
39 4.223029200016158e-01
40 4.223029200016195e-01
41 4.223029200016119e-01
42 4.223029200016145e-01
43 4.223029200016162e-01
44 4.223029200016174e-01
45 4.223029200016122e-01


#a = 4.000000
1 4.823186261838556e-01
2 4.823186261838557e-01
3 4.823186261838556e-01
4 4.899527272485460e-01
5 4.899527272485457e-01
6 4.899527272485462e-01
7 4.899527272485455e-01
8 4.899527272485462e-01
9 4.899527272485468e-01
10 4.968422905109471e-01
11 4.968422905109472e-01
12 4.968422905109473e-01
13 4.968422905109473e-01
14 4.968422905109475e-01
15 4.968422905109475e-01
16 4.968422905109478e-01
17 4.968422905109476e-01
18 4.968422905109467e-01
19 4.968422905109467e-01
20 4.968422905109467e-01
21 4.968422905109478e-01
22 3.228823358193180e-01
23 3.228823358193175e-01
24 3.228823358193171e-01
25 3.228823358193181e-01
26 3.228823358193180e-01
27 3.228823358193171e-01
28 3.228823358193204e-01
29 3.228823358193151e-01
30 3.228823358193202e-01
31 3.228823358193163e-01
32 3.228823358193172e-01
33 3.228823358193179e-01
34 3.228823358193175e-01
35 3.228823358193173e-01
36 3.228823358193159e-01
37 3.228823358193190e-01
38 3.228823358193175e-01
39 3.228823358193179e-01
40 3.228823358193184e-01
41 3.228823358193169e-01
42 3.228823358193140e-01
43 3.228823358193207e-01
44 3.228823358193111e-01
45 3.228823358193255e-01


