## Parameters ##
# z = 3
# m = 5
# t = 1.000000000000000e+00
# mu = 0.000000000000000e+00
# opt = sc
#
#
#a = 0.000000
1 4.850712500726655e-01
2 4.850712500726655e-01
3 4.850712500726660e-01
4 5.429048338739502e-01
5 5.429048338739508e-01
6 5.429048338739504e-01
7 5.429048338739498e-01
8 5.429048338739507e-01
9 5.429048338739503e-01
10 4.261488126412093e-01
11 4.261488126412094e-01
12 4.261488126412097e-01
13 4.261488126412097e-01
14 4.261488126412095e-01
15 4.261488126412101e-01
16 4.261488126412092e-01
17 4.261488126412094e-01
18 4.261488126412099e-01
19 4.261488126412100e-01
20 4.261488126412101e-01
21 4.261488126412092e-01
22 6.294380756265329e-01
23 6.294380756265325e-01
24 6.294380756265323e-01
25 6.294380756265323e-01
26 6.294380756265326e-01
27 6.294380756265328e-01
28 6.294380756265321e-01
29 6.294380756265319e-01
30 6.294380756265326e-01
31 6.294380756265325e-01
32 6.294380756265328e-01
33 6.294380756265325e-01
34 6.294380756265321e-01
35 6.294380756265321e-01
36 6.294380756265321e-01
37 6.294380756265321e-01
38 6.294380756265323e-01
39 6.294380756265319e-01
40 6.294380756265321e-01
41 6.294380756265320e-01
42 6.294380756265319e-01
43 6.294380756265319e-01
44 6.294380756265323e-01
45 6.294380756265320e-01


#a = 1.000000
1 5.110412184627092e-01
2 5.110412184627091e-01
3 5.110412184627090e-01
4 5.234793109917056e-01
5 5.234793109917060e-01
6 5.234793109917057e-01
7 5.234793109917055e-01
8 5.234793109917053e-01
9 5.234793109917061e-01
10 5.137104225035160e-01
11 5.137104225035163e-01
12 5.137104225035162e-01
13 5.137104225035165e-01
14 5.137104225035165e-01
15 5.137104225035166e-01
16 5.137104225035161e-01
17 5.137104225035162e-01
18 5.137104225035168e-01
19 5.137104225035166e-01
20 5.137104225035176e-01
21 5.137104225035174e-01
22 5.724210701638396e-01
23 5.724210701638396e-01
24 5.724210701638398e-01
25 5.724210701638397e-01
26 5.724210701638395e-01
27 5.724210701638400e-01
28 5.724210701638394e-01
29 5.724210701638395e-01
30 5.724210701638393e-01
31 5.724210701638387e-01
32 5.724210701638390e-01
33 5.724210701638397e-01
34 5.724210701638399e-01
35 5.724210701638397e-01
36 5.724210701638393e-01
37 5.724210701638397e-01
38 5.724210701638395e-01
39 5.724210701638395e-01
40 5.724210701638395e-01
41 5.724210701638393e-01
42 5.724210701638401e-01
43 5.724210701638403e-01
44 5.724210701638396e-01
45 5.724210701638400e-01


#a = 2.000000
1 5.205296901765100e-01
2 5.205296901765102e-01
3 5.205296901765096e-01
4 5.270961777089181e-01
5 5.270961777089178e-01
6 5.270961777089179e-01
7 5.270961777089178e-01
8 5.270961777089180e-01
9 5.270961777089176e-01
10 5.431223015973460e-01
11 5.431223015973454e-01
12 5.431223015973453e-01
13 5.431223015973452e-01
14 5.431223015973458e-01
15 5.431223015973459e-01
16 5.431223015973458e-01
17 5.431223015973458e-01
18 5.431223015973451e-01
19 5.431223015973449e-01
20 5.431223015973450e-01
21 5.431223015973456e-01
22 5.266629627405723e-01
23 5.266629627405720e-01
24 5.266629627405722e-01
25 5.266629627405722e-01
26 5.266629627405723e-01
27 5.266629627405722e-01
28 5.266629627405723e-01
29 5.266629627405723e-01
30 5.266629627405724e-01
31 5.266629627405724e-01
32 5.266629627405728e-01
33 5.266629627405722e-01
34 5.266629627405720e-01
35 5.266629627405723e-01
36 5.266629627405729e-01
37 5.266629627405723e-01
38 5.266629627405727e-01
39 5.266629627405724e-01
40 5.266629627405724e-01
41 5.266629627405724e-01
42 5.266629627405721e-01
43 5.266629627405726e-01
44 5.266629627405727e-01
45 5.266629627405726e-01


#a = 3.000000
1 5.256273067427724e-01
2 5.256273067427722e-01
3 5.256273067427717e-01
4 5.373570441568674e-01
5 5.373570441568669e-01
6 5.373570441568676e-01
7 5.373570441568675e-01
8 5.373570441568672e-01
9 5.373570441568675e-01
10 5.401965829054476e-01
11 5.401965829054479e-01
12 5.401965829054474e-01
13 5.401965829054471e-01
14 5.401965829054486e-01
15 5.401965829054487e-01
16 5.401965829054479e-01
17 5.401965829054478e-01
18 5.401965829054480e-01
19 5.401965829054477e-01
20 5.401965829054489e-01
21 5.401965829054487e-01
22 4.998346284639286e-01
23 4.998346284639283e-01
24 4.998346284639285e-01
25 4.998346284639284e-01
26 4.998346284639286e-01
27 4.998346284639287e-01
28 4.998346284639280e-01
29 4.998346284639280e-01
30 4.998346284639285e-01
31 4.998346284639285e-01
32 4.998346284639286e-01
33 4.998346284639285e-01
34 4.998346284639284e-01
35 4.998346284639285e-01
36 4.998346284639282e-01
37 4.998346284639283e-01
38 4.998346284639278e-01
39 4.998346284639297e-01
40 4.998346284639290e-01
41 4.998346284639281e-01
42 4.998346284639281e-01
43 4.998346284639287e-01
44 4.998346284639281e-01
45 4.998346284639287e-01


#a = 4.000000
1 5.312458609579962e-01
2 5.312458609579959e-01
3 5.312458609579965e-01
4 5.442726418308090e-01
5 5.442726418308093e-01
6 5.442726418308093e-01
7 5.442726418308093e-01
8 5.442726418308109e-01
9 5.442726418308103e-01
10 5.274133628142317e-01
11 5.274133628142315e-01
12 5.274133628142321e-01
13 5.274133628142320e-01
14 5.274133628142327e-01
15 5.274133628142323e-01
16 5.274133628142323e-01
17 5.274133628142327e-01
18 5.274133628142321e-01
19 5.274133628142328e-01
20 5.274133628142325e-01
21 5.274133628142329e-01
22 4.859019640425787e-01
23 4.859019640425786e-01
24 4.859019640425786e-01
25 4.859019640425787e-01
26 4.859019640425787e-01
27 4.859019640425786e-01
28 4.859019640425791e-01
29 4.859019640425788e-01
30 4.859019640425784e-01
31 4.859019640425785e-01
32 4.859019640425786e-01
33 4.859019640425781e-01
34 4.859019640425786e-01
35 4.859019640425784e-01
36 4.859019640425792e-01
37 4.859019640425780e-01
38 4.859019640425777e-01
39 4.859019640425796e-01
40 4.859019640425786e-01
41 4.859019640425789e-01
42 4.859019640425785e-01
43 4.859019640425796e-01
44 4.859019640425785e-01
45 4.859019640425785e-01


