## Parameters ##
# z = 3
# m = 5
# t = 1.000000000000000e+00
# mu = 1.000000000000000e-10
# opt = sc
#
#
#a = 0.000000
1 4.850712500726665e-01
2 4.850712500726664e-01
3 4.850712500726664e-01
4 5.429048338739504e-01
5 5.429048338739501e-01
6 5.429048338739504e-01
7 5.429048338739502e-01
8 5.429048338739506e-01
9 5.429048338739505e-01
10 4.261488126412098e-01
11 4.261488126412096e-01
12 4.261488126412095e-01
13 4.261488126412097e-01
14 4.261488126412091e-01
15 4.261488126412091e-01
16 4.261488126412090e-01
17 4.261488126412089e-01
18 4.261488126412099e-01
19 4.261488126412096e-01
20 4.261488126412100e-01
21 4.261488126412096e-01
22 6.294380756265319e-01
23 6.294380756265322e-01
24 6.294380756265325e-01
25 6.294380756265326e-01
26 6.294380756265316e-01
27 6.294380756265314e-01
28 6.294380756265316e-01
29 6.294380756265314e-01
30 6.294380756265320e-01
31 6.294380756265316e-01
32 6.294380756265318e-01
33 6.294380756265321e-01
34 6.294380756265319e-01
35 6.294380756265318e-01
36 6.294380756265315e-01
37 6.294380756265316e-01
38 6.294380756265321e-01
39 6.294380756265324e-01
40 6.294380756265321e-01
41 6.294380756265321e-01
42 6.294380756265319e-01
43 6.294380756265321e-01
44 6.294380756265316e-01
45 6.294380756265315e-01


#a = 1.000000
1 5.110412184605493e-01
2 5.110412184605495e-01
3 5.110412184605493e-01
4 5.234793109929332e-01
5 5.234793109929327e-01
6 5.234793109929331e-01
7 5.234793109929330e-01
8 5.234793109929330e-01
9 5.234793109929325e-01
10 5.137104224977244e-01
11 5.137104224977243e-01
12 5.137104224977241e-01
13 5.137104224977245e-01
14 5.137104224977240e-01
15 5.137104224977237e-01
16 5.137104224977247e-01
17 5.137104224977245e-01
18 5.137104224977239e-01
19 5.137104224977240e-01
20 5.137104224977236e-01
21 5.137104224977249e-01
22 5.724210701692822e-01
23 5.724210701692825e-01
24 5.724210701692823e-01
25 5.724210701692827e-01
26 5.724210701692827e-01
27 5.724210701692822e-01
28 5.724210701692827e-01
29 5.724210701692829e-01
30 5.724210701692826e-01
31 5.724210701692821e-01
32 5.724210701692823e-01
33 5.724210701692827e-01
34 5.724210701692826e-01
35 5.724210701692830e-01
36 5.724210701692829e-01
37 5.724210701692826e-01
38 5.724210701692831e-01
39 5.724210701692830e-01
40 5.724210701692829e-01
41 5.724210701692820e-01
42 5.724210701692825e-01
43 5.724210701692823e-01
44 5.724210701692826e-01
45 5.724210701692827e-01


#a = 2.000000
1 5.205296901756181e-01
2 5.205296901756181e-01
3 5.205296901756185e-01
4 5.270961777094939e-01
5 5.270961777094938e-01
6 5.270961777094944e-01
7 5.270961777094942e-01
8 5.270961777094947e-01
9 5.270961777094940e-01
10 5.431223015937987e-01
11 5.431223015937985e-01
12 5.431223015937986e-01
13 5.431223015937983e-01
14 5.431223015937983e-01
15 5.431223015937982e-01
16 5.431223015937977e-01
17 5.431223015937980e-01
18 5.431223015937980e-01
19 5.431223015937975e-01
20 5.431223015937976e-01
21 5.431223015937980e-01
22 5.266629627468365e-01
23 5.266629627468364e-01
24 5.266629627468364e-01
25 5.266629627468369e-01
26 5.266629627468363e-01
27 5.266629627468368e-01
28 5.266629627468363e-01
29 5.266629627468365e-01
30 5.266629627468369e-01
31 5.266629627468361e-01
32 5.266629627468365e-01
33 5.266629627468365e-01
34 5.266629627468371e-01
35 5.266629627468372e-01
36 5.266629627468365e-01
37 5.266629627468368e-01
38 5.266629627468359e-01
39 5.266629627468360e-01
40 5.266629627468365e-01
41 5.266629627468362e-01
42 5.266629627468367e-01
43 5.266629627468367e-01
44 5.266629627468363e-01
45 5.266629627468363e-01


#a = 3.000000
1 5.256273067425392e-01
2 5.256273067425402e-01
3 5.256273067425391e-01
4 5.373570441570373e-01
5 5.373570441570374e-01
6 5.373570441570378e-01
7 5.373570441570377e-01
8 5.373570441570363e-01
9 5.373570441570367e-01
10 5.401965829040365e-01
11 5.401965829040363e-01
12 5.401965829040367e-01
13 5.401965829040367e-01
14 5.401965829040368e-01
15 5.401965829040367e-01
16 5.401965829040367e-01
17 5.401965829040367e-01
18 5.401965829040365e-01
19 5.401965829040370e-01
20 5.401965829040367e-01
21 5.401965829040365e-01
22 4.998346284686146e-01
23 4.998346284686144e-01
24 4.998346284686148e-01
25 4.998346284686142e-01
26 4.998346284686143e-01
27 4.998346284686144e-01
28 4.998346284686146e-01
29 4.998346284686144e-01
30 4.998346284686155e-01
31 4.998346284686145e-01
32 4.998346284686142e-01
33 4.998346284686146e-01
34 4.998346284686145e-01
35 4.998346284686145e-01
36 4.998346284686144e-01
37 4.998346284686143e-01
38 4.998346284686143e-01
39 4.998346284686144e-01
40 4.998346284686140e-01
41 4.998346284686143e-01
42 4.998346284686145e-01
43 4.998346284686149e-01
44 4.998346284686153e-01
45 4.998346284686147e-01


#a = 4.000000
1 5.312458609579436e-01
2 5.312458609579433e-01
3 5.312458609579443e-01
4 5.442726418308548e-01
5 5.442726418308550e-01
6 5.442726418308550e-01
7 5.442726418308551e-01
8 5.442726418308551e-01
9 5.442726418308546e-01
10 5.274133628137340e-01
11 5.274133628137343e-01
12 5.274133628137344e-01
13 5.274133628137344e-01
14 5.274133628137337e-01
15 5.274133628137341e-01
16 5.274133628137339e-01
17 5.274133628137341e-01
18 5.274133628137341e-01
19 5.274133628137341e-01
20 5.274133628137346e-01
21 5.274133628137350e-01
22 4.859019640456884e-01
23 4.859019640456885e-01
24 4.859019640456886e-01
25 4.859019640456889e-01
26 4.859019640456895e-01
27 4.859019640456890e-01
28 4.859019640456890e-01
29 4.859019640456885e-01
30 4.859019640456904e-01
31 4.859019640456897e-01
32 4.859019640456884e-01
33 4.859019640456892e-01
34 4.859019640456894e-01
35 4.859019640456890e-01
36 4.859019640456887e-01
37 4.859019640456883e-01
38 4.859019640456877e-01
39 4.859019640456913e-01
40 4.859019640456889e-01
41 4.859019640456891e-01
42 4.859019640456897e-01
43 4.859019640456901e-01
44 4.859019640456902e-01
45 4.859019640456902e-01


