## Parameters ##
# z = 3
# m = 5
# t = 1.000000000000000e+00
# mu = 1.000000000000000e-10
# opt = sc
#
#
#a = 0.000000
1 6.250000000000011e-01
2 5.000000000000000e-01
3 5.000000000000002e-01
4 5.000000000000001e-01
5 6.562499999999998e-01
6 6.562499999999997e-01
7 6.562499999999998e-01
8 6.562500000000000e-01
9 6.562499999999998e-01
10 6.562499999999999e-01
11 4.999999999999999e-01
12 5.000000000000002e-01
13 4.999999999999994e-01
14 4.999999999999997e-01
15 4.999999999999997e-01
16 4.999999999999997e-01
17 4.999999999999998e-01
18 4.999999999999996e-01
19 4.999999999999999e-01
20 4.999999999999999e-01
21 5.000000000000000e-01
22 4.999999999999995e-01
23 7.890625000000000e-01
24 7.890625000000002e-01
25 7.890625000000002e-01
26 7.890625000000001e-01
27 7.890624999999999e-01
28 7.890625000000001e-01
29 7.890625000000000e-01
30 7.890625000000002e-01
31 7.890624999999998e-01
32 7.890624999999993e-01
33 7.890624999999997e-01
34 7.890624999999998e-01
35 7.890624999999997e-01
36 7.890625000000002e-01
37 7.890624999999998e-01
38 7.890624999999998e-01
39 7.890624999999999e-01
40 7.890625000000002e-01
41 7.890624999999997e-01
42 7.890624999999994e-01
43 7.890624999999997e-01
44 7.890625000000000e-01
45 7.890625000000000e-01
46 7.890624999999991e-01


#a = 1.000000
1 5.510680402218169e-01
2 5.000000000102155e-01
3 5.000000000102161e-01
4 5.000000000102161e-01
5 5.716715848881038e-01
6 5.716715848881031e-01
7 5.716715848881029e-01
8 5.716715848881037e-01
9 5.716715848881035e-01
10 5.716715848881031e-01
11 5.000000000100453e-01
12 5.000000000100450e-01
13 5.000000000100455e-01
14 5.000000000100461e-01
15 5.000000000100454e-01
16 5.000000000100453e-01
17 5.000000000100457e-01
18 5.000000000100457e-01
19 5.000000000100457e-01
20 5.000000000100454e-01
21 5.000000000100453e-01
22 5.000000000100461e-01
23 8.132876020957647e-01
24 8.132876020957645e-01
25 8.132876020957653e-01
26 8.132876020957646e-01
27 8.132876020957647e-01
28 8.132876020957648e-01
29 8.132876020957656e-01
30 8.132876020957653e-01
31 8.132876020957647e-01
32 8.132876020957654e-01
33 8.132876020957652e-01
34 8.132876020957659e-01
35 8.132876020957657e-01
36 8.132876020957657e-01
37 8.132876020957645e-01
38 8.132876020957642e-01
39 8.132876020957641e-01
40 8.132876020957652e-01
41 8.132876020957650e-01
42 8.132876020957656e-01
43 8.132876020957647e-01
44 8.132876020957646e-01
45 8.132876020957638e-01
46 8.132876020957656e-01


#a = 2.000000
1 5.143675702357848e-01
2 5.000000000162570e-01
3 5.000000000162573e-01
4 5.000000000162573e-01
5 5.245582730158890e-01
6 5.245582730158889e-01
7 5.245582730158891e-01
8 5.245582730158883e-01
9 5.245582730158888e-01
10 5.245582730158886e-01
11 5.000000000190861e-01
12 5.000000000190861e-01
13 5.000000000190862e-01
14 5.000000000190858e-01
15 5.000000000190856e-01
16 5.000000000190856e-01
17 5.000000000190861e-01
18 5.000000000190861e-01
19 5.000000000190858e-01
20 5.000000000190856e-01
21 5.000000000190854e-01
22 5.000000000190856e-01
23 8.265951163079616e-01
24 8.265951163079609e-01
25 8.265951163079617e-01
26 8.265951163079617e-01
27 8.265951163079616e-01
28 8.265951163079618e-01
29 8.265951163079620e-01
30 8.265951163079615e-01
31 8.265951163079612e-01
32 8.265951163079619e-01
33 8.265951163079618e-01
34 8.265951163079620e-01
35 8.265951163079613e-01
36 8.265951163079618e-01
37 8.265951163079618e-01
38 8.265951163079612e-01
39 8.265951163079615e-01
40 8.265951163079606e-01
41 8.265951163079606e-01
42 8.265951163079617e-01
43 8.265951163079611e-01
44 8.265951163079616e-01
45 8.265951163079610e-01
46 8.265951163079622e-01


#a = 3.000000
1 5.033974437923888e-01
2 5.000000000189506e-01
3 5.000000000189514e-01
4 5.000000000189501e-01
5 5.073841400311966e-01
6 5.073841400311971e-01
7 5.073841400311971e-01
8 5.073841400311970e-01
9 5.073841400311969e-01
10 5.073841400311967e-01
11 5.000000000325062e-01
12 5.000000000325061e-01
13 5.000000000325060e-01
14 5.000000000325061e-01
15 5.000000000325060e-01
16 5.000000000325056e-01
17 5.000000000325063e-01
18 5.000000000325060e-01
19 5.000000000325061e-01
20 5.000000000325061e-01
21 5.000000000325066e-01
22 5.000000000325064e-01
23 8.313457381488976e-01
24 8.313457381488968e-01
25 8.313457381488958e-01
26 8.313457381488956e-01
27 8.313457381488965e-01
28 8.313457381488957e-01
29 8.313457381488970e-01
30 8.313457381488966e-01
31 8.313457381488955e-01
32 8.313457381488967e-01
33 8.313457381488973e-01
34 8.313457381488953e-01
35 8.313457381488961e-01
36 8.313457381488968e-01
37 8.313457381488959e-01
38 8.313457381488965e-01
39 8.313457381488957e-01
40 8.313457381488950e-01
41 8.313457381488959e-01
42 8.313457381488962e-01
43 8.313457381488968e-01
44 8.313457381488957e-01
45 8.313457381488956e-01
46 8.313457381488956e-01


#a = 4.000000
1 5.007598776949410e-01
2 5.000000000197681e-01
3 5.000000000197682e-01
4 5.000000000197682e-01
5 5.021271876185520e-01
6 5.021271876185519e-01
7 5.021271876185517e-01
8 5.021271876185517e-01
9 5.021271876185522e-01
10 5.021271876185525e-01
11 5.000000000529911e-01
12 5.000000000529911e-01
13 5.000000000529913e-01
14 5.000000000529914e-01
15 5.000000000529916e-01
16 5.000000000529915e-01
17 5.000000000529906e-01
18 5.000000000529913e-01
19 5.000000000529916e-01
20 5.000000000529916e-01
21 5.000000000529915e-01
22 5.000000000529922e-01
23 8.327698748291078e-01
24 8.327698748291070e-01
25 8.327698748291068e-01
26 8.327698748291069e-01
27 8.327698748291072e-01
28 8.327698748291064e-01
29 8.327698748291062e-01
30 8.327698748291078e-01
31 8.327698748291087e-01
32 8.327698748291085e-01
33 8.327698748291079e-01
34 8.327698748291077e-01
35 8.327698748291069e-01
36 8.327698748291081e-01
37 8.327698748291069e-01
38 8.327698748291062e-01
39 8.327698748291091e-01
40 8.327698748291069e-01
41 8.327698748291084e-01
42 8.327698748291079e-01
43 8.327698748291078e-01
44 8.327698748291077e-01
45 8.327698748291072e-01
46 8.327698748291074e-01


