## Parameters ##
# z = 3
# m = 5
# t = 1.000000000000000e+00
# mu = 1.000000000000000e+00
# opt = sc
#
#
#a = 0.000000
1 6.250000000000004e-01
2 7.412022659166592e-01
3 7.412022659166594e-01
4 7.412022659166597e-01
5 7.023155337083367e-01
6 7.023155337083364e-01
7 7.023155337083368e-01
8 7.023155337083367e-01
9 7.023155337083369e-01
10 7.023155337083371e-01
11 5.230327668541683e-01
12 5.230327668541683e-01
13 5.230327668541680e-01
14 5.230327668541683e-01
15 5.230327668541686e-01
16 5.230327668541683e-01
17 5.230327668541683e-01
18 5.230327668541681e-01
19 5.230327668541688e-01
20 5.230327668541689e-01
21 5.230327668541686e-01
22 5.230327668541688e-01
23 8.192127832395821e-01
24 8.192127832395818e-01
25 8.192127832395819e-01
26 8.192127832395824e-01
27 8.192127832395824e-01
28 8.192127832395824e-01
29 8.192127832395821e-01
30 8.192127832395818e-01
31 8.192127832395825e-01
32 8.192127832395832e-01
33 8.192127832395819e-01
34 8.192127832395824e-01
35 8.192127832395826e-01
36 8.192127832395817e-01
37 8.192127832395827e-01
38 8.192127832395828e-01
39 8.192127832395829e-01
40 8.192127832395826e-01
41 8.192127832395824e-01
42 8.192127832395822e-01
43 8.192127832395825e-01
44 8.192127832395824e-01
45 8.192127832395827e-01
46 8.192127832395831e-01


#a = 1.000000
1 6.460988698487075e-01
2 6.991326175957540e-01
3 6.991326175957533e-01
4 6.991326175957533e-01
5 6.783342692366001e-01
6 6.783342692366002e-01
7 6.783342692365999e-01
8 6.783342692366001e-01
9 6.783342692365986e-01
10 6.783342692366001e-01
11 6.196095693911035e-01
12 6.196095693911039e-01
13 6.196095693911035e-01
14 6.196095693911035e-01
15 6.196095693911035e-01
16 6.196095693911035e-01
17 6.196095693911033e-01
18 6.196095693911037e-01
19 6.196095693911038e-01
20 6.196095693911038e-01
21 6.196095693911028e-01
22 6.196095693911036e-01
23 7.812992845521326e-01
24 7.812992845521324e-01
25 7.812992845521333e-01
26 7.812992845521335e-01
27 7.812992845521340e-01
28 7.812992845521337e-01
29 7.812992845521330e-01
30 7.812992845521326e-01
31 7.812992845521333e-01
32 7.812992845521332e-01
33 7.812992845521324e-01
34 7.812992845521323e-01
35 7.812992845521335e-01
36 7.812992845521333e-01
37 7.812992845521327e-01
38 7.812992845521333e-01
39 7.812992845521336e-01
40 7.812992845521338e-01
41 7.812992845521329e-01
42 7.812992845521332e-01
43 7.812992845521332e-01
44 7.812992845521338e-01
45 7.812992845521339e-01
46 7.812992845521334e-01


#a = 2.000000
1 6.504128052898701e-01
2 6.417375201589526e-01
3 6.417375201589530e-01
4 6.417375201589525e-01
5 6.481118476760306e-01
6 6.481118476760308e-01
7 6.481118476760303e-01
8 6.481118476760307e-01
9 6.481118476760312e-01
10 6.481118476760300e-01
11 6.634894783117008e-01
12 6.634894783117009e-01
13 6.634894783117010e-01
14 6.634894783117011e-01
15 6.634894783117005e-01
16 6.634894783117009e-01
17 6.634894783117012e-01
18 6.634894783117014e-01
19 6.634894783117007e-01
20 6.634894783117006e-01
21 6.634894783117002e-01
22 6.634894783117014e-01
23 6.905762420181945e-01
24 6.905762420181941e-01
25 6.905762420181953e-01
26 6.905762420181946e-01
27 6.905762420181950e-01
28 6.905762420181950e-01
29 6.905762420181947e-01
30 6.905762420181952e-01
31 6.905762420181962e-01
32 6.905762420181935e-01
33 6.905762420181953e-01
34 6.905762420181953e-01
35 6.905762420181980e-01
36 6.905762420181933e-01
37 6.905762420181949e-01
38 6.905762420181960e-01
39 6.905762420181963e-01
40 6.905762420181956e-01
41 6.905762420181959e-01
42 6.905762420181952e-01
43 6.905762420181956e-01
44 6.905762420181930e-01
45 6.905762420181946e-01
46 6.905762420181929e-01


#a = 3.000000
1 6.485292502540798e-01
2 6.512185260833883e-01
3 6.512185260833889e-01
4 6.512185260833889e-01
5 6.500414602582026e-01
6 6.500414602582023e-01
7 6.500414602582021e-01
8 6.500414602582021e-01
9 6.500414602582021e-01
10 6.500414602582019e-01
11 6.880973982743843e-01
12 6.880973982743839e-01
13 6.880973982743841e-01
14 6.880973982743840e-01
15 6.880973982743834e-01
16 6.880973982743844e-01
17 6.880973982743839e-01
18 6.880973982743845e-01
19 6.880973982743828e-01
20 6.880973982743831e-01
21 6.880973982743834e-01
22 6.880973982743831e-01
23 6.766832346105809e-01
24 6.766832346105817e-01
25 6.766832346105796e-01
26 6.766832346105809e-01
27 6.766832346105790e-01
28 6.766832346105819e-01
29 6.766832346105800e-01
30 6.766832346105808e-01
31 6.766832346105796e-01
32 6.766832346105804e-01
33 6.766832346105816e-01
34 6.766832346105799e-01
35 6.766832346105812e-01
36 6.766832346105829e-01
37 6.766832346105814e-01
38 6.766832346105782e-01
39 6.766832346105811e-01
40 6.766832346105816e-01
41 6.766832346105742e-01
42 6.766832346105889e-01
43 6.766832346105826e-01
44 6.766832346105814e-01
45 6.766832346105736e-01
46 6.766832346105881e-01


#a = 4.000000
1 6.458970288795607e-01
2 6.507436824530062e-01
3 6.507436824530068e-01
4 6.507436824530073e-01
5 6.581115586549188e-01
6 6.581115586549187e-01
7 6.581115586549189e-01
8 6.581115586549193e-01
9 6.581115586549177e-01
10 6.581115586549178e-01
11 6.952010547803553e-01
12 6.952010547803554e-01
13 6.952010547803551e-01
14 6.952010547803554e-01
15 6.952010547803559e-01
16 6.952010547803558e-01
17 6.952010547803555e-01
18 6.952010547803559e-01
19 6.952010547803558e-01
20 6.952010547803558e-01
21 6.952010547803565e-01
22 6.952010547803559e-01
23 6.712829131028164e-01
24 6.712829131028201e-01
25 6.712829131028195e-01
26 6.712829131028150e-01
27 6.712829131028187e-01
28 6.712829131028182e-01
29 6.712829131028100e-01
30 6.712829131028271e-01
31 6.712829131028109e-01
32 6.712829131028218e-01
33 6.712829131028208e-01
34 6.712829131028182e-01
35 6.712829131028167e-01
36 6.712829131028190e-01
37 6.712829131028188e-01
38 6.712829131028130e-01
39 6.712829131028177e-01
40 6.712829131028196e-01
41 6.712829131028131e-01
42 6.712829131028224e-01
43 6.712829131028316e-01
44 6.712829131028087e-01
45 6.712829131028420e-01
46 6.712829131027915e-01


