## Parameters ##
# z = 3
# m = 5
# t = 1.000000000000000e+00
# mu = 0.000000000000000e+00
# opt = sc
#
#
#a = 0.000000
1 4.318805359394313e-01
2 4.999999999999998e-01
3 4.999999999999997e-01
4 5.000000000000006e-01
5 5.083672818484919e-01
6 5.709313714316635e-01
7 5.515511042075174e-01
8 5.232819109581957e-01
9 5.107200236421821e-01
10 5.505263848958120e-01
11 5.000000000000002e-01
12 4.999999999999999e-01
13 5.000000000000001e-01
14 4.999999999999997e-01
15 5.000000000000001e-01
16 5.000000000000006e-01
17 4.999999999999999e-01
18 4.999999999999999e-01
19 5.000000000000001e-01
20 5.000000000000000e-01
21 4.999999999999999e-01
22 4.999999999999996e-01
23 6.849217138963213e-01
24 4.599022072632626e-01
25 4.850720345981020e-01
26 4.398983817870520e-01
27 6.234411910196280e-01
28 6.650887763918294e-01
29 4.978814103503699e-01
30 4.267802098182033e-01
31 3.748113685212292e-01
32 5.187294335438204e-01
33 4.594953214317601e-01
34 4.409882050724284e-01
35 5.619635728035026e-01
36 5.348049285204738e-01
37 5.734735670369548e-01
38 4.534225786871469e-01
39 6.558086332357345e-01
40 4.991450116348920e-01
41 2.807980182278412e-01
42 4.155134603543904e-01
43 7.159916808969009e-01
44 6.123331977966600e-01
45 6.834157051290766e-01
46 7.890607790591313e-01


#a = 1.000000
1 5.095731845078539e-01
2 5.000000000000000e-01
3 5.000000000000000e-01
4 5.000000000000000e-01
5 4.712007277737490e-01
6 4.896938862734740e-01
7 4.957062210892223e-01
8 4.723139444034898e-01
9 5.257581249325434e-01
10 5.592143881175904e-01
11 4.999999999999994e-01
12 4.999999999999999e-01
13 4.999999999999998e-01
14 5.000000000000000e-01
15 4.999999999999994e-01
16 4.999999999999996e-01
17 4.999999999999998e-01
18 4.999999999999996e-01
19 4.999999999999998e-01
20 4.999999999999997e-01
21 5.000000000000002e-01
22 5.000000000000003e-01
23 4.383919595909087e-01
24 6.209231396506382e-01
25 5.367501897013940e-01
26 5.469838225200290e-01
27 6.077965013181410e-01
28 5.738613465955950e-01
29 5.503331181412289e-01
30 6.580572622479247e-01
31 5.444993694966386e-01
32 4.085355459113188e-01
33 7.082351120999023e-01
34 5.918250955163775e-01
35 7.159931385604997e-01
36 4.942597047894967e-01
37 4.099146940113250e-01
38 5.666824972525178e-01
39 3.859500495286153e-01
40 5.683134270792922e-01
41 5.927757361571614e-01
42 6.085874584570553e-01
43 6.053658471512373e-01
44 6.776112545333819e-01
45 7.586291252732760e-01
46 8.062641273181188e-01


#a = 2.000000
1 5.085287972198305e-01
2 4.999999999999997e-01
3 4.999999999999999e-01
4 5.000000000000007e-01
5 5.045596184932153e-01
6 4.959292650597787e-01
7 4.940528099395914e-01
8 4.925128944944400e-01
9 5.057908842388840e-01
10 5.151421920026831e-01
11 5.000000000000000e-01
12 4.999999999999997e-01
13 5.000000000000000e-01
14 4.999999999999997e-01
15 5.000000000000001e-01
16 5.000000000000002e-01
17 4.999999999999998e-01
18 5.000000000000002e-01
19 5.000000000000002e-01
20 4.999999999999997e-01
21 4.999999999999999e-01
22 5.000000000000004e-01
23 5.479719333524927e-01
24 2.808013064402987e-01
25 3.720732605253412e-01
26 4.560363622295782e-01
27 3.030175807547808e-01
28 4.652971503033721e-01
29 5.089630335421166e-01
30 5.502502498375782e-01
31 4.496703214451059e-01
32 4.242304845485471e-01
33 3.530022558909450e-01
34 4.935070031382762e-01
35 7.225953672618483e-01
36 6.800142284769266e-01
37 5.757914653988081e-01
38 3.880767083044938e-01
39 4.569493322017376e-01
40 3.306559202694980e-01
41 3.239693057214649e-01
42 6.629641710991330e-01
43 5.148312892411855e-01
44 6.906655293662370e-01
45 6.382549112156514e-01
46 7.938943679861609e-01


#a = 3.000000
1 4.983323490854290e-01
2 5.000000000000000e-01
3 5.000000000000010e-01
4 4.999999999999999e-01
5 4.973767124211093e-01
6 4.977635794269425e-01
7 5.026109281029887e-01
8 4.998689365712654e-01
9 4.963341672784788e-01
10 5.023810469049317e-01
11 4.999999999999996e-01
12 4.999999999999998e-01
13 4.999999999999998e-01
14 4.999999999999992e-01
15 4.999999999999999e-01
16 4.999999999999999e-01
17 4.999999999999997e-01
18 4.999999999999996e-01
19 5.000000000000001e-01
20 4.999999999999996e-01
21 5.000000000000000e-01
22 5.000000000000001e-01
23 4.901755584272203e-01
24 4.072285969867840e-01
25 3.407480112281669e-01
26 3.365371252723424e-01
27 2.422895470777124e-01
28 3.067999004405629e-01
29 2.782421530290122e-01
30 6.259558478400555e-01
31 4.275206571382061e-01
32 4.985674922494675e-01
33 5.594060051070794e-01
34 5.433076690521459e-01
35 5.534792162282611e-01
36 5.427786782923526e-01
37 3.638611870522480e-01
38 5.394201209506497e-01
39 3.672349529660749e-01
40 3.886363892161239e-01
41 5.203350280655723e-01
42 4.270939513520168e-01
43 6.331444225702052e-01
44 3.064615678316915e-01
45 5.486182684076235e-01
46 7.574899334272802e-01


#a = 4.000000
1 5.003259251695901e-01
2 4.999999999999994e-01
3 4.999999999999998e-01
4 5.000000000000004e-01
5 5.006433412819559e-01
6 5.014691740589541e-01
7 4.998492471899496e-01
8 5.001014403175817e-01
9 5.015699280345440e-01
10 5.009551500879968e-01
11 4.999999999999999e-01
12 4.999999999999999e-01
13 5.000000000000001e-01
14 5.000000000000002e-01
15 5.000000000000001e-01
16 4.999999999999998e-01
17 5.000000000000000e-01
18 5.000000000000003e-01
19 4.999999999999999e-01
20 5.000000000000002e-01
21 5.000000000000004e-01
22 5.000000000000004e-01
23 4.764014824350475e-01
24 6.492076901826442e-01
25 2.758452647801261e-01
26 5.851483518847007e-01
27 5.231187568167006e-01
28 4.005894364908902e-01
29 5.532352211731816e-01
30 5.186742841182302e-01
31 3.985927735655817e-01
32 2.588426552540343e-01
33 5.636356334157733e-01
34 4.761926587422883e-01
35 6.322693044754681e-01
36 5.415760658580721e-01
37 6.437294571195999e-01
38 4.718445939518336e-01
39 6.491635752517466e-01
40 7.112691034181619e-01
41 5.288100380182257e-01
42 6.039697469351892e-01
43 4.622434207616173e-01
44 3.481048884875003e-01
45 4.731345704247410e-01
46 2.494868202980705e-01


