## Parameters ##
# z = 3
# m = 5
# t = 1.000000000000000e+00
# mu = 5.000000000000000e-01
# opt = sc
#
#
#a = 0.000000
1 6.249999999999997e-01
2 4.999999999999997e-01
3 5.000000000000000e-01
4 4.999999999999996e-01
5 6.562499999999996e-01
6 6.562500000000000e-01
7 6.562500000000001e-01
8 6.562499999999998e-01
9 6.562499999999999e-01
10 6.562499999999991e-01
11 4.999999999999999e-01
12 5.000000000000003e-01
13 4.999999999999999e-01
14 4.999999999999999e-01
15 4.999999999999999e-01
16 5.000000000000001e-01
17 4.999999999999998e-01
18 4.999999999999996e-01
19 4.999999999999995e-01
20 4.999999999999998e-01
21 4.999999999999998e-01
22 5.000000000000000e-01
23 7.890625000000001e-01
24 7.890625000000000e-01
25 7.890625000000001e-01
26 7.890625000000003e-01
27 7.890624999999998e-01
28 7.890624999999997e-01
29 7.890625000000001e-01
30 7.890625000000002e-01
31 7.890624999999998e-01
32 7.890624999999998e-01
33 7.890624999999998e-01
34 7.890625000000003e-01
35 7.890625000000001e-01
36 7.890625000000008e-01
37 7.890624999999998e-01
38 7.890625000000003e-01
39 7.890625000000000e-01
40 7.890625000000004e-01
41 7.890624999999994e-01
42 7.890624999999997e-01
43 7.890625000000003e-01
44 7.890624999999998e-01
45 7.890624999999998e-01
46 7.890624999999998e-01


#a = 1.000000
1 5.958779091120591e-01
2 5.509420593912966e-01
3 5.509420593912965e-01
4 5.509420593912960e-01
5 6.093780116650513e-01
6 6.093780116650511e-01
7 6.093780116650509e-01
8 6.093780116650510e-01
9 6.093780116650509e-01
10 6.093780116650518e-01
11 5.524408478739844e-01
12 5.524408478739846e-01
13 5.524408478739845e-01
14 5.524408478739845e-01
15 5.524408478739844e-01
16 5.524408478739846e-01
17 5.524408478739846e-01
18 5.524408478739845e-01
19 5.524408478739844e-01
20 5.524408478739846e-01
21 5.524408478739846e-01
22 5.524408478739840e-01
23 7.694057361764973e-01
24 7.694057361764972e-01
25 7.694057361764970e-01
26 7.694057361764972e-01
27 7.694057361764974e-01
28 7.694057361764973e-01
29 7.694057361764969e-01
30 7.694057361764978e-01
31 7.694057361764967e-01
32 7.694057361764972e-01
33 7.694057361764969e-01
34 7.694057361764970e-01
35 7.694057361764971e-01
36 7.694057361764973e-01
37 7.694057361764967e-01
38 7.694057361764970e-01
39 7.694057361764970e-01
40 7.694057361764977e-01
41 7.694057361764970e-01
42 7.694057361764968e-01
43 7.694057361764981e-01
44 7.694057361764980e-01
45 7.694057361764972e-01
46 7.694057361764971e-01


#a = 2.000000
1 5.742966629913658e-01
2 5.766930274119673e-01
3 5.766930274119675e-01
4 5.766930274119670e-01
5 5.803616047889462e-01
6 5.803616047889464e-01
7 5.803616047889462e-01
8 5.803616047889458e-01
9 5.803616047889466e-01
10 5.803616047889465e-01
11 5.900232010603255e-01
12 5.900232010603257e-01
13 5.900232010603261e-01
14 5.900232010603259e-01
15 5.900232010603257e-01
16 5.900232010603257e-01
17 5.900232010603259e-01
18 5.900232010603255e-01
19 5.900232010603252e-01
20 5.900232010603258e-01
21 5.900232010603266e-01
22 5.900232010603257e-01
23 7.555490088881301e-01
24 7.555490088881308e-01
25 7.555490088881305e-01
26 7.555490088881300e-01
27 7.555490088881306e-01
28 7.555490088881307e-01
29 7.555490088881306e-01
30 7.555490088881296e-01
31 7.555490088881305e-01
32 7.555490088881310e-01
33 7.555490088881299e-01
34 7.555490088881304e-01
35 7.555490088881313e-01
36 7.555490088881315e-01
37 7.555490088881313e-01
38 7.555490088881306e-01
39 7.555490088881308e-01
40 7.555490088881316e-01
41 7.555490088881308e-01
42 7.555490088881305e-01
43 7.555490088881315e-01
44 7.555490088881308e-01
45 7.555490088881305e-01
46 7.555490088881305e-01


#a = 3.000000
1 5.694245524484146e-01
2 5.828110882327419e-01
3 5.828110882327417e-01
4 5.828110882327410e-01
5 5.745496474869595e-01
6 5.745496474869605e-01
7 5.745496474869601e-01
8 5.745496474869595e-01
9 5.745496474869589e-01
10 5.745496474869589e-01
11 6.271705225223840e-01
12 6.271705225223838e-01
13 6.271705225223836e-01
14 6.271705225223841e-01
15 6.271705225223845e-01
16 6.271705225223847e-01
17 6.271705225223846e-01
18 6.271705225223839e-01
19 6.271705225223849e-01
20 6.271705225223844e-01
21 6.271705225223841e-01
22 6.271705225223848e-01
23 7.378665844859577e-01
24 7.378665844859575e-01
25 7.378665844859577e-01
26 7.378665844859585e-01
27 7.378665844859577e-01
28 7.378665844859580e-01
29 7.378665844859577e-01
30 7.378665844859590e-01
31 7.378665844859598e-01
32 7.378665844859571e-01
33 7.378665844859574e-01
34 7.378665844859571e-01
35 7.378665844859565e-01
36 7.378665844859601e-01
37 7.378665844859577e-01
38 7.378665844859587e-01
39 7.378665844859597e-01
40 7.378665844859565e-01
41 7.378665844859595e-01
42 7.378665844859561e-01
43 7.378665844859582e-01
44 7.378665844859582e-01
45 7.378665844859560e-01
46 7.378665844859587e-01


#a = 4.000000
1 5.730059984720335e-01
2 5.801253423499901e-01
3 5.801253423499905e-01
4 5.801253423499918e-01
5 5.835743800939027e-01
6 5.835743800939017e-01
7 5.835743800939022e-01
8 5.835743800939019e-01
9 5.835743800939023e-01
10 5.835743800939011e-01
11 6.642632706826533e-01
12 6.642632706826539e-01
13 6.642632706826546e-01
14 6.642632706826548e-01
15 6.642632706826526e-01
16 6.642632706826527e-01
17 6.642632706826538e-01
18 6.642632706826535e-01
19 6.642632706826535e-01
20 6.642632706826527e-01
21 6.642632706826530e-01
22 6.642632706826532e-01
23 7.172505185717820e-01
24 7.172505185717806e-01
25 7.172505185717808e-01
26 7.172505185717812e-01
27 7.172505185717815e-01
28 7.172505185717809e-01
29 7.172505185717813e-01
30 7.172505185717776e-01
31 7.172505185718043e-01
32 7.172505185717655e-01
33 7.172505185717771e-01
34 7.172505185717803e-01
35 7.172505185717791e-01
36 7.172505185717778e-01
37 7.172505185717755e-01
38 7.172505185717897e-01
39 7.172505185717816e-01
40 7.172505185717797e-01
41 7.172505185717846e-01
42 7.172505185717847e-01
43 7.172505185717810e-01
44 7.172505185717796e-01
45 7.172505185717805e-01
46 7.172505185717847e-01


