## Parameters ##
# z = 3
# m = 5
# t = 1.000000000000000e+00
# mu = 0.000000000000000e+00
# opt = sc
#
#
#a = 0.000000
1 -2.561552812808830e+00
2 -2.288245611270735e+00
3 -2.288245611270733e+00
4 -2.000000000000000e+00
5 -1.999999999999999e+00
6 -1.999999999999998e+00
7 -1.561552812808830e+00
8 -1.414213562373098e+00
9 -1.414213562373095e+00
10 -1.414213562373095e+00
11 -1.414213562373095e+00
12 -1.414213562373095e+00
13 -1.414213562373094e+00
14 -8.740320488976421e-01
15 -8.740320488976415e-01
16 -1.826197632000753e-15
17 -1.677066607221829e-15
18 -1.141960346296748e-15
19 -7.645061214687192e-16
20 -3.860690440305744e-16
21 -3.482711845386725e-16
22 -2.137727491370374e-16
23 -1.330214497916003e-16
24 -9.735537088124368e-17
25 1.946719506180635e-16
26 7.670117316927595e-16
27 8.384927483818581e-16
28 1.560404856203483e-15
29 2.047582085037082e-15
30 2.109487193897985e-15
31 2.855496603137530e-15
32 8.740320488976429e-01
33 8.740320488976434e-01
34 1.414213562373092e+00
35 1.414213562373094e+00
36 1.414213562373094e+00
37 1.414213562373095e+00
38 1.414213562373095e+00
39 1.414213562373095e+00
40 1.561552812808829e+00
41 1.999999999999998e+00
42 1.999999999999999e+00
43 1.999999999999999e+00
44 2.288245611270734e+00
45 2.288245611270737e+00
46 2.561552812808828e+00


#a = 1.000000
1 -2.178499411507262e+00
2 -1.554024756613692e+00
3 -1.554024756613687e+00
4 -1.029712279820966e+00
5 -1.029712279820965e+00
6 -1.029712279820965e+00
7 -8.508740355983762e-01
8 -4.836895252959507e-01
9 -4.836895252959506e-01
10 -4.836895252959504e-01
11 -4.836895252959498e-01
12 -4.836895252959495e-01
13 -4.836895252959493e-01
14 -3.812013051471033e-01
15 -3.812013051471030e-01
16 -8.970708733848854e-16
17 -6.901212584962239e-16
18 -6.173703902827884e-16
19 -5.328526458088376e-16
20 -4.008031214946197e-16
21 -3.279192665265342e-16
22 -3.114004751938647e-16
23 -2.941084835915575e-16
24 -1.090039538019506e-16
25 -8.322859721014766e-17
26 8.163761725024851e-18
27 1.120923129422636e-16
28 2.806311566193962e-16
29 3.922332857452374e-16
30 4.516551068659514e-16
31 1.052029227269501e-15
32 3.812013051471027e-01
33 3.812013051471033e-01
34 4.836895252959497e-01
35 4.836895252959503e-01
36 4.836895252959504e-01
37 4.836895252959504e-01
38 4.836895252959508e-01
39 4.836895252959508e-01
40 8.508740355983764e-01
41 1.029712279820966e+00
42 1.029712279820966e+00
43 1.029712279820967e+00
44 1.554024756613688e+00
45 1.554024756613688e+00
46 2.178499411507260e+00


#a = 2.000000
1 -2.012738629671769e+00
2 -1.213627954315471e+00
3 -1.213627954315470e+00
4 -6.072859857055387e-01
5 -6.072859857055382e-01
6 -6.072859857055367e-01
7 -5.142811239097176e-01
8 -1.654315607668461e-01
9 -1.654315607668458e-01
10 -1.654315607668457e-01
11 -1.654315607668456e-01
12 -1.654315607668456e-01
13 -1.654315607668456e-01
14 -1.445802785250908e-01
15 -1.445802785250903e-01
16 -9.766391151849415e-16
17 -4.482930276359469e-16
18 -4.128086585712174e-16
19 -3.629384018143979e-16
20 -1.931045147816499e-16
21 -1.230805622541464e-16
22 -5.125168268429076e-17
23 -1.288933346031007e-17
24 4.934873022634459e-17
25 9.748434014505551e-17
26 1.602950021246496e-16
27 2.466005049617516e-16
28 3.076540030600403e-16
29 5.110530181624865e-16
30 6.256971540787443e-16
31 6.653373878573454e-16
32 1.445802785250903e-01
33 1.445802785250906e-01
34 1.654315607668450e-01
35 1.654315607668456e-01
36 1.654315607668456e-01
37 1.654315607668458e-01
38 1.654315607668458e-01
39 1.654315607668462e-01
40 5.142811239097184e-01
41 6.072859857055377e-01
42 6.072859857055379e-01
43 6.072859857055388e-01
44 1.213627954315471e+00
45 1.213627954315472e+00
46 2.012738629671765e+00


#a = 3.000000
1 -1.901253496690108e+00
2 -9.926126958916246e-01
3 -9.926126958916237e-01
4 -3.798308858473650e-01
5 -3.798308858473641e-01
6 -3.798308858473632e-01
7 -3.316238688662891e-01
8 -5.658092612406584e-02
9 -5.658092612406568e-02
10 -5.658092612406562e-02
11 -5.658092612406557e-02
12 -5.658092612406555e-02
13 -5.658092612406539e-02
14 -5.235969631648891e-02
15 -5.235969631648891e-02
16 -5.243264360264816e-16
17 -3.392368700082653e-16
18 -2.414462090429166e-16
19 -1.235792292990302e-16
20 -9.856053038637116e-17
21 -9.072172458309761e-17
22 -4.249500105863111e-17
23 7.226516466639271e-18
24 4.857221500664245e-17
25 6.080976960819904e-17
26 7.254569522571109e-17
27 1.286081100187055e-16
28 1.773637570422748e-16
29 2.076049603795779e-16
30 2.290003293622532e-16
31 3.891324832674215e-16
32 5.235969631648891e-02
33 5.235969631648900e-02
34 5.658092612406520e-02
35 5.658092612406555e-02
36 5.658092612406559e-02
37 5.658092612406565e-02
38 5.658092612406566e-02
39 5.658092612406628e-02
40 3.316238688662888e-01
41 3.798308858473648e-01
42 3.798308858473654e-01
43 3.798308858473662e-01
44 9.926126958916233e-01
45 9.926126958916237e-01
46 1.901253496690104e+00


#a = 4.000000
1 -1.816147897607414e+00
2 -8.313428098428778e-01
3 -8.313428098428761e-01
4 -2.422008674049942e-01
5 -2.422008674049939e-01
6 -2.422008674049938e-01
7 -2.174308716127935e-01
8 -1.935181646245206e-02
9 -1.935181646245204e-02
10 -1.935181646245203e-02
11 -1.935181646245199e-02
12 -1.935181646245199e-02
13 -1.935181646245198e-02
14 -1.851736196876048e-02
15 -1.851736196876043e-02
16 -1.333555341376002e-16
17 -1.227851540640227e-16
18 -9.811597241102367e-17
19 -7.029806464845833e-17
20 -6.827803665575612e-17
21 -5.449287777908041e-17
22 -5.206465037403592e-17
23 -2.883483771732951e-17
24 2.777755178475295e-18
25 3.283287249983547e-18
26 9.539260196644594e-18
27 2.091086803284267e-17
28 2.116262394318459e-17
29 1.135368350289699e-16
30 1.192458029795095e-16
31 1.467703354489068e-16
32 1.851736196876012e-02
33 1.851736196876046e-02
34 1.935181646245187e-02
35 1.935181646245190e-02
36 1.935181646245192e-02
37 1.935181646245193e-02
38 1.935181646245197e-02
39 1.935181646245213e-02
40 2.174308716127936e-01
41 2.422008674049935e-01
42 2.422008674049939e-01
43 2.422008674049945e-01
44 8.313428098428770e-01
45 8.313428098428771e-01
46 1.816147897607415e+00


