## Parameters ##
# z = 3
# m = 5
# t = 1.000000000000000e+00
# mu = 1.000000000000000e+00
# opt = sc
#
#
#a = 0.000000
1 -3.561552812808831e+00
2 -3.288245611270738e+00
3 -3.288245611270733e+00
4 -3.000000000000002e+00
5 -2.999999999999999e+00
6 -2.999999999999998e+00
7 -2.561552812808829e+00
8 -2.414213562373097e+00
9 -2.414213562373096e+00
10 -2.414213562373095e+00
11 -2.414213562373095e+00
12 -2.414213562373095e+00
13 -2.414213562373093e+00
14 -1.874032048897641e+00
15 -1.874032048897640e+00
16 -1.000000000000001e+00
17 -1.000000000000001e+00
18 -1.000000000000001e+00
19 -1.000000000000000e+00
20 -1.000000000000000e+00
21 -1.000000000000000e+00
22 -1.000000000000000e+00
23 -9.999999999999997e-01
24 -9.999999999999997e-01
25 -9.999999999999996e-01
26 -9.999999999999992e-01
27 -9.999999999999991e-01
28 -9.999999999999991e-01
29 -9.999999999999990e-01
30 -9.999999999999984e-01
31 -9.999999999999984e-01
32 -1.259679511023596e-01
33 -1.259679511023577e-01
34 4.142135623730940e-01
35 4.142135623730945e-01
36 4.142135623730945e-01
37 4.142135623730951e-01
38 4.142135623730952e-01
39 4.142135623730963e-01
40 5.615528128088321e-01
41 9.999999999999980e-01
42 1.000000000000001e+00
43 1.000000000000001e+00
44 1.288245611270737e+00
45 1.288245611270740e+00
46 1.561552812808831e+00


#a = 1.000000
1 -3.087045423303710e+00
2 -2.327565993257232e+00
3 -2.327565993257229e+00
4 -1.624211959439053e+00
5 -1.624211959439053e+00
6 -1.624211959439053e+00
7 -1.494839727498813e+00
8 -8.720619143246003e-01
9 -8.720619143246000e-01
10 -8.472963553338609e-01
11 -8.472963553338608e-01
12 -8.472963553338608e-01
13 -8.472963553338605e-01
14 -8.472963553338596e-01
15 -8.472963553338596e-01
16 -3.971974525366956e-01
17 -3.154806613468568e-01
18 -3.154806613468567e-01
19 -3.154806613468555e-01
20 -1.736481776669313e-01
21 -1.736481776669310e-01
22 -1.736481776669308e-01
23 -1.736481776669306e-01
24 -1.736481776669306e-01
25 -1.736481776669305e-01
26 -1.736481776669305e-01
27 -1.736481776669304e-01
28 -1.736481776669301e-01
29 -1.736481776669300e-01
30 -1.736481776669299e-01
31 -1.736481776669294e-01
32 -1.187410978648188e-02
33 -1.187410978648125e-02
34 1.736481776669291e-01
35 1.736481776669297e-01
36 1.736481776669302e-01
37 1.736481776669302e-01
38 1.736481776669304e-01
39 1.736481776669309e-01
40 3.058771617591869e-01
41 4.999999999999992e-01
42 5.000000000000001e-01
43 5.000000000000004e-01
44 8.321167757964965e-01
45 8.321167757964980e-01
46 1.293820200008215e+00


#a = 2.000000
1 -2.891799387764785e+00
2 -1.900822118063214e+00
3 -1.900822118063212e+00
4 -1.036489767929333e+00
5 -1.036489767929332e+00
6 -1.036489767929331e+00
7 -1.029254165926760e+00
8 -4.525255378275070e-01
9 -4.525255378275067e-01
10 -3.386988510014861e-01
11 -3.386988510014851e-01
12 -3.386988510014849e-01
13 -3.386988510014848e-01
14 -3.386988510014847e-01
15 -3.386988510014839e-01
16 -1.341513060812975e-01
17 -8.359794311925717e-02
18 -8.359794311925700e-02
19 -8.359794311925622e-02
20 -3.015368960704621e-02
21 -3.015368960704602e-02
22 -3.015368960704585e-02
23 -3.015368960704580e-02
24 -3.015368960704565e-02
25 -3.015368960704563e-02
26 -3.015368960704544e-02
27 -3.015368960704532e-02
28 -3.015368960704523e-02
29 -3.015368960704513e-02
30 -3.015368960704503e-02
31 -3.015368960704487e-02
32 5.722604743047820e-03
33 5.722604743047915e-03
34 5.854516139443802e-02
35 5.854516139443844e-02
36 5.854516139443901e-02
37 5.854516139443939e-02
38 5.854516139443947e-02
39 5.854516139443973e-02
40 1.392509623222053e-01
41 2.531099326080784e-01
42 2.531099326080786e-01
43 2.531099326080800e-01
44 5.976250511476721e-01
45 5.976250511476721e-01
46 1.165953897450632e+00


#a = 3.000000
1 -2.759305988538773e+00
2 -1.616590116946969e+00
3 -1.616590116946969e+00
4 -7.526392998354099e-01
5 -6.978129259974153e-01
6 -6.978129259974141e-01
7 -6.978129259974134e-01
8 -2.503039770357128e-01
9 -2.503039770357119e-01
10 -1.475028173121838e-01
11 -1.475028173121838e-01
12 -1.475028173121837e-01
13 -1.475028173121833e-01
14 -1.475028173121833e-01
15 -1.475028173121831e-01
16 -4.122662200577320e-02
17 -1.960914382459737e-02
18 -1.960914382459658e-02
19 -1.960914382459597e-02
20 -5.236133250198355e-03
21 -5.236133250198170e-03
22 -5.236133250197993e-03
23 -5.236133250197887e-03
24 -5.236133250197692e-03
25 -5.236133250197682e-03
26 -5.236133250197655e-03
27 -5.236133250197533e-03
28 -5.236133250197528e-03
29 -5.236133250197436e-03
30 -5.236133250197216e-03
31 -5.236133250196856e-03
32 3.188730141999444e-03
33 3.188730142000018e-03
34 1.726668406198491e-02
35 1.726668406198571e-02
36 1.726668406198579e-02
37 1.726668406198597e-02
38 1.726668406198647e-02
39 1.726668406198685e-02
40 6.199043387489144e-02
41 1.376526042325794e-01
42 1.376526042325794e-01
43 1.376526042325796e-01
44 4.541664326618174e-01
45 4.541664326618183e-01
46 1.081642545326200e+00


#a = 4.000000
1 -2.657408416930438e+00
2 -1.403060142965746e+00
3 -1.403060142965744e+00
4 -5.669967861856020e-01
5 -4.831743119519498e-01
6 -4.831743119519494e-01
7 -4.831743119519490e-01
8 -1.395712027272730e-01
9 -1.395712027272728e-01
10 -6.807560098211886e-02
11 -6.807560098211884e-02
12 -6.807560098211880e-02
13 -6.807560098211880e-02
14 -6.807560098211878e-02
15 -6.807560098211869e-02
16 -1.116684393702864e-02
17 -4.220958360152481e-03
18 -4.220958360152134e-03
19 -4.220958360152113e-03
20 -9.092449969181736e-04
21 -9.092449969181175e-04
22 -9.092449969181022e-04
23 -9.092449969180928e-04
24 -9.092449969180739e-04
25 -9.092449969180721e-04
26 -9.092449969180656e-04
27 -9.092449969180596e-04
28 -9.092449969180542e-04
29 -9.092449969180489e-04
30 -9.092449969179761e-04
31 -9.092449969179201e-04
32 1.073111265575948e-03
33 1.073111265576325e-03
34 4.666355985200752e-03
35 4.666355985200761e-03
36 4.666355985200768e-03
37 4.666355985200784e-03
38 4.666355985200802e-03
39 4.666355985200898e-03
40 2.949055868016801e-02
41 7.962351407995669e-02
42 7.962351407995683e-02
43 7.962351407995689e-02
44 3.540582344274429e-01
45 3.540582344274429e-01
46 1.018581488372900e+00


