## Parameters ##
# z = 3
# m = 5
# t = 1.000000000000000e+00
# mu = 1.000000000000000e-10
# opt = sc
#
#
#a = 0.000000
1 -2.561552812908829e+00
2 -2.288245611370738e+00
3 -2.288245611370737e+00
4 -2.000000000100000e+00
5 -2.000000000099997e+00
6 -2.000000000099995e+00
7 -1.561552812908831e+00
8 -1.414213562473096e+00
9 -1.414213562473095e+00
10 -1.414213562473095e+00
11 -1.414213562473095e+00
12 -1.414213562473094e+00
13 -1.414213562473093e+00
14 -8.740320489976424e-01
15 -8.740320489976419e-01
16 -1.000018801887112e-10
17 -1.000015438967738e-10
18 -1.000013922288361e-10
19 -1.000009974907722e-10
20 -1.000009319185158e-10
21 -1.000008708937741e-10
22 -1.000007047299771e-10
23 -1.000003473316227e-10
24 -1.000003225723247e-10
25 -1.000000568900779e-10
26 -9.999984535873798e-11
27 -9.999976092102456e-11
28 -9.999947964894596e-11
29 -9.999944325514771e-11
30 -9.999869462850245e-11
31 -9.999822106002042e-11
32 8.740320487976400e-01
33 8.740320487976408e-01
34 1.414213562273094e+00
35 1.414213562273094e+00
36 1.414213562273095e+00
37 1.414213562273095e+00
38 1.414213562273095e+00
39 1.414213562273095e+00
40 1.561552812708830e+00
41 1.999999999899999e+00
42 1.999999999899999e+00
43 1.999999999900000e+00
44 2.288245611170739e+00
45 2.288245611170741e+00
46 2.561552812708831e+00


#a = 1.000000
1 -2.178499411597161e+00
2 -1.554024756688958e+00
3 -1.554024756688956e+00
4 -1.029712279877735e+00
5 -1.029712279877731e+00
6 -1.029712279877731e+00
7 -8.508740356586741e-01
8 -4.836895253296347e-01
9 -4.836895253296330e-01
10 -4.836895253296329e-01
11 -4.836895253296328e-01
12 -4.836895253296318e-01
13 -4.836895253296314e-01
14 -3.812013051908049e-01
15 -3.812013051908045e-01
16 -3.754063647831996e-11
17 -3.043611210735369e-11
18 -3.043604178764577e-11
19 -3.043600717595305e-11
20 -1.736608053324623e-11
21 -1.736551309443868e-11
22 -1.736539353648453e-11
23 -1.736538308021168e-11
24 -1.736534745527389e-11
25 -1.736522398116748e-11
26 -1.736518353135767e-11
27 -1.736496216128374e-11
28 -1.736464645987482e-11
29 -1.736455571792805e-11
30 -1.736440297800553e-11
31 -1.736406883140700e-11
32 3.812013051034006e-01
33 3.812013051034011e-01
34 4.836895252622668e-01
35 4.836895252622673e-01
36 4.836895252622675e-01
37 4.836895252622675e-01
38 4.836895252622683e-01
39 4.836895252622687e-01
40 8.508740355380743e-01
41 1.029712279764198e+00
42 1.029712279764199e+00
43 1.029712279764199e+00
44 1.554024756538421e+00
45 1.554024756538424e+00
46 2.178499411417367e+00


#a = 2.000000
1 -2.012738629758376e+00
2 -1.213627954381257e+00
3 -1.213627954381254e+00
4 -6.072859857453137e-01
5 -6.072859857453133e-01
6 -6.072859857453131e-01
7 -5.142811239557022e-01
8 -1.654315607808535e-01
9 -1.654315607808534e-01
10 -1.654315607808533e-01
11 -1.654315607808532e-01
12 -1.654315607808532e-01
13 -1.654315607808531e-01
14 -1.445802785468062e-01
15 -1.445802785468054e-01
16 -9.814417112768126e-12
17 -7.146329661711541e-12
18 -7.146278323715869e-12
19 -7.146227686693867e-12
20 -3.015549086050800e-12
21 -3.015475953670877e-12
22 -3.015457106251420e-12
23 -3.015409282230220e-12
24 -3.015387692038306e-12
25 -3.015377674752909e-12
26 -3.015363840886284e-12
27 -3.015357385967087e-12
28 -3.015351400330199e-12
29 -3.015339246082145e-12
30 -3.015316546478439e-12
31 -3.015143767800475e-12
32 1.445802785033751e-01
33 1.445802785033753e-01
34 1.654315607528375e-01
35 1.654315607528378e-01
36 1.654315607528379e-01
37 1.654315607528379e-01
38 1.654315607528380e-01
39 1.654315607528382e-01
40 5.142811238637339e-01
41 6.072859856657620e-01
42 6.072859856657623e-01
43 6.072859856657624e-01
44 1.213627954249685e+00
45 1.213627954249687e+00
46 2.012738629585157e+00


#a = 3.000000
1 -1.901253496774361e+00
2 -9.926126959505029e-01
3 -9.926126959505026e-01
4 -3.798308858755990e-01
5 -3.798308858755989e-01
6 -3.798308858755987e-01
7 -3.316238689014228e-01
8 -5.658092613057782e-02
9 -5.658092613057739e-02
10 -5.658092613057732e-02
11 -5.658092613057709e-02
12 -5.658092613057707e-02
13 -5.658092613057700e-02
14 -5.235969632808721e-02
15 -5.235969632808709e-02
16 -2.178446087661451e-12
17 -1.509794303467322e-12
18 -1.509533867312021e-12
19 -1.509345544772508e-12
20 -5.238845129212478e-13
21 -5.237905007205274e-13
22 -5.236835725343286e-13
23 -5.236681175837515e-13
24 -5.236654722415950e-13
25 -5.236104981984108e-13
26 -5.235576794540364e-13
27 -5.235348983449919e-13
28 -5.234490666289472e-13
29 -5.233597363253953e-13
30 -5.232776783461244e-13
31 -5.231917938765229e-13
32 5.235969630489078e-02
33 5.235969630489080e-02
34 5.658092611755367e-02
35 5.658092611755371e-02
36 5.658092611755382e-02
37 5.658092611755385e-02
38 5.658092611755385e-02
39 5.658092611755394e-02
40 3.316238688311552e-01
41 3.798308858191301e-01
42 3.798308858191308e-01
43 3.798308858191310e-01
44 9.926126958327448e-01
45 9.926126958327457e-01
46 1.901253496605852e+00


#a = 4.000000
1 -1.816147897689781e+00
2 -8.313428098960532e-01
3 -8.313428098960515e-01
4 -2.422008674252277e-01
5 -2.422008674252276e-01
6 -2.422008674252272e-01
7 -2.174308716395721e-01
8 -1.935181646562253e-02
9 -1.935181646562253e-02
10 -1.935181646562246e-02
11 -1.935181646562245e-02
12 -1.935181646562237e-02
13 -1.935181646562227e-02
14 -1.851736197495941e-02
15 -1.851736197495930e-02
16 -4.616639161878671e-13
17 -3.102171918860467e-13
18 -3.101542332277486e-13
19 -3.100535624646501e-13
20 -9.110126164981099e-14
21 -9.101623234287118e-14
22 -9.096344615813840e-14
23 -9.094350734996052e-14
24 -9.093181657891708e-14
25 -9.091115229813235e-14
26 -9.089531957961166e-14
27 -9.086801785864790e-14
28 -9.080901091726258e-14
29 -9.076068191064323e-14
30 -9.074097984582388e-14
31 -9.069942678464628e-14
32 1.851736196256167e-02
33 1.851736196256173e-02
34 1.935181645928135e-02
35 1.935181645928144e-02
36 1.935181645928148e-02
37 1.935181645928153e-02
38 1.935181645928159e-02
39 1.935181645928161e-02
40 2.174308715860155e-01
41 2.422008673847601e-01
42 2.422008673847603e-01
43 2.422008673847603e-01
44 8.313428097896998e-01
45 8.313428097897007e-01
46 1.816147897525049e+00


