## Parameters ##
# z = 3
# m = 5
# t = 1.000000000000000e+00
# mu = 5.000000000000000e-01
# opt = sc
#
#
#a = 0.000000
1 -3.061552812808830e+00
2 -2.788245611270739e+00
3 -2.788245611270737e+00
4 -2.500000000000002e+00
5 -2.500000000000002e+00
6 -2.499999999999998e+00
7 -2.061552812808831e+00
8 -1.914213562373096e+00
9 -1.914213562373096e+00
10 -1.914213562373095e+00
11 -1.914213562373095e+00
12 -1.914213562373095e+00
13 -1.914213562373094e+00
14 -1.374032048897643e+00
15 -1.374032048897642e+00
16 -5.000000000000008e-01
17 -5.000000000000004e-01
18 -5.000000000000003e-01
19 -5.000000000000001e-01
20 -5.000000000000001e-01
21 -5.000000000000000e-01
22 -4.999999999999999e-01
23 -4.999999999999999e-01
24 -4.999999999999998e-01
25 -4.999999999999998e-01
26 -4.999999999999997e-01
27 -4.999999999999996e-01
28 -4.999999999999995e-01
29 -4.999999999999993e-01
30 -4.999999999999993e-01
31 -4.999999999999992e-01
32 3.740320488976416e-01
33 3.740320488976419e-01
34 9.142135623730935e-01
35 9.142135623730944e-01
36 9.142135623730946e-01
37 9.142135623730953e-01
38 9.142135623730958e-01
39 9.142135623730964e-01
40 1.061552812808830e+00
41 1.500000000000000e+00
42 1.500000000000001e+00
43 1.500000000000004e+00
44 1.788245611270737e+00
45 1.788245611270738e+00
46 2.061552812808829e+00


#a = 1.000000
1 -2.630582046555950e+00
2 -1.935998185926016e+00
3 -1.935998185926014e+00
4 -1.320788423423292e+00
5 -1.320788423423291e+00
6 -1.320788423423291e+00
7 -1.163530342113592e+00
8 -6.589343694716472e-01
9 -6.589343694716469e-01
10 -6.589343694716469e-01
11 -6.589343694716466e-01
12 -6.589343694716461e-01
13 -6.589343694716461e-01
14 -6.134120040822916e-01
15 -6.134120040822915e-01
16 -1.905364767374296e-01
17 -1.535726814565411e-01
18 -1.535726814565410e-01
19 -1.535726814565407e-01
20 -8.682408883346557e-02
21 -8.682408883346542e-02
22 -8.682408883346537e-02
23 -8.682408883346533e-02
24 -8.682408883346525e-02
25 -8.682408883346521e-02
26 -8.682408883346515e-02
27 -8.682408883346514e-02
28 -8.682408883346508e-02
29 -8.682408883346504e-02
30 -8.682408883346500e-02
31 -8.682408883346449e-02
32 1.752125908570648e-01
33 1.752125908570652e-01
34 3.221102806381812e-01
35 3.221102806381813e-01
36 3.221102806381818e-01
37 3.221102806381819e-01
38 3.221102806381820e-01
39 3.221102806381822e-01
40 5.627937507157712e-01
41 7.545147944868779e-01
42 7.545147944868784e-01
43 7.545147944868785e-01
44 1.184504978365332e+00
45 1.184504978365336e+00
46 1.732162493905292e+00


#a = 2.000000
1 -2.449295965581140e+00
2 -1.550450892099589e+00
3 -1.550450892099587e+00
4 -8.144812655493875e-01
5 -8.144812655493870e-01
6 -8.144812655493866e-01
7 -7.589010771001088e-01
8 -2.784835232721293e-01
9 -2.784835232721282e-01
10 -2.443610437388725e-01
11 -2.443610437388724e-01
12 -2.443610437388724e-01
13 -2.443610437388723e-01
14 -2.443610437388722e-01
15 -2.443610437388722e-01
16 -5.300923249151680e-02
17 -3.707594170346065e-02
18 -3.707594170346058e-02
19 -3.707594170346017e-02
20 -1.507684480352324e-02
21 -1.507684480352313e-02
22 -1.507684480352304e-02
23 -1.507684480352301e-02
24 -1.507684480352293e-02
25 -1.507684480352293e-02
26 -1.507684480352290e-02
27 -1.507684480352290e-02
28 -1.507684480352287e-02
29 -1.507684480352284e-02
30 -1.507684480352282e-02
31 -1.507684480352261e-02
32 5.982151316957632e-02
33 5.982151316957687e-02
34 1.042841989353491e-01
35 1.042841989353493e-01
36 1.042841989353494e-01
37 1.042841989353494e-01
38 1.042841989353495e-01
39 1.042841989353496e-01
40 3.022442901207404e-01
41 4.180683180325918e-01
42 4.180683180325921e-01
43 4.180683180325929e-01
44 8.941129022021381e-01
45 8.941129022021387e-01
46 1.583961985052028e+00


#a = 3.000000
1 -2.326722904356469e+00
2 -1.296438424458425e+00
3 -1.296438424458422e+00
4 -5.302938395693800e-01
5 -5.302938395693796e-01
6 -5.302938395693793e-01
7 -5.255837429341516e-01
8 -1.349377946478546e-01
9 -1.349377946478546e-01
10 -9.657358390252081e-02
11 -9.657358390252078e-02
12 -9.657358390252070e-02
13 -9.657358390252067e-02
14 -9.657358390252056e-02
15 -9.657358390252054e-02
16 -1.241387702961870e-02
17 -7.987366376970187e-03
18 -7.987366376970095e-03
19 -7.987366376969934e-03
20 -2.618066625099058e-03
21 -2.618066625099003e-03
22 -2.618066625098948e-03
23 -2.618066625098926e-03
24 -2.618066625098902e-03
25 -2.618066625098889e-03
26 -2.618066625098879e-03
27 -2.618066625098872e-03
28 -2.618066625098863e-03
29 -2.618066625098830e-03
30 -2.618066625098828e-03
31 -2.618066625098380e-03
32 1.713432866025759e-02
33 1.713432866025788e-02
34 3.145551727742176e-02
35 3.145551727742178e-02
36 3.145551727742182e-02
37 3.145551727742185e-02
38 3.145551727742187e-02
39 3.145551727742199e-02
40 1.748837836423147e-01
41 2.483964731516340e-01
42 2.483964731516340e-01
43 2.483964731516346e-01
44 7.094724248565873e-01
45 7.094724248565890e-01
46 1.485067275088494e+00


#a = 4.000000
1 -2.232749849473115e+00
2 -1.107788423144907e+00
3 -1.107788423144906e+00
4 -3.733109177559700e-01
5 -3.535976562708613e-01
6 -3.535976562708612e-01
7 -3.535976562708611e-01
8 -6.808258948631539e-02
9 -6.808258948631454e-02
10 -4.058248753776483e-02
11 -4.058248753776480e-02
12 -4.058248753776474e-02
13 -4.058248753776474e-02
14 -4.058248753776457e-02
15 -4.058248753776433e-02
16 -2.690764327077712e-03
17 -1.654121809274611e-03
18 -1.654121809274281e-03
19 -1.654121809274238e-03
20 -4.546224984598132e-04
21 -4.546224984594065e-04
22 -4.546224984592517e-04
23 -4.546224984590591e-04
24 -4.546224984590276e-04
25 -4.546224984590176e-04
26 -4.546224984590160e-04
27 -4.546224984589873e-04
28 -4.546224984588728e-04
29 -4.546224984587958e-04
30 -4.546224984587622e-04
31 -4.546224984586026e-04
32 4.440686933711408e-03
33 4.440686933711553e-03
34 8.877865039305587e-03
35 8.877865039305806e-03
36 8.877865039305903e-03
37 8.877865039306026e-03
38 8.877865039306062e-03
39 8.877865039306265e-03
40 1.048902635760254e-01
41 1.513658999640631e-01
42 1.513658999640634e-01
43 1.513658999640639e-01
44 5.776803256975092e-01
45 5.776803256975099e-01
46 1.410111267980135e+00


