## Parameters ##
# z = 3
# m = 4
# t = 1.000000000000000e+00
# mu = 1.000000000000000e+00
# opt = sc
#
#
#a = 0.000000
1 3.265986323710904e-01
2 3.265986323710901e-01
3 3.265986323710900e-01
4 4.966326495188785e-01
5 4.966326495188783e-01
6 4.966326495188782e-01
7 4.966326495188784e-01
8 4.966326495188784e-01
9 4.966326495188784e-01
10 5.610448863063268e-01
11 5.610448863063269e-01
12 5.610448863063270e-01
13 5.610448863063267e-01
14 5.610448863063267e-01
15 5.610448863063265e-01
16 5.610448863063262e-01
17 5.610448863063264e-01
18 5.610448863063264e-01
19 5.610448863063267e-01
20 5.610448863063264e-01
21 5.610448863063265e-01


#a = 1.000000
1 5.034570110822745e-01
2 5.034570110822743e-01
3 5.034570110822744e-01
4 4.462208577901661e-01
5 4.462208577901664e-01
6 4.462208577901663e-01
7 4.462208577901660e-01
8 4.462208577901666e-01
9 4.462208577901662e-01
10 5.975041362345475e-01
11 5.975041362345482e-01
12 5.975041362345476e-01
13 5.975041362345475e-01
14 5.975041362345475e-01
15 5.975041362345468e-01
16 5.975041362345473e-01
17 5.975041362345478e-01
18 5.975041362345483e-01
19 5.975041362345478e-01
20 5.975041362345475e-01
21 5.975041362345477e-01


#a = 2.000000
1 4.861306173776547e-01
2 4.861306173776542e-01
3 4.861306173776541e-01
4 4.846634417256221e-01
5 4.846634417256220e-01
6 4.846634417256211e-01
7 4.846634417256221e-01
8 4.846634417256205e-01
9 4.846634417256208e-01
10 5.231226477411620e-01
11 5.231226477411617e-01
12 5.231226477411619e-01
13 5.231226477411620e-01
14 5.231226477411615e-01
15 5.231226477411620e-01
16 5.231226477411618e-01
17 5.231226477411617e-01
18 5.231226477411611e-01
19 5.231226477411618e-01
20 5.231226477411612e-01
21 5.231226477411625e-01


#a = 3.000000
1 4.856213248050689e-01
2 4.856213248050689e-01
3 4.856213248050698e-01
4 5.166541404329728e-01
5 5.166541404329732e-01
6 5.166541404329733e-01
7 5.166541404329728e-01
8 5.166541404329721e-01
9 5.166541404329724e-01
10 4.244438107092787e-01
11 4.244438107092762e-01
12 4.244438107092773e-01
13 4.244438107092774e-01
14 4.244438107092773e-01
15 4.244438107092782e-01
16 4.244438107092777e-01
17 4.244438107092769e-01
18 4.244438107092776e-01
19 4.244438107092776e-01
20 4.244438107092784e-01
21 4.244438107092766e-01


#a = 4.000000
1 4.957816250049452e-01
2 4.957816250049453e-01
3 4.957816250049455e-01
4 5.227780784222604e-01
5 5.227780784222593e-01
6 5.227780784222591e-01
7 5.227780784222593e-01
8 5.227780784222599e-01
9 5.227780784222593e-01
10 3.199196923087311e-01
11 3.199196923087320e-01
12 3.199196923087322e-01
13 3.199196923087319e-01
14 3.199196923087332e-01
15 3.199196923087312e-01
16 3.199196923087319e-01
17 3.199196923087314e-01
18 3.199196923087298e-01
19 3.199196923087322e-01
20 3.199196923087360e-01
21 3.199196923087279e-01


