## Parameters ##
# z = 3
# m = 4
# t = 1.000000000000000e+00
# mu = 1.000000000000000e-10
# opt = sc
#
#
#a = 0.000000
1 5.265986323710906e-01
2 5.265986323710908e-01
3 5.265986323710903e-01
4 4.299659828522114e-01
5 4.299659828522116e-01
6 4.299659828522116e-01
7 4.299659828522115e-01
8 4.299659828522120e-01
9 4.299659828522119e-01
10 6.277115529729930e-01
11 6.277115529729940e-01
12 6.277115529729935e-01
13 6.277115529729934e-01
14 6.277115529729935e-01
15 6.277115529729940e-01
16 6.277115529729932e-01
17 6.277115529729936e-01
18 6.277115529729934e-01
19 6.277115529729932e-01
20 6.277115529729932e-01
21 6.277115529729930e-01


#a = 1.000000
1 5.204410551611663e-01
2 5.204410551611663e-01
3 5.204410551611665e-01
4 5.142273908477013e-01
5 5.142273908477006e-01
6 5.142273908477014e-01
7 5.142273908477013e-01
8 5.142273908477012e-01
9 5.142273908477015e-01
10 5.741610148448025e-01
11 5.741610148448030e-01
12 5.741610148448016e-01
13 5.741610148448024e-01
14 5.741610148448012e-01
15 5.741610148448015e-01
16 5.741610148448015e-01
17 5.741610148448016e-01
18 5.741610148448020e-01
19 5.741610148448023e-01
20 5.741610148448018e-01
21 5.741610148448018e-01


#a = 2.000000
1 5.261042932884422e-01
2 5.261042932884425e-01
3 5.261042932884424e-01
4 5.476026692674173e-01
5 5.476026692674170e-01
6 5.476026692674171e-01
7 5.476026692674173e-01
8 5.476026692674165e-01
9 5.476026692674165e-01
10 5.303195749540863e-01
11 5.303195749540862e-01
12 5.303195749540860e-01
13 5.303195749540859e-01
14 5.303195749540861e-01
15 5.303195749540857e-01
16 5.303195749540855e-01
17 5.303195749540858e-01
18 5.303195749540850e-01
19 5.303195749540852e-01
20 5.303195749540851e-01
21 5.303195749540851e-01


#a = 3.000000
1 5.373764625664649e-01
2 5.373764625664649e-01
3 5.373764625664648e-01
4 5.508444412137010e-01
5 5.508444412137010e-01
6 5.508444412137012e-01
7 5.508444412137010e-01
8 5.508444412137016e-01
9 5.508444412137018e-01
10 5.029541792210380e-01
11 5.029541792210381e-01
12 5.029541792210386e-01
13 5.029541792210384e-01
14 5.029541792210379e-01
15 5.029541792210381e-01
16 5.029541792210385e-01
17 5.029541792210379e-01
18 5.029541792210382e-01
19 5.029541792210387e-01
20 5.029541792210381e-01
21 5.029541792210381e-01


#a = 4.000000
1 5.487224502548559e-01
2 5.487224502548559e-01
3 5.487224502548559e-01
4 5.425978075673347e-01
5 5.425978075673346e-01
6 5.425978075673346e-01
7 5.425978075673346e-01
8 5.425978075673354e-01
9 5.425978075673350e-01
10 4.878175398638492e-01
11 4.878175398638488e-01
12 4.878175398638492e-01
13 4.878175398638492e-01
14 4.878175398638496e-01
15 4.878175398638492e-01
16 4.878175398638497e-01
17 4.878175398638487e-01
18 4.878175398638493e-01
19 4.878175398638487e-01
20 4.878175398638496e-01
21 4.878175398638497e-01


