## Parameters ##
# z = 3
# m = 4
# t = 1.000000000000000e+00
# mu = 1.000000000000000e-10
# opt = sc
#
#
#a = 0.000000
1 5.000000000000003e-01
2 6.666666666666669e-01
3 6.666666666666671e-01
4 6.666666666666667e-01
5 4.999999999999999e-01
6 4.999999999999998e-01
7 5.000000000000000e-01
8 4.999999999999999e-01
9 4.999999999999998e-01
10 4.999999999999999e-01
11 7.916666666666669e-01
12 7.916666666666672e-01
13 7.916666666666675e-01
14 7.916666666666671e-01
15 7.916666666666672e-01
16 7.916666666666667e-01
17 7.916666666666665e-01
18 7.916666666666665e-01
19 7.916666666666667e-01
20 7.916666666666667e-01
21 7.916666666666666e-01
22 7.916666666666671e-01


#a = 1.000000
1 5.000000000096447e-01
2 5.784871519214289e-01
3 5.784871519214294e-01
4 5.784871519214290e-01
5 5.000000000099565e-01
6 5.000000000099560e-01
7 5.000000000099555e-01
8 5.000000000099557e-01
9 5.000000000099565e-01
10 5.000000000099559e-01
11 8.137115453471943e-01
12 8.137115453471939e-01
13 8.137115453471944e-01
14 8.137115453471944e-01
15 8.137115453471934e-01
16 8.137115453471938e-01
17 8.137115453471935e-01
18 8.137115453471940e-01
19 8.137115453471933e-01
20 8.137115453471929e-01
21 8.137115453471930e-01
22 8.137115453471946e-01


#a = 2.000000
1 5.000000000158108e-01
2 5.288778392536508e-01
3 5.288778392536514e-01
4 5.288778392536505e-01
5 5.000000000184931e-01
6 5.000000000184930e-01
7 5.000000000184931e-01
8 5.000000000184927e-01
9 5.000000000184920e-01
10 5.000000000184922e-01
11 8.261138735093575e-01
12 8.261138735093582e-01
13 8.261138735093572e-01
14 8.261138735093576e-01
15 8.261138735093573e-01
16 8.261138735093583e-01
17 8.261138735093583e-01
18 8.261138735093584e-01
19 8.261138735093571e-01
20 8.261138735093575e-01
21 8.261138735093574e-01
22 8.261138735093563e-01


#a = 3.000000
1 5.000000000191192e-01
2 5.094609603460307e-01
3 5.094609603460305e-01
4 5.094609603460307e-01
5 5.000000000300631e-01
6 5.000000000300633e-01
7 5.000000000300633e-01
8 5.000000000300633e-01
9 5.000000000300637e-01
10 5.000000000300637e-01
11 8.309680932302007e-01
12 8.309680932302007e-01
13 8.309680932302012e-01
14 8.309680932302008e-01
15 8.309680932302008e-01
16 8.309680932302006e-01
17 8.309680932302008e-01
18 8.309680932302013e-01
19 8.309680932302004e-01
20 8.309680932302008e-01
21 8.309680932302003e-01
22 8.309680932302004e-01


#a = 4.000000
1 5.000000000206550e-01
2 5.029721503335837e-01
3 5.029721503335834e-01
4 5.029721503335841e-01
5 5.000000000470731e-01
6 5.000000000470729e-01
7 5.000000000470730e-01
8 5.000000000470730e-01
9 5.000000000470732e-01
10 5.000000000470735e-01
11 8.325902957246796e-01
12 8.325902957246794e-01
13 8.325902957246806e-01
14 8.325902957246798e-01
15 8.325902957246798e-01
16 8.325902957246798e-01
17 8.325902957246794e-01
18 8.325902957246798e-01
19 8.325902957246799e-01
20 8.325902957246802e-01
21 8.325902957246789e-01
22 8.325902957246788e-01


