## Parameters ##
# z = 3
# m = 4
# t = 1.000000000000000e+00
# mu = 1.000000000000000e+00
# opt = sc
#
#
#a = 0.000000
1 8.000000000000000e-01
2 7.000000000000002e-01
3 7.000000000000000e-01
4 6.999999999999996e-01
5 5.333333333333330e-01
6 5.333333333333333e-01
7 5.333333333333331e-01
8 5.333333333333329e-01
9 5.333333333333332e-01
10 5.333333333333332e-01
11 8.249999999999997e-01
12 8.250000000000002e-01
13 8.249999999999998e-01
14 8.250000000000002e-01
15 8.250000000000003e-01
16 8.249999999999997e-01
17 8.249999999999997e-01
18 8.250000000000000e-01
19 8.250000000000000e-01
20 8.249999999999997e-01
21 8.250000000000001e-01
22 8.250000000000001e-01


#a = 1.000000
1 5.923691944772519e-01
2 6.598349390391441e-01
3 6.598349390391440e-01
4 6.598349390391443e-01
5 6.040634213216234e-01
6 6.040634213216236e-01
7 6.040634213216232e-01
8 6.040634213216233e-01
9 6.040634213216236e-01
10 6.040634213216237e-01
11 7.336454550396316e-01
12 7.336454550396313e-01
13 7.336454550396314e-01
14 7.336454550396309e-01
15 7.336454550396309e-01
16 7.336454550396307e-01
17 7.336454550396310e-01
18 7.336454550396305e-01
19 7.336454550396306e-01
20 7.336454550396316e-01
21 7.336454550396311e-01
22 7.336454550396310e-01


#a = 2.000000
1 6.371671800277541e-01
2 6.487016674457988e-01
3 6.487016674457982e-01
4 6.487016674457973e-01
5 6.609802695022311e-01
6 6.609802695022313e-01
7 6.609802695022314e-01
8 6.609802695022313e-01
9 6.609802695022309e-01
10 6.609802695022314e-01
11 7.042371833851219e-01
12 7.042371833851223e-01
13 7.042371833851223e-01
14 7.042371833851218e-01
15 7.042371833851218e-01
16 7.042371833851215e-01
17 7.042371833851216e-01
18 7.042371833851224e-01
19 7.042371833851218e-01
20 7.042371833851215e-01
21 7.042371833851224e-01
22 7.042371833851218e-01


#a = 3.000000
1 6.481278970127190e-01
2 6.429549514534550e-01
3 6.429549514534550e-01
4 6.429549514534542e-01
5 6.884300016769538e-01
6 6.884300016769540e-01
7 6.884300016769538e-01
8 6.884300016769538e-01
9 6.884300016769536e-01
10 6.884300016769538e-01
11 6.910356032137647e-01
12 6.910356032137693e-01
13 6.910356032137660e-01
14 6.910356032137661e-01
15 6.910356032137674e-01
16 6.910356032137663e-01
17 6.910356032137659e-01
18 6.910356032137673e-01
19 6.910356032137664e-01
20 6.910356032137661e-01
21 6.910356032137649e-01
22 6.910356032137681e-01


#a = 4.000000
1 6.435240861531520e-01
2 6.496930158778892e-01
3 6.496930158778885e-01
4 6.496930158778880e-01
5 7.020202809109408e-01
6 7.020202809109414e-01
7 7.020202809109419e-01
8 7.020202809109410e-01
9 7.020202809109416e-01
10 7.020202809109422e-01
11 6.829395983956297e-01
12 6.829395983956280e-01
13 6.829395983956257e-01
14 6.829395983956247e-01
15 6.829395983956231e-01
16 6.829395983956279e-01
17 6.829395983956270e-01
18 6.829395983956292e-01
19 6.829395983956325e-01
20 6.829395983956260e-01
21 6.829395983956161e-01
22 6.829395983956367e-01


