## Parameters ##
# z = 3
# m = 4
# t = 1.000000000000000e+00
# mu = 1.000000000000000e+00
# opt = sc
#
#
#a = 0.000000
1 -3.449489742783177e+00
2 -3.000000000000000e+00
3 -2.999999999999999e+00
4 -2.414213562373096e+00
5 -2.414213562373095e+00
6 -2.414213562373095e+00
7 -2.000000000000000e+00
8 -1.000000000000000e+00
9 -1.000000000000000e+00
10 -1.000000000000000e+00
11 -9.999999999999998e-01
12 -9.999999999999997e-01
13 -9.999999999999994e-01
14 -9.999999999999993e-01
15 -9.999999999999993e-01
16 -1.193596103300996e-15
17 4.142135623730935e-01
18 4.142135623730944e-01
19 4.142135623730946e-01
20 9.999999999999992e-01
21 1.000000000000000e+00
22 1.449489742783179e+00


#a = 1.000000
1 -2.936111960117398e+00
2 -1.975728260569228e+00
3 -1.975728260569226e+00
4 -1.068531669771362e+00
5 -1.068531669771362e+00
6 -1.068531669771362e+00
7 -1.053539895439922e+00
8 -3.947411450069739e-01
9 -3.947411450069724e-01
10 -2.225209339563151e-01
11 -2.225209339563144e-01
12 -2.225209339563144e-01
13 -2.225209339563142e-01
14 -2.225209339563140e-01
15 -2.225209339563134e-01
16 5.205941309563011e-02
17 2.225209339563144e-01
18 2.225209339563153e-01
19 2.225209339563156e-01
20 6.234898018587324e-01
21 6.234898018587332e-01
22 1.190612838744221e+00


#a = 2.000000
1 -2.715980415052374e+00
2 -1.509018768990663e+00
3 -1.509018768990661e+00
4 -6.204288519082389e-01
5 -5.347985643504592e-01
6 -5.347985643504585e-01
7 -5.347985643504580e-01
8 -1.332969669832630e-01
9 -1.332969669832621e-01
10 -4.951556604879097e-02
11 -4.951556604879088e-02
12 -4.951556604879070e-02
13 -4.951556604879055e-02
14 -4.951556604879049e-02
15 -4.951556604878980e-02
16 3.442315019406138e-02
17 9.654346527982481e-02
18 9.654346527982509e-02
19 9.654346527982618e-02
20 3.923157359739247e-01
21 3.923157359739251e-01
22 1.051986116766551e+00


#a = 3.000000
1 -2.569457834917297e+00
2 -1.209278451208823e+00
3 -1.209278451208822e+00
4 -3.939501581095600e-01
5 -2.901745707120804e-01
6 -2.901745707120802e-01
7 -2.901745707120802e-01
8 -4.011714067469650e-02
9 -4.011714067469627e-02
10 -1.101825000255266e-02
11 -1.101825000255260e-02
12 -1.101825000255246e-02
13 -1.101825000255241e-02
14 -1.101825000255238e-02
15 -1.101825000255231e-02
16 1.502474832564196e-02
17 3.678118629108242e-02
18 3.678118629108255e-02
19 3.678118629108290e-02
20 2.646453230466275e-01
21 2.646453230466276e-01
22 9.636329758643244e-01


#a = 4.000000
1 -2.458625287338572e+00
2 -9.919877474910026e-01
3 -9.919877474910023e-01
4 -2.573961461499927e-01
5 -1.664368042397607e-01
6 -1.664368042397605e-01
7 -1.664368042397601e-01
8 -1.108539611067655e-02
9 -1.108539611067602e-02
10 -2.451791281132546e-03
11 -2.451791281132261e-03
12 -2.451791281132141e-03
13 -2.451791281132076e-03
14 -2.451791281132015e-03
15 -2.451791281131972e-03
16 5.539104258324336e-03
17 1.286658842458803e-02
18 1.286658842458814e-02
19 1.286658842458841e-02
20 1.905731436016790e-01
21 1.905731436016791e-01
22 8.979823292302374e-01


