## Parameters ##
# z = 3
# m = 4
# t = 1.000000000000000e+00
# mu = 1.000000000000000e-10
# opt = sc
#
#
#a = 0.000000
1 -2.449489742883177e+00
2 -2.000000000100001e+00
3 -2.000000000099999e+00
4 -1.414213562473095e+00
5 -1.414213562473095e+00
6 -1.414213562473094e+00
7 -1.000000000100001e+00
8 -1.000008278746036e-10
9 -1.000002699894390e-10
10 -1.000000845192949e-10
11 -1.000000148330073e-10
12 -9.999994286814404e-11
13 -9.999992335379349e-11
14 -9.999979140083970e-11
15 -9.999943946931179e-11
16 9.999999999000000e-01
17 1.414213562273094e+00
18 1.414213562273094e+00
19 1.414213562273096e+00
20 1.999999999899999e+00
21 1.999999999900001e+00
22 2.449489742683176e+00


#a = 1.000000
1 -2.048055627876986e+00
2 -1.264528027475133e+00
3 -1.264528027475132e+00
4 -6.136042683955011e-01
5 -6.136042683955008e-01
6 -6.136042683955002e-01
7 -5.059175619423953e-01
8 -3.822655599564216e-11
9 -3.822603221404726e-11
10 -2.225322077943904e-11
11 -2.225261158128043e-11
12 -2.225211761887931e-11
13 -2.225194727855169e-11
14 -2.225148330791775e-11
15 -2.225135775706564e-11
16 5.059175618428782e-01
17 6.136042683108991e-01
18 6.136042683109001e-01
19 6.136042683109002e-01
20 1.264528027338660e+00
21 1.264528027338661e+00
22 2.048055627701804e+00


#a = 2.000000
1 -1.863627925219442e+00
2 -9.045212444909808e-01
3 -9.045212444909796e-01
4 -2.662329143134932e-01
5 -2.662329143134928e-01
6 -2.662329143134925e-01
7 -2.351842168407491e-01
8 -1.155512650379118e-11
9 -1.155466942774978e-11
10 -4.951764512082361e-12
11 -4.951538958784342e-12
12 -4.951377208837519e-12
13 -4.950991031673794e-12
14 -4.950801715629367e-12
15 -4.950793801696395e-12
16 2.351842167829332e-01
17 2.662329142696673e-01
18 2.662329142696678e-01
19 2.662329142696679e-01
20 9.045212443775338e-01
21 9.045212443775349e-01
22 1.863627925052256e+00


#a = 3.000000
1 -1.742085239888894e+00
2 -6.856569494561767e-01
3 -6.856569494561765e-01
4 -1.155141323416649e-01
5 -1.155141323416649e-01
6 -1.155141323416648e-01
7 -1.064250492628086e-01
8 -3.146382825478465e-12
9 -3.146341835093904e-12
10 -1.101856760503844e-12
11 -1.101827849683653e-12
12 -1.101823275248024e-12
13 -1.101808323319214e-12
14 -1.101794732251821e-12
15 -1.101781612733502e-12
16 1.064250492259242e-01
17 1.155141323163254e-01
18 1.155141323163255e-01
19 1.155141323163255e-01
20 6.856569493608482e-01
21 6.856569493608484e-01
22 1.742085239727302e+00


#a = 4.000000
1 -1.651658786064393e+00
2 -5.307774723586147e-01
3 -5.307774723586147e-01
4 -5.011970366350335e-02
5 -5.011970366350331e-02
6 -5.011970366350327e-02
7 -4.748307189610593e-02
8 -8.305291365236380e-13
9 -8.305016538413890e-13
10 -2.452614428279213e-13
11 -2.452103250567976e-13
12 -2.451973453058966e-13
13 -2.451801765582234e-13
14 -2.451679658340589e-13
15 -2.451598881026515e-13
16 4.748307187203916e-02
17 5.011970364814619e-02
18 5.011970364814630e-02
19 5.011970364814634e-02
20 5.307774722781946e-01
21 5.307774722781954e-01
22 1.651658785907210e+00


