# z=3, M=4
# Datalist: i, E_i(direct), E_i(via block)

# mu = 0.000000000000000e+00
1 -2.561552812808830e+00 -2.561552812808831e+00
2 -2.288245611270735e+00 -2.288245611270737e+00
3 -2.288245611270733e+00 -2.288245611270737e+00
4 -2.000000000000000e+00 -2.000000000000000e+00
5 -1.999999999999999e+00 -2.000000000000000e+00
6 -1.999999999999998e+00 -2.000000000000000e+00
7 -1.561552812808830e+00 -1.561552812808830e+00
8 -1.414213562373098e+00 -1.414213562373095e+00
9 -1.414213562373095e+00 -1.414213562373095e+00
10 -1.414213562373095e+00 -1.414213562373095e+00
11 -1.414213562373095e+00 -1.414213562373095e+00
12 -1.414213562373095e+00 -1.414213562373095e+00
13 -1.414213562373094e+00 -1.414213562373095e+00
14 -8.740320488976421e-01 -8.740320488976424e-01
15 -8.740320488976415e-01 -8.740320488976424e-01
16 -1.826197632000753e-15 -1.838806884535416e-16
17 -1.677066607221829e-15 -1.838806884535416e-16
18 -1.141960346296748e-15 -1.838806884535416e-16
19 -7.645061214687192e-16 -1.318031232782398e-16
20 -3.860690440305744e-16 0.000000000000000e+00
21 -3.482711845386725e-16 0.000000000000000e+00
22 -2.137727491370374e-16 0.000000000000000e+00
23 -1.330214497916003e-16 0.000000000000000e+00
24 -9.735537088124368e-17 0.000000000000000e+00
25 1.946719506180635e-16 0.000000000000000e+00
26 7.670117316927595e-16 0.000000000000000e+00
27 8.384927483818581e-16 0.000000000000000e+00
28 1.560404856203483e-15 0.000000000000000e+00
29 2.047582085037082e-15 0.000000000000000e+00
30 2.109487193897985e-15 0.000000000000000e+00
31 2.855496603137530e-15 0.000000000000000e+00
32 8.740320488976429e-01 8.740320488976421e-01
33 8.740320488976434e-01 8.740320488976421e-01
34 1.414213562373092e+00 1.414213562373095e+00
35 1.414213562373094e+00 1.414213562373095e+00
36 1.414213562373094e+00 1.414213562373095e+00
37 1.414213562373095e+00 1.414213562373095e+00
38 1.414213562373095e+00 1.414213562373095e+00
39 1.414213562373095e+00 1.414213562373095e+00
40 1.561552812808829e+00 1.561552812808830e+00
41 1.999999999999998e+00 2.000000000000001e+00
42 1.999999999999999e+00 2.000000000000001e+00
43 1.999999999999999e+00 2.000000000000001e+00
44 2.288245611270734e+00 2.288245611270737e+00
45 2.288245611270737e+00 2.288245611270737e+00
46 2.561552812808828e+00 2.561552812808830e+00


# mu = 5.000000000000000e-01
1 -3.061552812808830e+00 -3.061552812808831e+00
2 -2.788245611270739e+00 -2.788245611270737e+00
3 -2.788245611270737e+00 -2.788245611270737e+00
4 -2.500000000000002e+00 -2.500000000000000e+00
5 -2.500000000000002e+00 -2.500000000000000e+00
6 -2.499999999999998e+00 -2.500000000000000e+00
7 -2.061552812808831e+00 -2.061552812808830e+00
8 -1.914213562373096e+00 -1.914213562373095e+00
9 -1.914213562373096e+00 -1.914213562373095e+00
10 -1.914213562373095e+00 -1.914213562373095e+00
11 -1.914213562373095e+00 -1.914213562373095e+00
12 -1.914213562373095e+00 -1.914213562373095e+00
13 -1.914213562373094e+00 -1.914213562373095e+00
14 -1.374032048897643e+00 -1.374032048897642e+00
15 -1.374032048897642e+00 -1.374032048897642e+00
16 -5.000000000000008e-01 -5.000000000000002e-01
17 -5.000000000000004e-01 -5.000000000000002e-01
18 -5.000000000000003e-01 -5.000000000000002e-01
19 -5.000000000000001e-01 -5.000000000000002e-01
20 -5.000000000000001e-01 -5.000000000000000e-01
21 -5.000000000000000e-01 -5.000000000000000e-01
22 -4.999999999999999e-01 -5.000000000000000e-01
23 -4.999999999999999e-01 -5.000000000000000e-01
24 -4.999999999999998e-01 -5.000000000000000e-01
25 -4.999999999999998e-01 -5.000000000000000e-01
26 -4.999999999999997e-01 -5.000000000000000e-01
27 -4.999999999999996e-01 -5.000000000000000e-01
28 -4.999999999999995e-01 -5.000000000000000e-01
29 -4.999999999999993e-01 -5.000000000000000e-01
30 -4.999999999999993e-01 -5.000000000000000e-01
31 -4.999999999999992e-01 -5.000000000000000e-01
32 3.740320488976416e-01 3.740320488976421e-01
33 3.740320488976419e-01 3.740320488976421e-01
34 9.142135623730935e-01 9.142135623730951e-01
35 9.142135623730944e-01 9.142135623730951e-01
36 9.142135623730946e-01 9.142135623730951e-01
37 9.142135623730953e-01 9.142135623730951e-01
38 9.142135623730958e-01 9.142135623730951e-01
39 9.142135623730964e-01 9.142135623730951e-01
40 1.061552812808830e+00 1.061552812808830e+00
41 1.500000000000000e+00 1.500000000000001e+00
42 1.500000000000001e+00 1.500000000000001e+00
43 1.500000000000004e+00 1.500000000000001e+00
44 1.788245611270737e+00 1.788245611270737e+00
45 1.788245611270738e+00 1.788245611270737e+00
46 2.061552812808829e+00 2.061552812808831e+00


# mu = 1.000000000000000e+00
1 -3.561552812808831e+00 -3.561552812808830e+00
2 -3.288245611270738e+00 -3.288245611270737e+00
3 -3.288245611270733e+00 -3.288245611270737e+00
4 -3.000000000000002e+00 -3.000000000000000e+00
5 -2.999999999999999e+00 -3.000000000000000e+00
6 -2.999999999999998e+00 -3.000000000000000e+00
7 -2.561552812808829e+00 -2.561552812808830e+00
8 -2.414213562373097e+00 -2.414213562373095e+00
9 -2.414213562373096e+00 -2.414213562373095e+00
10 -2.414213562373095e+00 -2.414213562373095e+00
11 -2.414213562373095e+00 -2.414213562373095e+00
12 -2.414213562373095e+00 -2.414213562373095e+00
13 -2.414213562373093e+00 -2.414213562373095e+00
14 -1.874032048897641e+00 -1.874032048897642e+00
15 -1.874032048897640e+00 -1.874032048897642e+00
16 -1.000000000000001e+00 -1.000000000000000e+00
17 -1.000000000000001e+00 -1.000000000000000e+00
18 -1.000000000000001e+00 -1.000000000000000e+00
19 -1.000000000000000e+00 -1.000000000000000e+00
20 -1.000000000000000e+00 -1.000000000000000e+00
21 -1.000000000000000e+00 -1.000000000000000e+00
22 -1.000000000000000e+00 -1.000000000000000e+00
23 -9.999999999999997e-01 -1.000000000000000e+00
24 -9.999999999999997e-01 -1.000000000000000e+00
25 -9.999999999999996e-01 -1.000000000000000e+00
26 -9.999999999999992e-01 -1.000000000000000e+00
27 -9.999999999999991e-01 -1.000000000000000e+00
28 -9.999999999999991e-01 -1.000000000000000e+00
29 -9.999999999999990e-01 -1.000000000000000e+00
30 -9.999999999999984e-01 -1.000000000000000e+00
31 -9.999999999999984e-01 -1.000000000000000e+00
32 -1.259679511023596e-01 -1.259679511023580e-01
33 -1.259679511023577e-01 -1.259679511023580e-01
34 4.142135623730940e-01 4.142135623730952e-01
35 4.142135623730945e-01 4.142135623730952e-01
36 4.142135623730945e-01 4.142135623730952e-01
37 4.142135623730951e-01 4.142135623730952e-01
38 4.142135623730952e-01 4.142135623730952e-01
39 4.142135623730963e-01 4.142135623730952e-01
40 5.615528128088321e-01 5.615528128088298e-01
41 9.999999999999980e-01 1.000000000000001e+00
42 1.000000000000001e+00 1.000000000000001e+00
43 1.000000000000001e+00 1.000000000000001e+00
44 1.288245611270737e+00 1.288245611270737e+00
45 1.288245611270740e+00 1.288245611270737e+00
46 1.561552812808831e+00 1.561552812808831e+00


# mu = 1.500000000000000e+00
1 -4.061552812808832e+00 -4.061552812808831e+00
2 -3.788245611270738e+00 -3.788245611270738e+00
3 -3.788245611270737e+00 -3.788245611270738e+00
4 -3.500000000000000e+00 -3.500000000000000e+00
5 -3.500000000000000e+00 -3.500000000000000e+00
6 -3.499999999999996e+00 -3.500000000000000e+00
7 -3.061552812808831e+00 -3.061552812808830e+00
8 -2.914213562373098e+00 -2.914213562373095e+00
9 -2.914213562373095e+00 -2.914213562373095e+00
10 -2.914213562373095e+00 -2.914213562373095e+00
11 -2.914213562373095e+00 -2.914213562373095e+00
12 -2.914213562373094e+00 -2.914213562373095e+00
13 -2.914213562373093e+00 -2.914213562373095e+00
14 -2.374032048897646e+00 -2.374032048897642e+00
15 -2.374032048897642e+00 -2.374032048897642e+00
16 -1.500000000000002e+00 -1.500000000000000e+00
17 -1.500000000000002e+00 -1.500000000000000e+00
18 -1.500000000000001e+00 -1.500000000000000e+00
19 -1.500000000000001e+00 -1.500000000000000e+00
20 -1.500000000000001e+00 -1.500000000000000e+00
21 -1.500000000000000e+00 -1.500000000000000e+00
22 -1.500000000000000e+00 -1.500000000000000e+00
23 -1.500000000000000e+00 -1.500000000000000e+00
24 -1.500000000000000e+00 -1.500000000000000e+00
25 -1.500000000000000e+00 -1.500000000000000e+00
26 -1.500000000000000e+00 -1.500000000000000e+00
27 -1.500000000000000e+00 -1.500000000000000e+00
28 -1.499999999999999e+00 -1.500000000000000e+00
29 -1.499999999999999e+00 -1.500000000000000e+00
30 -1.499999999999999e+00 -1.500000000000000e+00
31 -1.499999999999998e+00 -1.500000000000000e+00
32 -6.259679511023588e-01 -6.259679511023578e-01
33 -6.259679511023585e-01 -6.259679511023578e-01
34 -8.578643762690544e-02 -8.578643762690485e-02
35 -8.578643762690492e-02 -8.578643762690485e-02
36 -8.578643762690463e-02 -8.578643762690485e-02
37 -8.578643762690454e-02 -8.578643762690485e-02
38 -8.578643762690427e-02 -8.578643762690485e-02
39 -8.578643762690392e-02 -8.578643762690485e-02
40 6.155281280882905e-02 6.155281280882974e-02
41 4.999999999999998e-01 5.000000000000007e-01
42 5.000000000000007e-01 5.000000000000007e-01
43 5.000000000000019e-01 5.000000000000007e-01
44 7.882456112707364e-01 7.882456112707377e-01
45 7.882456112707366e-01 7.882456112707377e-01
46 1.061552812808830e+00 1.061552812808830e+00


