# z=3, M=10
# Datalist: i, E_i(OBC, direct), E_i(OBC, via block), E_i(SSD, direct), E_i(SSD, via block)

 mu = 0.000000000000000e+00
1 -2.561552812808830e+00 -2.561552812808831e+00 -2.012738629671769e+00 -2.012738629671767e+00
2 -2.288245611270735e+00 -2.288245611270737e+00 -1.213627954315471e+00 -1.213627954315471e+00
3 -2.288245611270733e+00 -2.288245611270737e+00 -1.213627954315470e+00 -1.213627954315471e+00
4 -2.000000000000000e+00 -2.000000000000000e+00 -6.072859857055387e-01 -6.072859857055380e-01
5 -1.999999999999999e+00 -2.000000000000000e+00 -6.072859857055382e-01 -6.072859857055380e-01
6 -1.999999999999998e+00 -2.000000000000000e+00 -6.072859857055367e-01 -6.072859857055380e-01
7 -1.561552812808830e+00 -1.561552812808830e+00 -5.142811239097176e-01 -5.142811239097181e-01
8 -1.414213562373098e+00 -1.414213562373095e+00 -1.654315607668461e-01 -1.654315607668456e-01
9 -1.414213562373095e+00 -1.414213562373095e+00 -1.654315607668458e-01 -1.654315607668456e-01
10 -1.414213562373095e+00 -1.414213562373095e+00 -1.654315607668457e-01 -1.654315607668456e-01
11 -1.414213562373095e+00 -1.414213562373095e+00 -1.654315607668456e-01 -1.654315607668456e-01
12 -1.414213562373095e+00 -1.414213562373095e+00 -1.654315607668456e-01 -1.654315607668456e-01
13 -1.414213562373094e+00 -1.414213562373095e+00 -1.654315607668456e-01 -1.654315607668456e-01
14 -8.740320488976421e-01 -8.740320488976424e-01 -1.445802785250908e-01 -1.445802785250901e-01
15 -8.740320488976415e-01 -8.740320488976424e-01 -1.445802785250903e-01 -1.445802785250901e-01
16 -1.826197632000753e-15 -1.838806884535416e-16 -9.766391151849415e-16 -6.923437232846171e-17
17 -1.677066607221829e-15 -1.838806884535416e-16 -4.482930276359469e-16 0.000000000000000e+00
18 -1.141960346296748e-15 -1.838806884535416e-16 -4.128086585712174e-16 0.000000000000000e+00
19 -7.645061214687192e-16 -1.318031232782398e-16 -3.629384018143979e-16 0.000000000000000e+00
20 -3.860690440305744e-16 0.000000000000000e+00 -1.931045147816499e-16 0.000000000000000e+00
21 -3.482711845386725e-16 0.000000000000000e+00 -1.230805622541464e-16 0.000000000000000e+00
22 -2.137727491370374e-16 0.000000000000000e+00 -5.125168268429076e-17 0.000000000000000e+00
23 -1.330214497916003e-16 0.000000000000000e+00 -1.288933346031007e-17 0.000000000000000e+00
24 -9.735537088124368e-17 0.000000000000000e+00 4.934873022634459e-17 0.000000000000000e+00
25 1.946719506180635e-16 0.000000000000000e+00 9.748434014505551e-17 0.000000000000000e+00
26 7.670117316927595e-16 0.000000000000000e+00 1.602950021246496e-16 0.000000000000000e+00
27 8.384927483818581e-16 0.000000000000000e+00 2.466005049617516e-16 0.000000000000000e+00
28 1.560404856203483e-15 0.000000000000000e+00 3.076540030600403e-16 0.000000000000000e+00
29 2.047582085037082e-15 0.000000000000000e+00 5.110530181624865e-16 1.110223024625157e-16
30 2.109487193897985e-15 0.000000000000000e+00 6.256971540787443e-16 1.110223024625157e-16
31 2.855496603137530e-15 0.000000000000000e+00 6.653373878573454e-16 1.110223024625157e-16
32 8.740320488976429e-01 8.740320488976421e-01 1.445802785250903e-01 1.445802785250905e-01
33 8.740320488976434e-01 8.740320488976421e-01 1.445802785250906e-01 1.445802785250905e-01
34 1.414213562373092e+00 1.414213562373095e+00 1.654315607668450e-01 1.654315607668456e-01
35 1.414213562373094e+00 1.414213562373095e+00 1.654315607668456e-01 1.654315607668456e-01
36 1.414213562373094e+00 1.414213562373095e+00 1.654315607668456e-01 1.654315607668456e-01
37 1.414213562373095e+00 1.414213562373095e+00 1.654315607668458e-01 1.654315607668456e-01
38 1.414213562373095e+00 1.414213562373095e+00 1.654315607668458e-01 1.654315607668456e-01
39 1.414213562373095e+00 1.414213562373095e+00 1.654315607668462e-01 1.654315607668456e-01
40 1.561552812808829e+00 1.561552812808830e+00 5.142811239097184e-01 5.142811239097180e-01
41 1.999999999999998e+00 2.000000000000001e+00 6.072859857055377e-01 6.072859857055382e-01
42 1.999999999999999e+00 2.000000000000001e+00 6.072859857055379e-01 6.072859857055382e-01
43 1.999999999999999e+00 2.000000000000001e+00 6.072859857055388e-01 6.072859857055382e-01
44 2.288245611270734e+00 2.288245611270737e+00 1.213627954315471e+00 1.213627954315470e+00
45 2.288245611270737e+00 2.288245611270737e+00 1.213627954315472e+00 1.213627954315470e+00
46 2.561552812808828e+00 2.561552812808830e+00 2.012738629671765e+00 2.012738629671769e+00


# mu = 5.000000000000000e-01
1 -3.061552812808830e+00 -3.061552812808831e+00 -2.449295965581140e+00 -2.449295965581141e+00
2 -2.788245611270739e+00 -2.788245611270737e+00 -1.550450892099589e+00 -1.550450892099587e+00
3 -2.788245611270737e+00 -2.788245611270737e+00 -1.550450892099587e+00 -1.550450892099587e+00
4 -2.500000000000002e+00 -2.500000000000000e+00 -8.144812655493875e-01 -8.144812655493870e-01
5 -2.500000000000002e+00 -2.500000000000000e+00 -8.144812655493870e-01 -8.144812655493870e-01
6 -2.499999999999998e+00 -2.500000000000000e+00 -8.144812655493866e-01 -8.144812655493870e-01
7 -2.061552812808831e+00 -2.061552812808830e+00 -7.589010771001088e-01 -7.589010771001093e-01
8 -1.914213562373096e+00 -1.914213562373095e+00 -2.784835232721293e-01 -2.784835232721283e-01
9 -1.914213562373096e+00 -1.914213562373095e+00 -2.784835232721282e-01 -2.784835232721283e-01
10 -1.914213562373095e+00 -1.914213562373095e+00 -2.443610437388725e-01 -2.443610437388723e-01
11 -1.914213562373095e+00 -1.914213562373095e+00 -2.443610437388724e-01 -2.443610437388723e-01
12 -1.914213562373095e+00 -1.914213562373095e+00 -2.443610437388724e-01 -2.443610437388723e-01
13 -1.914213562373094e+00 -1.914213562373095e+00 -2.443610437388723e-01 -2.443610437388723e-01
14 -1.374032048897643e+00 -1.374032048897642e+00 -2.443610437388722e-01 -2.443610437388723e-01
15 -1.374032048897642e+00 -1.374032048897642e+00 -2.443610437388722e-01 -2.443610437388723e-01
16 -5.000000000000008e-01 -5.000000000000002e-01 -5.300923249151680e-02 -5.300923249151681e-02
17 -5.000000000000004e-01 -5.000000000000002e-01 -3.707594170346065e-02 -3.707594170346060e-02
18 -5.000000000000003e-01 -5.000000000000002e-01 -3.707594170346058e-02 -3.707594170346060e-02
19 -5.000000000000001e-01 -5.000000000000002e-01 -3.707594170346017e-02 -3.707594170346060e-02
20 -5.000000000000001e-01 -5.000000000000000e-01 -1.507684480352324e-02 -1.507684480352290e-02
21 -5.000000000000000e-01 -5.000000000000000e-01 -1.507684480352313e-02 -1.507684480352290e-02
22 -4.999999999999999e-01 -5.000000000000000e-01 -1.507684480352304e-02 -1.507684480352290e-02
23 -4.999999999999999e-01 -5.000000000000000e-01 -1.507684480352301e-02 -1.507684480352290e-02
24 -4.999999999999998e-01 -5.000000000000000e-01 -1.507684480352293e-02 -1.507684480352290e-02
25 -4.999999999999998e-01 -5.000000000000000e-01 -1.507684480352293e-02 -1.507684480352290e-02
26 -4.999999999999997e-01 -5.000000000000000e-01 -1.507684480352290e-02 -1.507684480352290e-02
27 -4.999999999999996e-01 -5.000000000000000e-01 -1.507684480352290e-02 -1.507684480352290e-02
28 -4.999999999999995e-01 -5.000000000000000e-01 -1.507684480352287e-02 -1.507684480352290e-02
29 -4.999999999999993e-01 -5.000000000000000e-01 -1.507684480352284e-02 -1.507684480352290e-02
30 -4.999999999999993e-01 -5.000000000000000e-01 -1.507684480352282e-02 -1.507684480352290e-02
31 -4.999999999999992e-01 -5.000000000000000e-01 -1.507684480352261e-02 -1.507684480352290e-02
32 3.740320488976416e-01 3.740320488976421e-01 5.982151316957632e-02 5.982151316957660e-02
33 3.740320488976419e-01 3.740320488976421e-01 5.982151316957687e-02 5.982151316957660e-02
34 9.142135623730935e-01 9.142135623730951e-01 1.042841989353491e-01 1.042841989353494e-01
35 9.142135623730944e-01 9.142135623730951e-01 1.042841989353493e-01 1.042841989353494e-01
36 9.142135623730946e-01 9.142135623730951e-01 1.042841989353494e-01 1.042841989353494e-01
37 9.142135623730953e-01 9.142135623730951e-01 1.042841989353494e-01 1.042841989353494e-01
38 9.142135623730958e-01 9.142135623730951e-01 1.042841989353495e-01 1.042841989353494e-01
39 9.142135623730964e-01 9.142135623730951e-01 1.042841989353496e-01 1.042841989353494e-01
40 1.061552812808830e+00 1.061552812808830e+00 3.022442901207404e-01 3.022442901207407e-01
41 1.500000000000000e+00 1.500000000000001e+00 4.180683180325918e-01 4.180683180325922e-01
42 1.500000000000001e+00 1.500000000000001e+00 4.180683180325921e-01 4.180683180325922e-01
43 1.500000000000004e+00 1.500000000000001e+00 4.180683180325929e-01 4.180683180325922e-01
44 1.788245611270737e+00 1.788245611270737e+00 8.941129022021381e-01 8.941129022021391e-01
45 1.788245611270738e+00 1.788245611270737e+00 8.941129022021387e-01 8.941129022021391e-01
46 2.061552812808829e+00 2.061552812808831e+00 1.583961985052028e+00 1.583961985052027e+00


# mu = 1.000000000000000e+00
1 -3.561552812808831e+00 -3.561552812808830e+00 -2.891799387764785e+00 -2.891799387764781e+00
2 -3.288245611270738e+00 -3.288245611270737e+00 -1.900822118063214e+00 -1.900822118063212e+00
3 -3.288245611270733e+00 -3.288245611270737e+00 -1.900822118063212e+00 -1.900822118063212e+00
4 -3.000000000000002e+00 -3.000000000000000e+00 -1.036489767929333e+00 -1.036489767929333e+00
5 -2.999999999999999e+00 -3.000000000000000e+00 -1.036489767929332e+00 -1.036489767929333e+00
6 -2.999999999999998e+00 -3.000000000000000e+00 -1.036489767929331e+00 -1.036489767929333e+00
7 -2.561552812808829e+00 -2.561552812808830e+00 -1.029254165926760e+00 -1.029254165926760e+00
8 -2.414213562373097e+00 -2.414213562373095e+00 -4.525255378275070e-01 -4.525255378275065e-01
9 -2.414213562373096e+00 -2.414213562373095e+00 -4.525255378275067e-01 -4.525255378275065e-01
10 -2.414213562373095e+00 -2.414213562373095e+00 -3.386988510014861e-01 -3.386988510014850e-01
11 -2.414213562373095e+00 -2.414213562373095e+00 -3.386988510014851e-01 -3.386988510014850e-01
12 -2.414213562373095e+00 -2.414213562373095e+00 -3.386988510014849e-01 -3.386988510014850e-01
13 -2.414213562373093e+00 -2.414213562373095e+00 -3.386988510014848e-01 -3.386988510014850e-01
14 -1.874032048897641e+00 -1.874032048897642e+00 -3.386988510014847e-01 -3.386988510014850e-01
15 -1.874032048897640e+00 -1.874032048897642e+00 -3.386988510014839e-01 -3.386988510014850e-01
16 -1.000000000000001e+00 -1.000000000000000e+00 -1.341513060812975e-01 -1.341513060812977e-01
17 -1.000000000000001e+00 -1.000000000000000e+00 -8.359794311925717e-02 -8.359794311925688e-02
18 -1.000000000000001e+00 -1.000000000000000e+00 -8.359794311925700e-02 -8.359794311925688e-02
19 -1.000000000000000e+00 -1.000000000000000e+00 -8.359794311925622e-02 -8.359794311925688e-02
20 -1.000000000000000e+00 -1.000000000000000e+00 -3.015368960704621e-02 -3.015368960704580e-02
21 -1.000000000000000e+00 -1.000000000000000e+00 -3.015368960704602e-02 -3.015368960704580e-02
22 -1.000000000000000e+00 -1.000000000000000e+00 -3.015368960704585e-02 -3.015368960704580e-02
23 -9.999999999999997e-01 -1.000000000000000e+00 -3.015368960704580e-02 -3.015368960704580e-02
24 -9.999999999999997e-01 -1.000000000000000e+00 -3.015368960704565e-02 -3.015368960704580e-02
25 -9.999999999999996e-01 -1.000000000000000e+00 -3.015368960704563e-02 -3.015368960704580e-02
26 -9.999999999999992e-01 -1.000000000000000e+00 -3.015368960704544e-02 -3.015368960704580e-02
27 -9.999999999999991e-01 -1.000000000000000e+00 -3.015368960704532e-02 -3.015368960704580e-02
28 -9.999999999999991e-01 -1.000000000000000e+00 -3.015368960704523e-02 -3.015368960704580e-02
29 -9.999999999999990e-01 -1.000000000000000e+00 -3.015368960704513e-02 -3.015368960704580e-02
30 -9.999999999999984e-01 -1.000000000000000e+00 -3.015368960704503e-02 -3.015368960704580e-02
31 -9.999999999999984e-01 -1.000000000000000e+00 -3.015368960704487e-02 -3.015368960704580e-02
32 -1.259679511023596e-01 -1.259679511023580e-01 5.722604743047820e-03 5.722604743048216e-03
33 -1.259679511023577e-01 -1.259679511023580e-01 5.722604743047915e-03 5.722604743048216e-03
34 4.142135623730940e-01 4.142135623730952e-01 5.854516139443802e-02 5.854516139443933e-02
35 4.142135623730945e-01 4.142135623730952e-01 5.854516139443844e-02 5.854516139443933e-02
36 4.142135623730945e-01 4.142135623730952e-01 5.854516139443901e-02 5.854516139443933e-02
37 4.142135623730951e-01 4.142135623730952e-01 5.854516139443939e-02 5.854516139443933e-02
38 4.142135623730952e-01 4.142135623730952e-01 5.854516139443947e-02 5.854516139443933e-02
39 4.142135623730963e-01 4.142135623730952e-01 5.854516139443973e-02 5.854516139443933e-02
40 5.615528128088321e-01 5.615528128088298e-01 1.392509623222053e-01 1.392509623222052e-01
41 9.999999999999980e-01 1.000000000000001e+00 2.531099326080784e-01 2.531099326080787e-01
42 1.000000000000001e+00 1.000000000000001e+00 2.531099326080786e-01 2.531099326080787e-01
43 1.000000000000001e+00 1.000000000000001e+00 2.531099326080800e-01 2.531099326080787e-01
44 1.288245611270737e+00 1.288245611270737e+00 5.976250511476721e-01 5.976250511476711e-01
45 1.288245611270740e+00 1.288245611270737e+00 5.976250511476721e-01 5.976250511476711e-01
46 1.561552812808831e+00 1.561552812808831e+00 1.165953897450632e+00 1.165953897450633e+00


# mu = 1.500000000000000e+00
1 -4.061552812808832e+00 -4.061552812808831e+00 -3.339029331763074e+00 -3.339029331763072e+00
2 -3.788245611270738e+00 -3.788245611270738e+00 -2.262171467126753e+00 -2.262171467126751e+00
3 -3.788245611270737e+00 -3.788245611270738e+00 -2.262171467126751e+00 -2.262171467126751e+00
4 -3.500000000000000e+00 -3.500000000000000e+00 -1.320949421986836e+00 -1.320949421986836e+00
5 -3.500000000000000e+00 -3.500000000000000e+00 -1.271022632067613e+00 -1.271022632067613e+00
6 -3.499999999999996e+00 -3.500000000000000e+00 -1.271022632067612e+00 -1.271022632067613e+00
7 -3.061552812808831e+00 -3.061552812808830e+00 -1.271022632067611e+00 -1.271022632067613e+00
8 -2.914213562373098e+00 -2.914213562373095e+00 -6.547161448275235e-01 -6.547161448275230e-01
9 -2.914213562373095e+00 -2.914213562373095e+00 -6.547161448275232e-01 -6.547161448275230e-01
10 -2.914213562373095e+00 -2.914213562373095e+00 -4.436844783752061e-01 -4.436844783752056e-01
11 -2.914213562373095e+00 -2.914213562373095e+00 -4.436844783752057e-01 -4.436844783752056e-01
12 -2.914213562373094e+00 -2.914213562373095e+00 -4.436844783752053e-01 -4.436844783752056e-01
13 -2.914213562373093e+00 -2.914213562373095e+00 -4.436844783752050e-01 -4.436844783752056e-01
14 -2.374032048897646e+00 -2.374032048897642e+00 -4.436844783752050e-01 -4.436844783752056e-01
15 -2.374032048897642e+00 -2.374032048897642e+00 -4.436844783752049e-01 -4.436844783752056e-01
16 -1.500000000000002e+00 -1.500000000000000e+00 -2.709029512342614e-01 -2.709029512342619e-01
17 -1.500000000000002e+00 -1.500000000000000e+00 -1.546273099533267e-01 -1.546273099533267e-01
18 -1.500000000000001e+00 -1.500000000000000e+00 -1.546273099533264e-01 -1.546273099533267e-01
19 -1.500000000000001e+00 -1.500000000000000e+00 -1.546273099533261e-01 -1.546273099533267e-01
20 -1.500000000000001e+00 -1.500000000000000e+00 -4.523053441057062e-02 -4.523053441056871e-02
21 -1.500000000000000e+00 -1.500000000000000e+00 -4.523053441057012e-02 -4.523053441056871e-02
22 -1.500000000000000e+00 -1.500000000000000e+00 -4.523053441056950e-02 -4.523053441056871e-02
23 -1.500000000000000e+00 -1.500000000000000e+00 -4.523053441056932e-02 -4.523053441056871e-02
24 -1.500000000000000e+00 -1.500000000000000e+00 -4.523053441056928e-02 -4.523053441056871e-02
25 -1.500000000000000e+00 -1.500000000000000e+00 -4.523053441056921e-02 -4.523053441056871e-02
26 -1.500000000000000e+00 -1.500000000000000e+00 -4.523053441056910e-02 -4.523053441056871e-02
27 -1.500000000000000e+00 -1.500000000000000e+00 -4.523053441056854e-02 -4.523053441056871e-02
28 -1.499999999999999e+00 -1.500000000000000e+00 -4.523053441056827e-02 -4.523053441056871e-02
29 -1.499999999999999e+00 -1.500000000000000e+00 -4.523053441056805e-02 -4.523053441056871e-02
30 -1.499999999999999e+00 -1.500000000000000e+00 -4.523053441056771e-02 -4.523053441056871e-02
31 -1.499999999999998e+00 -1.500000000000000e+00 -4.523053441056744e-02 -4.523053441056871e-02
32 -6.259679511023588e-01 -6.259679511023578e-01 -4.219892027382759e-02 -4.219892027382794e-02
33 -6.259679511023585e-01 -6.259679511023578e-01 -4.219892027382730e-02 -4.219892027382794e-02
34 -8.578643762690544e-02 -8.578643762690485e-02 2.345394396463685e-02 2.345394396463703e-02
35 -8.578643762690492e-02 -8.578643762690485e-02 2.345394396463693e-02 2.345394396463703e-02
36 -8.578643762690463e-02 -8.578643762690485e-02 2.345394396463709e-02 2.345394396463703e-02
37 -8.578643762690454e-02 -8.578643762690485e-02 2.345394396463719e-02 2.345394396463703e-02
38 -8.578643762690427e-02 -8.578643762690485e-02 2.345394396463754e-02 2.345394396463703e-02
39 -8.578643762690392e-02 -8.578643762690485e-02 2.345394396463787e-02 2.345394396463703e-02
40 6.155281280882905e-02 6.155281280882974e-02 4.173218181638287e-02 4.173218181638264e-02
41 4.999999999999998e-01 5.000000000000007e-01 1.251832743601725e-01 1.251832743601734e-01
42 5.000000000000007e-01 5.000000000000007e-01 1.251832743601732e-01 1.251832743601734e-01
43 5.000000000000019e-01 5.000000000000007e-01 1.251832743601737e-01 1.251832743601734e-01
44 7.882456112707364e-01 7.882456112707377e-01 3.340865322281039e-01 3.340865322281035e-01
45 7.882456112707366e-01 7.882456112707377e-01 3.340865322281046e-01 3.340865322281035e-01
46 1.061552812808830e+00 1.061552812808830e+00 7.641495231677874e-01 7.641495231677875e-01


