# mu2 n0_GS n_exact n_diff
-1.99900 0.000059766289518 0.000007134897543 0.000052631391975
-1.95942 0.000793731090462 0.001835522121356 0.001041791030894
-1.91983 0.004431678472906 0.005070761716828 0.000639083243921
-1.88025 0.009248016259171 0.009211852284192 0.000036163974979
-1.84066 0.014555509606858 0.014068619388476 0.000486890218382
-1.80108 0.019693004288065 0.019528211862181 0.000164792425884
-1.76150 0.025123808351253 0.025512827834654 0.000389019483400
-1.72191 0.031698298874243 0.031964256522778 0.000265957648535
-1.68233 0.039187732854300 0.038836613310960 0.000351119543341
-1.64274 0.046803397460963 0.046092393344808 0.000711004116155
-1.60316 0.054693152630033 0.053700110620697 0.000993042009336
-1.56357 0.062778030777605 0.061632783853035 0.001145246924569
-1.52399 0.071380853295777 0.069866912788823 0.001513940506955
-1.48441 0.079598367593832 0.078381756759946 0.001216610833886
-1.44482 0.087914054411637 0.087158808866351 0.000755245545287
-1.40524 0.096532847768285 0.096181401946564 0.000351445821720
-1.36565 0.105854403123128 0.105434406320714 0.000419996802413
-1.32607 0.115926350126722 0.114903993255264 0.001022356871458
-1.28649 0.126054528110584 0.124577446634692 0.001477081475892
-1.24690 0.136049281404676 0.134443010734119 0.001606270670556
-1.20732 0.146105084141749 0.144489765521422 0.001615318620327
-1.16773 0.156301048576914 0.154707523290800 0.001593525286113
-1.12815 0.166595625575349 0.165086742061089 0.001508883514260
-1.08856 0.177570215824654 0.175618452317792 0.001951763506862
-1.04898 0.187938539188924 0.186294194497163 0.001644344691761
-1.00940 0.198334300565633 0.197105965207027 0.001228335358607
-0.96981 0.208822738987577 0.208046170619380 0.000776568368197
-0.93023 0.219560081738059 0.219107585799778 0.000452495938281
-0.89064 0.230788951213964 0.230283318988760 0.000505632225203
-0.85106 0.242579787119339 0.241566780042557 0.001013007076781
-0.81148 0.254498593684894 0.252951652389198 0.001546941295696
-0.77189 0.266164586942664 0.264431867972826 0.001732718969838
-0.73231 0.277642848848550 0.276001584751033 0.001641264097517
-0.69272 0.289100144291552 0.287655166383478 0.001444977908073
-0.65314 0.300622200288630 0.299387163808974 0.001235036479655
-0.61355 0.312214130232838 0.311192298455802 0.001021831777036
-0.57397 0.324608437700679 0.323065446868781 0.001542990831897
-0.53439 0.336248342571199 0.335001626568340 0.001246716002859
-0.49480 0.347883345617007 0.346995982982858 0.000887362634149
-0.45522 0.359519266429327 0.359043777317199 0.000475489112127
-0.41563 0.371215814511373 0.371140375238117 0.000075439273256
-0.37605 0.383102073074487 0.383281236272272 0.000179163197785
-0.33647 0.395360284817365 0.395461903824817 0.000101619007452
-0.29688 0.408045433611485 0.407677995737142 0.000367437874343
-0.25730 0.420828281933188 0.419925195310808 0.000903086622380
-0.21771 0.433316802450657 0.432199242732201 0.001117559718456
-0.17813 0.445488797999493 0.444495926838254 0.000992871161239
-0.13854 0.457504776621091 0.456811077168757 0.000693699452333
-0.09896 0.469492966289546 0.469140556254759 0.000352410034787
-0.05938 0.481511496581552 0.481480252095926 0.000031244485626
-0.01979 0.493562425007551 0.493826070782280 0.000263645774729
0.01979 0.506437574992448 0.506173929217721 0.000263645774727
0.05938 0.518488503418449 0.518519747904075 0.000031244485627
0.09896 0.530507033710453 0.530859443745242 0.000352410034788
0.13854 0.542495223378910 0.543188922831244 0.000693699452334
0.17813 0.554511202000506 0.555504073161747 0.000992871161241
0.21771 0.566683197549343 0.567800757267798 0.001117559718455
0.25730 0.579171718066812 0.580074804689191 0.000903086622379
0.29688 0.591954566388514 0.592322004262857 0.000367437874343
0.33647 0.604639715182635 0.604538096175182 0.000101619007453
0.37605 0.616897926925513 0.616718763727731 0.000179163197782
0.41563 0.628784185488628 0.628859624761884 0.000075439273256
0.45522 0.640480733570675 0.640956222682802 0.000475489112127
0.49480 0.652116654382994 0.653004017017141 0.000887362634147
0.53439 0.663751657428800 0.664998373431658 0.001246716002858
0.57397 0.675391562299322 0.676934553131220 0.001542990831898
0.61355 0.687785869767162 0.688807701544198 0.001021831777036
0.65314 0.699377799711371 0.700612836191026 0.001235036479655
0.69272 0.710899855708448 0.712344833616522 0.001444977908073
0.73231 0.722357151151451 0.723998415248965 0.001641264097514
0.77189 0.733835413057336 0.735568132027175 0.001732718969838
0.81148 0.745501406315106 0.747048347610804 0.001546941295698
0.85106 0.757420212880661 0.758433219957446 0.001013007076785
0.89064 0.769211048786036 0.769716681011242 0.000505632225205
0.93023 0.780439918261940 0.780892414200224 0.000452495938284
0.96981 0.791177261012423 0.791953829380622 0.000776568368200
1.00940 0.801665699434367 0.802894034792974 0.001228335358608
1.04898 0.812061460811077 0.813705805502839 0.001644344691762
1.08856 0.822429784175346 0.824381547682212 0.001951763506866
1.12815 0.833404374424651 0.834913257938910 0.001508883514259
1.16773 0.843698951423087 0.845292476709199 0.001593525286112
1.20732 0.853894915858250 0.855510234478578 0.001615318620327
1.24690 0.863950718595323 0.865556989265885 0.001606270670562
1.28649 0.873945471889416 0.875422553365309 0.001477081475893
1.32607 0.884073649873277 0.885096006744739 0.001022356871462
1.36565 0.894145596876872 0.894565593679287 0.000419996802415
1.40524 0.903467152231715 0.903818598053439 0.000351445821724
1.44482 0.912085945588364 0.912841191133649 0.000755245545286
1.48441 0.920401632406168 0.921618243240055 0.001216610833887
1.52399 0.928619146704223 0.930133087211178 0.001513940506955
1.56357 0.937221969222396 0.938367216146962 0.001145246924566
1.60316 0.945306847369967 0.946299889379304 0.000993042009337
1.64274 0.953196602539038 0.953907606655191 0.000711004116153
1.68233 0.960812267145701 0.961163386689043 0.000351119543342
1.72191 0.968301701125756 0.968035743477225 0.000265957648531
1.76150 0.974876191648748 0.974487172165349 0.000389019483399
1.80108 0.980306995711935 0.980471788137819 0.000164792425885
1.84066 0.985444490393141 0.985931380611522 0.000486890218382
1.88025 0.990751983740829 0.990788147715809 0.000036163974980
1.91983 0.995568321527094 0.994929238283172 0.000639083243922
1.95942 0.999206268909538 0.998164477878642 0.001041791030896
1.99900 0.999940233710482 0.999992865102456 0.000052631391974
