# mu2 n0_GS n_exact n_diff
-1.99900 0.000001256377001 0.000007134897543 0.000005878520542
-1.95942 0.001805136954792 0.001835522121356 0.000030385166564
-1.91983 0.005047789948647 0.005070761716828 0.000022971768181
-1.88025 0.009196804238633 0.009211852284192 0.000015048045560
-1.84066 0.014062090055422 0.014068619388476 0.000006529333054
-1.80108 0.019529882011884 0.019528211862181 0.000001670149703
-1.76150 0.025523078114379 0.025512827834654 0.000010250279726
-1.72191 0.031983400824445 0.031964256522778 0.000019144301667
-1.68233 0.038862852944969 0.038836613310960 0.000026239634009
-1.64274 0.046126275980747 0.046092393344808 0.000033882635939
-1.60316 0.053740178596373 0.053700110620697 0.000040067975676
-1.56357 0.061678951581586 0.061632783853035 0.000046167728551
-1.52399 0.069918333386735 0.069866912788823 0.000051420597912
-1.48441 0.078438131003548 0.078381756759946 0.000056374243602
-1.44482 0.087219309838072 0.087158808866351 0.000060500971721
-1.40524 0.096245519462523 0.096181401946564 0.000064117515958
-1.36565 0.105501634387923 0.105434406320714 0.000067228067209
-1.32607 0.114974025594776 0.114903993255264 0.000070032339512
-1.28649 0.124649337923095 0.124577446634692 0.000071891288403
-1.24690 0.134517526723394 0.134443010734119 0.000074515989274
-1.20732 0.144565859757057 0.144489765521422 0.000076094235635
-1.16773 0.154784600078587 0.154707523290800 0.000077076787787
-1.12815 0.165163992439469 0.165086742061089 0.000077250378380
-1.08856 0.175695820456597 0.175618452317792 0.000077368138805
-1.04898 0.186372308299610 0.186294194497163 0.000078113802447
-1.00940 0.197183448180579 0.197105965207027 0.000077482973552
-0.96981 0.208122520640049 0.208046170619380 0.000076350020669
-0.93023 0.219183426504458 0.219107585799778 0.000075840704680
-0.89064 0.230358307898280 0.230283318988760 0.000074988909519
-0.85106 0.241639691424229 0.241566780042557 0.000072911381672
-0.81148 0.253022683635387 0.252951652389198 0.000071031246189
-0.77189 0.264501416633450 0.264431867972826 0.000069548660624
-0.73231 0.276068629365188 0.276001584751033 0.000067044614155
-0.69272 0.287719321832161 0.287655166383478 0.000064155448683
-0.65314 0.299449293404068 0.299387163808974 0.000062129595094
-0.61355 0.311251426830408 0.311192298455802 0.000059128374606
-0.57397 0.323121028691473 0.323065446868781 0.000055581822691
-0.53439 0.335054790833235 0.335001626568340 0.000053164264894
-0.49480 0.347045520655712 0.346995982982858 0.000049537672854
-0.45522 0.359089427186655 0.359043777317199 0.000045649869455
-0.41563 0.371183324768454 0.371140375238117 0.000042949530337
-0.37605 0.383319841127137 0.383281236272272 0.000038604854865
-0.33647 0.395496601690116 0.395461903824817 0.000034697865299
-0.29688 0.407709701736309 0.407677995737142 0.000031705999167
-0.25730 0.419951884615635 0.419925195310808 0.000026689304827
-0.21771 0.432222274194537 0.432199242732201 0.000023031462336
-0.17813 0.444515493734084 0.444495926838254 0.000019566895830
-0.13854 0.456825291368223 0.456811077168757 0.000014214199466
-0.09896 0.469151437255328 0.469140556254759 0.000010881000568
-0.05938 0.481486898454950 0.481480252095926 0.000006646359025
-0.01979 0.493827663578715 0.493826070782280 0.000001592796436
0.01979 0.506172336421285 0.506173929217721 0.000001592796436
0.05938 0.518513101545050 0.518519747904075 0.000006646359025
0.09896 0.530848562744673 0.530859443745242 0.000010881000569
0.13854 0.543174708631777 0.543188922831244 0.000014214199467
0.17813 0.555484506265916 0.555504073161747 0.000019566895831
0.21771 0.567777725805463 0.567800757267798 0.000023031462335
0.25730 0.580048115384365 0.580074804689191 0.000026689304826
0.29688 0.592290298263692 0.592322004262857 0.000031705999166
0.33647 0.604503398309884 0.604538096175182 0.000034697865298
0.37605 0.616680158872863 0.616718763727731 0.000038604854868
0.41563 0.628816675231546 0.628859624761884 0.000042949530338
0.45522 0.640910572813345 0.640956222682802 0.000045649869456
0.49480 0.652954479344289 0.653004017017141 0.000049537672852
0.53439 0.664945209166765 0.664998373431658 0.000053164264894
0.57397 0.676878971308526 0.676934553131220 0.000055581822693
0.61355 0.688748573169593 0.688807701544198 0.000059128374605
0.65314 0.700550706595931 0.700612836191026 0.000062129595095
0.69272 0.712280678167839 0.712344833616522 0.000064155448683
0.73231 0.723931370634811 0.723998415248965 0.000067044614154
0.77189 0.735498583366549 0.735568132027175 0.000069548660626
0.81148 0.746977316364612 0.747048347610804 0.000071031246192
0.85106 0.758360308575771 0.758433219957446 0.000072911381675
0.89064 0.769641692101720 0.769716681011242 0.000074988909522
0.93023 0.780816573495541 0.780892414200224 0.000075840704683
0.96981 0.791877479359951 0.791953829380622 0.000076350020672
1.00940 0.802816551819421 0.802894034792974 0.000077482973553
1.04898 0.813627691700390 0.813705805502839 0.000078113802449
1.08856 0.824304179543404 0.824381547682212 0.000077368138808
1.12815 0.834836007560531 0.834913257938910 0.000077250378379
1.16773 0.845215399921413 0.845292476709199 0.000077076787787
1.20732 0.855434140242944 0.855510234478578 0.000076094235634
1.24690 0.865482473276606 0.865556989265885 0.000074515989279
1.28649 0.875350662076906 0.875422553365309 0.000071891288403
1.32607 0.885025974405225 0.885096006744739 0.000070032339514
1.36565 0.894498365612078 0.894565593679287 0.000067228067209
1.40524 0.903754480537477 0.903818598053439 0.000064117515962
1.44482 0.912780690161928 0.912841191133649 0.000060500971721
1.48441 0.921561868996452 0.921618243240055 0.000056374243603
1.52399 0.930081666613266 0.930133087211178 0.000051420597913
1.56357 0.938321048418413 0.938367216146962 0.000046167728549
1.60316 0.946259821403627 0.946299889379304 0.000040067975677
1.64274 0.953873724019254 0.953907606655191 0.000033882635938
1.68233 0.961137147055031 0.961163386689043 0.000026239634011
1.72191 0.968016599175555 0.968035743477225 0.000019144301670
1.76150 0.974476921885621 0.974487172165349 0.000010250279728
1.80108 0.980470117988116 0.980471788137819 0.000001670149703
1.84066 0.985937909944578 0.985931380611522 0.000006529333056
1.88025 0.990803195761367 0.990788147715809 0.000015048045558
1.91983 0.994952210051354 0.994929238283172 0.000022971768182
1.95942 0.998194863045209 0.998164477878642 0.000030385166567
1.99900 0.999998743622998 0.999992865102456 0.000005878520542
