# mu2 n0_GS n_exact n_diff
-1.99900 0.000000900067667 0.000007134897543 0.000006234829876
-1.95942 0.001798975967885 0.001835522121356 0.000036546153471
-1.91983 0.005040766179209 0.005070761716828 0.000029995537619
-1.88025 0.009192118633885 0.009211852284192 0.000019733650307
-1.84066 0.014059913797983 0.014068619388476 0.000008705590493
-1.80108 0.019530699333788 0.019528211862181 0.000002487471607
-1.76150 0.025526224786926 0.025512827834654 0.000013396952273
-1.72191 0.031987782688320 0.031964256522778 0.000023526165542
-1.68233 0.038869634834172 0.038836613310960 0.000033021523213
-1.64274 0.046134387603472 0.046092393344808 0.000041994258664
-1.60316 0.053750068226234 0.053700110620697 0.000049957605537
-1.56357 0.061690246738885 0.061632783853035 0.000057462885849
-1.52399 0.069930955282962 0.069866912788823 0.000064042494139
-1.48441 0.078451911611232 0.078381756759946 0.000070154851286
-1.44482 0.087234181653422 0.087158808866351 0.000075372787071
-1.40524 0.096261574719547 0.096181401946564 0.000080172772983
-1.36565 0.105518590589131 0.105434406320714 0.000084184268417
-1.32607 0.114991638797868 0.114903993255264 0.000087645542604
-1.28649 0.124667925662111 0.124577446634692 0.000090479027419
-1.24690 0.134535863745507 0.134443010734119 0.000092853011387
-1.20732 0.144584508315692 0.144489765521422 0.000094742794269
-1.16773 0.154803576155620 0.154707523290800 0.000096052864819
-1.12815 0.165183634329923 0.165086742061089 0.000096892268835
-1.08856 0.175715655993091 0.175618452317792 0.000097203675300
-1.04898 0.186391387558762 0.186294194497163 0.000097193061599
-1.00940 0.197202802760157 0.197105965207027 0.000096837553130
-0.96981 0.208142072992853 0.208046170619380 0.000095902373473
-0.93023 0.219202254397686 0.219107585799778 0.000094668597908
-0.89064 0.230376498176736 0.230283318988760 0.000093179187976
-0.85106 0.241658041929465 0.241566780042557 0.000091261886908
-0.81148 0.253040622050542 0.252951652389198 0.000088969661344
-0.77189 0.264518355212308 0.264431867972826 0.000086487239482
-0.73231 0.276085324227079 0.276001584751033 0.000083739476046
-0.69272 0.287735732018983 0.287655166383478 0.000080565635505
-0.65314 0.299464445319531 0.299387163808974 0.000077281510557
-0.61355 0.311266109957374 0.311192298455802 0.000073811501572
-0.57397 0.323135357853451 0.323065446868781 0.000069910984670
-0.53439 0.335067636505922 0.335001626568340 0.000066009937582
-0.49480 0.347057894500663 0.346995982982858 0.000061911517805
-0.45522 0.359101216699710 0.359043777317199 0.000057439382511
-0.41563 0.371193463403792 0.371140375238117 0.000053088165675
-0.37605 0.383329664085431 0.383281236272272 0.000048427813159
-0.33647 0.395505478958145 0.395461903824817 0.000043575133329
-0.29688 0.407716888706093 0.407677995737142 0.000038892968952
-0.25730 0.419958951728745 0.419925195310808 0.000033756417937
-0.21771 0.432227969380059 0.432199242732201 0.000028726647858
-0.17813 0.444519685011652 0.444495926838254 0.000023758173398
-0.13854 0.456829392486002 0.456811077168757 0.000018315317245
-0.09896 0.469153813381787 0.469140556254759 0.000013257127028
-0.05938 0.481488252660282 0.481480252095926 0.000008000564356
-0.01979 0.493828595131575 0.493826070782280 0.000002524349295
0.01979 0.506171404868425 0.506173929217721 0.000002524349296
0.05938 0.518511747339718 0.518519747904075 0.000008000564358
0.09896 0.530846186618212 0.530859443745242 0.000013257127030
0.13854 0.543170607513997 0.543188922831244 0.000018315317246
0.17813 0.555480314988348 0.555504073161747 0.000023758173399
0.21771 0.567772030619941 0.567800757267798 0.000028726647857
0.25730 0.580041048271254 0.580074804689191 0.000033756417937
0.29688 0.592283111293906 0.592322004262857 0.000038892968951
0.33647 0.604494521041855 0.604538096175182 0.000043575133327
0.37605 0.616670335914568 0.616718763727731 0.000048427813163
0.41563 0.628806536596210 0.628859624761884 0.000053088165674
0.45522 0.640898783300290 0.640956222682802 0.000057439382512
0.49480 0.652942105499337 0.653004017017141 0.000061911517804
0.53439 0.664932363494078 0.664998373431658 0.000066009937580
0.57397 0.676864642146548 0.676934553131220 0.000069910984672
0.61355 0.688733890042627 0.688807701544198 0.000073811501571
0.65314 0.700535554680469 0.700612836191026 0.000077281510556
0.69272 0.712264267981017 0.712344833616522 0.000080565635505
0.73231 0.723914675772920 0.723998415248965 0.000083739476045
0.77189 0.735481644787692 0.735568132027175 0.000086487239483
0.81148 0.746959377949458 0.747048347610804 0.000088969661346
0.85106 0.758341958070534 0.758433219957446 0.000091261886912
0.89064 0.769623501823263 0.769716681011242 0.000093179187979
0.93023 0.780797745602314 0.780892414200224 0.000094668597911
0.96981 0.791857927007147 0.791953829380622 0.000095902373475
1.00940 0.802797197239842 0.802894034792974 0.000096837553132
1.04898 0.813608612441239 0.813705805502839 0.000097193061601
1.08856 0.824284344006909 0.824381547682212 0.000097203675303
1.12815 0.834816365670077 0.834913257938910 0.000096892268833
1.16773 0.845196423844381 0.845292476709199 0.000096052864819
1.20732 0.855415491684307 0.855510234478578 0.000094742794271
1.24690 0.865464136254493 0.865556989265885 0.000092853011392
1.28649 0.875332074337888 0.875422553365309 0.000090479027421
1.32607 0.885008361202133 0.885096006744739 0.000087645542605
1.36565 0.894481409410869 0.894565593679287 0.000084184268418
1.40524 0.903738425280453 0.903818598053439 0.000080172772986
1.44482 0.912765818346579 0.912841191133649 0.000075372787070
1.48441 0.921548088388769 0.921618243240055 0.000070154851286
1.52399 0.930069044717037 0.930133087211178 0.000064042494141
1.56357 0.938309753261115 0.938367216146962 0.000057462885848
1.60316 0.946249931773765 0.946299889379304 0.000049957605539
1.64274 0.953865612396528 0.953907606655191 0.000041994258663
1.68233 0.961130365165829 0.961163386689043 0.000033021523214
1.72191 0.968012217311681 0.968035743477225 0.000023526165544
1.76150 0.974473775213074 0.974487172165349 0.000013396952275
1.80108 0.980469300666212 0.980471788137819 0.000002487471608
1.84066 0.985940086202017 0.985931380611522 0.000008705590495
1.88025 0.990807881366114 0.990788147715809 0.000019733650306
1.91983 0.994959233820791 0.994929238283172 0.000029995537619
1.95942 0.998201024032116 0.998164477878642 0.000036546153474
1.99900 0.999999099932331 0.999992865102456 0.000006234829875
