## Parameters ##
# z = 3
# m = 7
# t = 1.000000000000000e+00
# mu = 1.000000000000000e+00
# opt = sc
#
#
#a = 0.000000
1 4.961765717997536e-01
2 4.961765717997537e-01
3 4.961765717997542e-01
4 4.115270168881538e-01
5 4.115270168881539e-01
6 4.115270168881535e-01
7 4.115270168881539e-01
8 4.115270168881540e-01
9 4.115270168881541e-01
10 5.184195154620208e-01
11 5.184195154620207e-01
12 5.184195154620211e-01
13 5.184195154620208e-01
14 5.184195154620204e-01
15 5.184195154620204e-01
16 5.184195154620204e-01
17 5.184195154620206e-01
18 5.184195154620205e-01
19 5.184195154620207e-01
20 5.184195154620207e-01
21 5.184195154620206e-01
22 3.490069271672266e-01
23 3.490069271672270e-01
24 3.490069271672268e-01
25 3.490069271672264e-01
26 3.490069271672270e-01
27 3.490069271672265e-01
28 3.490069271672269e-01
29 3.490069271672270e-01
30 3.490069271672272e-01
31 3.490069271672271e-01
32 3.490069271672274e-01
33 3.490069271672269e-01
34 3.490069271672265e-01
35 3.490069271672263e-01
36 3.490069271672264e-01
37 3.490069271672261e-01
38 3.490069271672274e-01
39 3.490069271672273e-01
40 3.490069271672269e-01
41 3.490069271672280e-01
42 3.490069271672267e-01
43 3.490069271672266e-01
44 3.490069271672263e-01
45 3.490069271672266e-01
46 4.851339331230632e-01
47 4.851339331230630e-01
48 4.851339331230636e-01
49 4.851339331230632e-01
50 4.851339331230639e-01
51 4.851339331230635e-01
52 4.851339331230628e-01
53 4.851339331230630e-01
54 4.851339331230629e-01
55 4.851339331230629e-01
56 4.851339331230627e-01
57 4.851339331230626e-01
58 4.851339331230631e-01
59 4.851339331230634e-01
60 4.851339331230627e-01
61 4.851339331230627e-01
62 4.851339331230629e-01
63 4.851339331230639e-01
64 4.851339331230629e-01
65 4.851339331230637e-01
66 4.851339331230632e-01
67 4.851339331230631e-01
68 4.851339331230633e-01
69 4.851339331230637e-01
70 4.851339331230630e-01
71 4.851339331230626e-01
72 4.851339331230626e-01
73 4.851339331230630e-01
74 4.851339331230619e-01
75 4.851339331230625e-01
76 4.851339331230632e-01
77 4.851339331230625e-01
78 4.851339331230613e-01
79 4.851339331230630e-01
80 4.851339331230619e-01
81 4.851339331230625e-01
82 4.851339331230619e-01
83 4.851339331230623e-01
84 4.851339331230620e-01
85 4.851339331230627e-01
86 4.851339331230633e-01
87 4.851339331230634e-01
88 4.851339331230630e-01
89 4.851339331230640e-01
90 4.851339331230634e-01
91 4.851339331230633e-01
92 4.851339331230636e-01
93 4.851339331230634e-01
94 5.833979023147632e-01
95 5.833979023147632e-01
96 5.833979023147635e-01
97 5.833979023147631e-01
98 5.833979023147633e-01
99 5.833979023147637e-01
100 5.833979023147633e-01
101 5.833979023147635e-01
102 5.833979023147640e-01
103 5.833979023147630e-01
104 5.833979023147635e-01
105 5.833979023147632e-01
106 5.833979023147637e-01
107 5.833979023147633e-01
108 5.833979023147634e-01
109 5.833979023147640e-01
110 5.833979023147635e-01
111 5.833979023147637e-01
112 5.833979023147636e-01
113 5.833979023147632e-01
114 5.833979023147625e-01
115 5.833979023147634e-01
116 5.833979023147641e-01
117 5.833979023147631e-01
118 5.833979023147629e-01
119 5.833979023147633e-01
120 5.833979023147634e-01
121 5.833979023147636e-01
122 5.833979023147634e-01
123 5.833979023147631e-01
124 5.833979023147631e-01
125 5.833979023147634e-01
126 5.833979023147632e-01
127 5.833979023147636e-01
128 5.833979023147629e-01
129 5.833979023147627e-01
130 5.833979023147634e-01
131 5.833979023147634e-01
132 5.833979023147637e-01
133 5.833979023147636e-01
134 5.833979023147636e-01
135 5.833979023147638e-01
136 5.833979023147638e-01
137 5.833979023147635e-01
138 5.833979023147636e-01
139 5.833979023147642e-01
140 5.833979023147638e-01
141 5.833979023147644e-01
142 5.833979023147629e-01
143 5.833979023147632e-01
144 5.833979023147638e-01
145 5.833979023147637e-01
146 5.833979023147631e-01
147 5.833979023147635e-01
148 5.833979023147633e-01
149 5.833979023147630e-01
150 5.833979023147636e-01
151 5.833979023147631e-01
152 5.833979023147637e-01
153 5.833979023147630e-01
154 5.833979023147635e-01
155 5.833979023147638e-01
156 5.833979023147632e-01
157 5.833979023147638e-01
158 5.833979023147645e-01
159 5.833979023147635e-01
160 5.833979023147625e-01
161 5.833979023147621e-01
162 5.833979023147632e-01
163 5.833979023147633e-01
164 5.833979023147636e-01
165 5.833979023147623e-01
166 5.833979023147625e-01
167 5.833979023147629e-01
168 5.833979023147630e-01
169 5.833979023147637e-01
170 5.833979023147641e-01
171 5.833979023147642e-01
172 5.833979023147629e-01
173 5.833979023147627e-01
174 5.833979023147637e-01
175 5.833979023147631e-01
176 5.833979023147633e-01
177 5.833979023147631e-01
178 5.833979023147632e-01
179 5.833979023147636e-01
180 5.833979023147635e-01
181 5.833979023147631e-01
182 5.833979023147635e-01
183 5.833979023147633e-01
184 5.833979023147641e-01
185 5.833979023147634e-01
186 5.833979023147641e-01
187 5.833979023147645e-01
188 5.833979023147631e-01
189 5.833979023147633e-01


#a = 1.000000
1 4.720021755073893e-01
2 4.720021755073895e-01
3 4.720021755073896e-01
4 4.421525754637547e-01
5 4.421525754637551e-01
6 4.421525754637549e-01
7 4.421525754637545e-01
8 4.421525754637537e-01
9 4.421525754637545e-01
10 4.798647995443279e-01
11 4.798647995443280e-01
12 4.798647995443271e-01
13 4.798647995443277e-01
14 4.798647995443278e-01
15 4.798647995443269e-01
16 4.798647995443294e-01
17 4.798647995443280e-01
18 4.798647995443298e-01
19 4.798647995443289e-01
20 4.798647995443287e-01
21 4.798647995443295e-01
22 4.215050980163322e-01
23 4.215050980163323e-01
24 4.215050980163327e-01
25 4.215050980163330e-01
26 4.215050980163316e-01
27 4.215050980163315e-01
28 4.215050980163322e-01
29 4.215050980163325e-01
30 4.215050980163335e-01
31 4.215050980163340e-01
32 4.215050980163327e-01
33 4.215050980163333e-01
34 4.215050980163327e-01
35 4.215050980163333e-01
36 4.215050980163332e-01
37 4.215050980163336e-01
38 4.215050980163333e-01
39 4.215050980163336e-01
40 4.215050980163330e-01
41 4.215050980163336e-01
42 4.215050980163335e-01
43 4.215050980163326e-01
44 4.215050980163339e-01
45 4.215050980163336e-01
46 4.775019297805622e-01
47 4.775019297805624e-01
48 4.775019297805624e-01
49 4.775019297805621e-01
50 4.775019297805615e-01
51 4.775019297805613e-01
52 4.775019297805615e-01
53 4.775019297805614e-01
54 4.775019297805616e-01
55 4.775019297805619e-01
56 4.775019297805618e-01
57 4.775019297805616e-01
58 4.775019297805623e-01
59 4.775019297805619e-01
60 4.775019297805617e-01
61 4.775019297805623e-01
62 4.775019297805621e-01
63 4.775019297805618e-01
64 4.775019297805626e-01
65 4.775019297805622e-01
66 4.775019297805631e-01
67 4.775019297805629e-01
68 4.775019297805626e-01
69 4.775019297805628e-01
70 4.775019297805624e-01
71 4.775019297805624e-01
72 4.775019297805619e-01
73 4.775019297805620e-01
74 4.775019297805612e-01
75 4.775019297805634e-01
76 4.775019297805613e-01
77 4.775019297805616e-01
78 4.775019297805611e-01
79 4.775019297805608e-01
80 4.775019297805614e-01
81 4.775019297805619e-01
82 4.775019297805628e-01
83 4.775019297805628e-01
84 4.775019297805629e-01
85 4.775019297805626e-01
86 4.775019297805629e-01
87 4.775019297805634e-01
88 4.775019297805626e-01
89 4.775019297805632e-01
90 4.775019297805618e-01
91 4.775019297805612e-01
92 4.775019297805619e-01
93 4.775019297805624e-01
94 5.484120886910188e-01
95 5.484120886910187e-01
96 5.484120886910185e-01
97 5.484120886910184e-01
98 5.484120886910192e-01
99 5.484120886910189e-01
100 5.484120886910190e-01
101 5.484120886910193e-01
102 5.484120886910185e-01
103 5.484120886910188e-01
104 5.484120886910181e-01
105 5.484120886910185e-01
106 5.484120886910189e-01
107 5.484120886910180e-01
108 5.484120886910191e-01
109 5.484120886910188e-01
110 5.484120886910188e-01
111 5.484120886910189e-01
112 5.484120886910183e-01
113 5.484120886910189e-01
114 5.484120886910183e-01
115 5.484120886910184e-01
116 5.484120886910187e-01
117 5.484120886910192e-01
118 5.484120886910192e-01
119 5.484120886910181e-01
120 5.484120886910189e-01
121 5.484120886910185e-01
122 5.484120886910185e-01
123 5.484120886910189e-01
124 5.484120886910185e-01
125 5.484120886910190e-01
126 5.484120886910177e-01
127 5.484120886910182e-01
128 5.484120886910180e-01
129 5.484120886910187e-01
130 5.484120886910180e-01
131 5.484120886910182e-01
132 5.484120886910184e-01
133 5.484120886910175e-01
134 5.484120886910182e-01
135 5.484120886910184e-01
136 5.484120886910188e-01
137 5.484120886910188e-01
138 5.484120886910180e-01
139 5.484120886910177e-01
140 5.484120886910182e-01
141 5.484120886910185e-01
142 5.484120886910185e-01
143 5.484120886910182e-01
144 5.484120886910181e-01
145 5.484120886910185e-01
146 5.484120886910177e-01
147 5.484120886910188e-01
148 5.484120886910183e-01
149 5.484120886910179e-01
150 5.484120886910205e-01
151 5.484120886910178e-01
152 5.484120886910189e-01
153 5.484120886910159e-01
154 5.484120886910177e-01
155 5.484120886910179e-01
156 5.484120886910181e-01
157 5.484120886910177e-01
158 5.484120886910185e-01
159 5.484120886910182e-01
160 5.484120886910171e-01
161 5.484120886910185e-01
162 5.484120886910181e-01
163 5.484120886910181e-01
164 5.484120886910185e-01
165 5.484120886910175e-01
166 5.484120886910189e-01
167 5.484120886910174e-01
168 5.484120886910187e-01
169 5.484120886910183e-01
170 5.484120886910177e-01
171 5.484120886910171e-01
172 5.484120886910177e-01
173 5.484120886910189e-01
174 5.484120886910200e-01
175 5.484120886910167e-01
176 5.484120886910191e-01
177 5.484120886910180e-01
178 5.484120886910184e-01
179 5.484120886910194e-01
180 5.484120886910180e-01
181 5.484120886910175e-01
182 5.484120886910183e-01
183 5.484120886910177e-01
184 5.484120886910181e-01
185 5.484120886910185e-01
186 5.484120886910181e-01
187 5.484120886910180e-01
188 5.484120886910164e-01
189 5.484120886910169e-01


#a = 2.000000
1 4.626315522896512e-01
2 4.626315522896507e-01
3 4.626315522896531e-01
4 4.643853694793269e-01
5 4.643853694793267e-01
6 4.643853694793270e-01
7 4.643853694793266e-01
8 4.643853694793250e-01
9 4.643853694793245e-01
10 4.670672157689190e-01
11 4.670672157689186e-01
12 4.670672157689194e-01
13 4.670672157689191e-01
14 4.670672157689186e-01
15 4.670672157689182e-01
16 4.670672157689183e-01
17 4.670672157689190e-01
18 4.670672157689176e-01
19 4.670672157689177e-01
20 4.670672157689193e-01
21 4.670672157689177e-01
22 4.819521639565216e-01
23 4.819521639565215e-01
24 4.819521639565219e-01
25 4.819521639565228e-01
26 4.819521639565236e-01
27 4.819521639565244e-01
28 4.819521639565231e-01
29 4.819521639565230e-01
30 4.819521639565228e-01
31 4.819521639565216e-01
32 4.819521639565211e-01
33 4.819521639565217e-01
34 4.819521639565222e-01
35 4.819521639565214e-01
36 4.819521639565219e-01
37 4.819521639565222e-01
38 4.819521639565250e-01
39 4.819521639565240e-01
40 4.819521639565242e-01
41 4.819521639565234e-01
42 4.819521639565232e-01
43 4.819521639565246e-01
44 4.819521639565236e-01
45 4.819521639565230e-01
46 4.773271507485435e-01
47 4.773271507485441e-01
48 4.773271507485437e-01
49 4.773271507485435e-01
50 4.773271507485434e-01
51 4.773271507485431e-01
52 4.773271507485436e-01
53 4.773271507485437e-01
54 4.773271507485427e-01
55 4.773271507485426e-01
56 4.773271507485429e-01
57 4.773271507485433e-01
58 4.773271507485430e-01
59 4.773271507485431e-01
60 4.773271507485429e-01
61 4.773271507485429e-01
62 4.773271507485434e-01
63 4.773271507485434e-01
64 4.773271507485425e-01
65 4.773271507485427e-01
66 4.773271507485443e-01
67 4.773271507485438e-01
68 4.773271507485435e-01
69 4.773271507485440e-01
70 4.773271507485442e-01
71 4.773271507485430e-01
72 4.773271507485436e-01
73 4.773271507485446e-01
74 4.773271507485430e-01
75 4.773271507485439e-01
76 4.773271507485435e-01
77 4.773271507485427e-01
78 4.773271507485429e-01
79 4.773271507485421e-01
80 4.773271507485424e-01
81 4.773271507485424e-01
82 4.773271507485442e-01
83 4.773271507485447e-01
84 4.773271507485441e-01
85 4.773271507485443e-01
86 4.773271507485417e-01
87 4.773271507485463e-01
88 4.773271507485439e-01
89 4.773271507485412e-01
90 4.773271507485441e-01
91 4.773271507485439e-01
92 4.773271507485428e-01
93 4.773271507485429e-01
94 5.096305710824862e-01
95 5.096305710824882e-01
96 5.096305710824875e-01
97 5.096305710824871e-01
98 5.096305710824888e-01
99 5.096305710824878e-01
100 5.096305710824881e-01
101 5.096305710824884e-01
102 5.096305710824873e-01
103 5.096305710824863e-01
104 5.096305710824877e-01
105 5.096305710824862e-01
106 5.096305710824879e-01
107 5.096305710824877e-01
108 5.096305710824863e-01
109 5.096305710824885e-01
110 5.096305710824882e-01
111 5.096305710824877e-01
112 5.096305710824879e-01
113 5.096305710824882e-01
114 5.096305710824878e-01
115 5.096305710824881e-01
116 5.096305710824882e-01
117 5.096305710824869e-01
118 5.096305710824895e-01
119 5.096305710824865e-01
120 5.096305710824881e-01
121 5.096305710824873e-01
122 5.096305710824870e-01
123 5.096305710824872e-01
124 5.096305710824864e-01
125 5.096305710824879e-01
126 5.096305710824878e-01
127 5.096305710824874e-01
128 5.096305710824867e-01
129 5.096305710824877e-01
130 5.096305710824868e-01
131 5.096305710824889e-01
132 5.096305710824873e-01
133 5.096305710824883e-01
134 5.096305710824883e-01
135 5.096305710824887e-01
136 5.096305710824882e-01
137 5.096305710824882e-01
138 5.096305710824885e-01
139 5.096305710824874e-01
140 5.096305710824894e-01
141 5.096305710824858e-01
142 5.096305710824854e-01
143 5.096305710824907e-01
144 5.096305710824893e-01
145 5.096305710824880e-01
146 5.096305710824909e-01
147 5.096305710824857e-01
148 5.096305710824849e-01
149 5.096305710824909e-01
150 5.096305710824852e-01
151 5.096305710824913e-01
152 5.096305710824847e-01
153 5.096305710824890e-01
154 5.096305710824882e-01
155 5.096305710824863e-01
156 5.096305710824873e-01
157 5.096305710824867e-01
158 5.096305710824899e-01
159 5.096305710824856e-01
160 5.096305710824875e-01
161 5.096305710824881e-01
162 5.096305710824871e-01
163 5.096305710824879e-01
164 5.096305710824877e-01
165 5.096305710824882e-01
166 5.096305710824888e-01
167 5.096305710824884e-01
168 5.096305710824879e-01
169 5.096305710824883e-01
170 5.096305710824909e-01
171 5.096305710824858e-01
172 5.096305710824900e-01
173 5.096305710824868e-01
174 5.096305710824943e-01
175 5.096305710824827e-01
176 5.096305710824895e-01
177 5.096305710824858e-01
178 5.096305710824870e-01
179 5.096305710824865e-01
180 5.096305710824865e-01
181 5.096305710824891e-01
182 5.096305710824877e-01
183 5.096305710824884e-01
184 5.096305710824888e-01
185 5.096305710824877e-01
186 5.096305710824868e-01
187 5.096305710824881e-01
188 5.096305710824868e-01
189 5.096305710824875e-01


#a = 3.000000
1 4.640341590712414e-01
2 4.640341590712416e-01
3 4.640341590712395e-01
4 4.702454584232644e-01
5 4.702454584232647e-01
6 4.702454584232659e-01
7 4.702454584232642e-01
8 4.702454584232625e-01
9 4.702454584232634e-01
10 4.686462066791088e-01
11 4.686462066791085e-01
12 4.686462066791078e-01
13 4.686462066791076e-01
14 4.686462066791107e-01
15 4.686462066791103e-01
16 4.686462066791119e-01
17 4.686462066791101e-01
18 4.686462066791104e-01
19 4.686462066791099e-01
20 4.686462066791091e-01
21 4.686462066791096e-01
22 4.802285073494844e-01
23 4.802285073494840e-01
24 4.802285073494833e-01
25 4.802285073494836e-01
26 4.802285073494839e-01
27 4.802285073494841e-01
28 4.802285073494843e-01
29 4.802285073494847e-01
30 4.802285073494841e-01
31 4.802285073494840e-01
32 4.802285073494841e-01
33 4.802285073494842e-01
34 4.802285073494833e-01
35 4.802285073494834e-01
36 4.802285073494835e-01
37 4.802285073494844e-01
38 4.802285073494852e-01
39 4.802285073494836e-01
40 4.802285073494843e-01
41 4.802285073494857e-01
42 4.802285073494836e-01
43 4.802285073494836e-01
44 4.802285073494846e-01
45 4.802285073494859e-01
46 4.883853147265459e-01
47 4.883853147265458e-01
48 4.883853147265463e-01
49 4.883853147265459e-01
50 4.883853147265463e-01
51 4.883853147265467e-01
52 4.883853147265459e-01
53 4.883853147265466e-01
54 4.883853147265467e-01
55 4.883853147265470e-01
56 4.883853147265470e-01
57 4.883853147265470e-01
58 4.883853147265463e-01
59 4.883853147265461e-01
60 4.883853147265458e-01
61 4.883853147265462e-01
62 4.883853147265468e-01
63 4.883853147265471e-01
64 4.883853147265471e-01
65 4.883853147265467e-01
66 4.883853147265473e-01
67 4.883853147265480e-01
68 4.883853147265476e-01
69 4.883853147265474e-01
70 4.883853147265463e-01
71 4.883853147265462e-01
72 4.883853147265449e-01
73 4.883853147265494e-01
74 4.883853147265460e-01
75 4.883853147265467e-01
76 4.883853147265452e-01
77 4.883853147265461e-01
78 4.883853147265452e-01
79 4.883853147265469e-01
80 4.883853147265453e-01
81 4.883853147265468e-01
82 4.883853147265466e-01
83 4.883853147265466e-01
84 4.883853147265462e-01
85 4.883853147265458e-01
86 4.883853147265487e-01
87 4.883853147265405e-01
88 4.883853147265483e-01
89 4.883853147265444e-01
90 4.883853147265464e-01
91 4.883853147265460e-01
92 4.883853147265453e-01
93 4.883853147265436e-01
94 4.105531178823084e-01
95 4.105531178823081e-01
96 4.105531178823102e-01
97 4.105531178823070e-01
98 4.105531178823081e-01
99 4.105531178823097e-01
100 4.105531178823095e-01
101 4.105531178823081e-01
102 4.105531178823094e-01
103 4.105531178823084e-01
104 4.105531178823094e-01
105 4.105531178823082e-01
106 4.105531178823111e-01
107 4.105531178823061e-01
108 4.105531178823092e-01
109 4.105531178823079e-01
110 4.105531178823115e-01
111 4.105531178823085e-01
112 4.105531178823104e-01
113 4.105531178823098e-01
114 4.105531178823107e-01
115 4.105531178823090e-01
116 4.105531178823083e-01
117 4.105531178823111e-01
118 4.105531178823100e-01
119 4.105531178823087e-01
120 4.105531178823110e-01
121 4.105531178823076e-01
122 4.105531178823144e-01
123 4.105531178823023e-01
124 4.105531178823167e-01
125 4.105531178822992e-01
126 4.105531178823092e-01
127 4.105531178823088e-01
128 4.105531178823114e-01
129 4.105531178823074e-01
130 4.105531178823131e-01
131 4.105531178823048e-01
132 4.105531178823111e-01
133 4.105531178823072e-01
134 4.105531178823108e-01
135 4.105531178823079e-01
136 4.105531178823080e-01
137 4.105531178823086e-01
138 4.105531178823078e-01
139 4.105531178823117e-01
140 4.105531178823116e-01
141 4.105531178823090e-01
142 4.105531178823070e-01
143 4.105531178823128e-01
144 4.105531178823139e-01
145 4.105531178823086e-01
146 4.105531178823013e-01
147 4.105531178823227e-01
148 4.105531178823356e-01
149 4.105531178822834e-01
150 4.105531178823114e-01
151 4.105531178823074e-01
152 4.105531178823250e-01
153 4.105531178822943e-01
154 4.105531178823075e-01
155 4.105531178823097e-01
156 4.105531178823111e-01
157 4.105531178823068e-01
158 4.105531178823092e-01
159 4.105531178823113e-01
160 4.105531178823139e-01
161 4.105531178823020e-01
162 4.105531178823064e-01
163 4.105531178823130e-01
164 4.105531178822994e-01
165 4.105531178823186e-01
166 4.105531178823074e-01
167 4.105531178823106e-01
168 4.105531178823029e-01
169 4.105531178823153e-01
170 4.105531178823073e-01
171 4.105531178823100e-01
172 4.105531178823095e-01
173 4.105531178823081e-01
174 4.105531178823150e-01
175 4.105531178823020e-01
176 4.105531178823159e-01
177 4.105531178823021e-01
178 4.105531178823096e-01
179 4.105531178823075e-01
180 4.105531178823161e-01
181 4.105531178823031e-01
182 4.105531178823074e-01
183 4.105531178823085e-01
184 4.105531178823100e-01
185 4.105531178823081e-01
186 4.105531178823084e-01
187 4.105531178823096e-01
188 4.105531178823082e-01
189 4.105531178823119e-01


#a = 4.000000
1 4.677418240295463e-01
2 4.677418240295461e-01
3 4.677418240295454e-01
4 4.716889175752449e-01
5 4.716889175752449e-01
6 4.716889175752451e-01
7 4.716889175752455e-01
8 4.716889175752457e-01
9 4.716889175752461e-01
10 4.738157679284861e-01
11 4.738157679284863e-01
12 4.738157679284858e-01
13 4.738157679284860e-01
14 4.738157679284863e-01
15 4.738157679284855e-01
16 4.738157679284858e-01
17 4.738157679284852e-01
18 4.738157679284857e-01
19 4.738157679284851e-01
20 4.738157679284866e-01
21 4.738157679284847e-01
22 4.810203331596410e-01
23 4.810203331596407e-01
24 4.810203331596410e-01
25 4.810203331596407e-01
26 4.810203331596409e-01
27 4.810203331596405e-01
28 4.810203331596407e-01
29 4.810203331596410e-01
30 4.810203331596402e-01
31 4.810203331596403e-01
32 4.810203331596403e-01
33 4.810203331596406e-01
34 4.810203331596413e-01
35 4.810203331596412e-01
36 4.810203331596426e-01
37 4.810203331596421e-01
38 4.810203331596405e-01
39 4.810203331596418e-01
40 4.810203331596421e-01
41 4.810203331596420e-01
42 4.810203331596400e-01
43 4.810203331596415e-01
44 4.810203331596401e-01
45 4.810203331596413e-01
46 4.728441285209095e-01
47 4.728441285209097e-01
48 4.728441285209099e-01
49 4.728441285209092e-01
50 4.728441285209096e-01
51 4.728441285209094e-01
52 4.728441285209094e-01
53 4.728441285209101e-01
54 4.728441285209090e-01
55 4.728441285209090e-01
56 4.728441285209085e-01
57 4.728441285209082e-01
58 4.728441285209088e-01
59 4.728441285209078e-01
60 4.728441285209091e-01
61 4.728441285209083e-01
62 4.728441285209087e-01
63 4.728441285209080e-01
64 4.728441285209075e-01
65 4.728441285209081e-01
66 4.728441285209090e-01
67 4.728441285209082e-01
68 4.728441285209085e-01
69 4.728441285209088e-01
70 4.728441285209098e-01
71 4.728441285209091e-01
72 4.728441285209055e-01
73 4.728441285209113e-01
74 4.728441285209103e-01
75 4.728441285209073e-01
76 4.728441285209084e-01
77 4.728441285209100e-01
78 4.728441285209087e-01
79 4.728441285209083e-01
80 4.728441285209068e-01
81 4.728441285209101e-01
82 4.728441285209095e-01
83 4.728441285209094e-01
84 4.728441285209103e-01
85 4.728441285209075e-01
86 4.728441285209071e-01
87 4.728441285209140e-01
88 4.728441285209132e-01
89 4.728441285209037e-01
90 4.728441285209106e-01
91 4.728441285209078e-01
92 4.728441285209104e-01
93 4.728441285209061e-01
94 3.120644379412726e-01
95 3.120644379412736e-01
96 3.120644379412807e-01
97 3.120644379412655e-01
98 3.120644379412746e-01
99 3.120644379412720e-01
100 3.120644379412752e-01
101 3.120644379412730e-01
102 3.120644379412731e-01
103 3.120644379412738e-01
104 3.120644379412756e-01
105 3.120644379412707e-01
106 3.120644379412742e-01
107 3.120644379412740e-01
108 3.120644379412714e-01
109 3.120644379412749e-01
110 3.120644379412855e-01
111 3.120644379412638e-01
112 3.120644379412764e-01
113 3.120644379412687e-01
114 3.120644379412738e-01
115 3.120644379412721e-01
116 3.120644379412816e-01
117 3.120644379412676e-01
118 3.120644379412726e-01
119 3.120644379412719e-01
120 3.120644379412745e-01
121 3.120644379412710e-01
122 3.120644379413261e-01
123 3.120644379412233e-01
124 3.120644379412741e-01
125 3.120644379412739e-01
126 3.120644379412882e-01
127 3.120644379412576e-01
128 3.120644379412615e-01
129 3.120644379412856e-01
130 3.120644379412820e-01
131 3.120644379412674e-01
132 3.120644379412955e-01
133 3.120644379412506e-01
134 3.120644379412651e-01
135 3.120644379412761e-01
136 3.120644379412725e-01
137 3.120644379412786e-01
138 3.120644379412738e-01
139 3.120644379412733e-01
140 3.120644379412696e-01
141 3.120644379412754e-01
142 3.120644379412598e-01
143 3.120644379412779e-01
144 3.120644379412505e-01
145 3.120644379412881e-01
146 3.120644379413102e-01
147 3.120644379412485e-01
148 3.120644379413144e-01
149 3.120644379412243e-01
150 3.120644379413830e-01
151 3.120644379411693e-01
152 3.120644379412276e-01
153 3.120644379413142e-01
154 3.120644379412595e-01
155 3.120644379412941e-01
156 3.120644379412745e-01
157 3.120644379412740e-01
158 3.120644379412756e-01
159 3.120644379412757e-01
160 3.120644379412625e-01
161 3.120644379412881e-01
162 3.120644379412540e-01
163 3.120644379412945e-01
164 3.120644379412725e-01
165 3.120644379412645e-01
166 3.120644379412687e-01
167 3.120644379412721e-01
168 3.120644379412555e-01
169 3.120644379412856e-01
170 3.120644379412787e-01
171 3.120644379412646e-01
172 3.120644379412594e-01
173 3.120644379412986e-01
174 3.120644379412997e-01
175 3.120644379412787e-01
176 3.120644379412542e-01
177 3.120644379412639e-01
178 3.120644379412819e-01
179 3.120644379412412e-01
180 3.120644379412876e-01
181 3.120644379412714e-01
182 3.120644379412762e-01
183 3.120644379412756e-01
184 3.120644379412666e-01
185 3.120644379412887e-01
186 3.120644379412652e-01
187 3.120644379412766e-01
188 3.120644379412274e-01
189 3.120644379413241e-01


