## Parameters ##
# z = 3
# m = 7
# t = 1.000000000000000e+00
# mu = 1.000000000000000e-10
# opt = sc
#
#
#a = 0.000000
1 4.961765717997537e-01
2 4.961765717997539e-01
3 4.961765717997535e-01
4 5.254736698884286e-01
5 5.254736698884284e-01
6 5.254736698884286e-01
7 5.254736698884284e-01
8 5.254736698884284e-01
9 5.254736698884283e-01
10 4.727304550072310e-01
11 4.727304550072312e-01
12 4.727304550072310e-01
13 4.727304550072312e-01
14 4.727304550072307e-01
15 4.727304550072310e-01
16 4.727304550072317e-01
17 4.727304550072310e-01
18 4.727304550072305e-01
19 4.727304550072300e-01
20 4.727304550072309e-01
21 4.727304550072309e-01
22 5.482852312491228e-01
23 5.482852312491223e-01
24 5.482852312491242e-01
25 5.482852312491238e-01
26 5.482852312491229e-01
27 5.482852312491228e-01
28 5.482852312491233e-01
29 5.482852312491231e-01
30 5.482852312491231e-01
31 5.482852312491237e-01
32 5.482852312491234e-01
33 5.482852312491227e-01
34 5.482852312491233e-01
35 5.482852312491228e-01
36 5.482852312491234e-01
37 5.482852312491228e-01
38 5.482852312491225e-01
39 5.482852312491227e-01
40 5.482852312491232e-01
41 5.482852312491224e-01
42 5.482852312491227e-01
43 5.482852312491229e-01
44 5.482852312491229e-01
45 5.482852312491227e-01
46 4.248517911131522e-01
47 4.248517911131522e-01
48 4.248517911131520e-01
49 4.248517911131524e-01
50 4.248517911131533e-01
51 4.248517911131531e-01
52 4.248517911131530e-01
53 4.248517911131530e-01
54 4.248517911131522e-01
55 4.248517911131523e-01
56 4.248517911131521e-01
57 4.248517911131524e-01
58 4.248517911131516e-01
59 4.248517911131517e-01
60 4.248517911131517e-01
61 4.248517911131515e-01
62 4.248517911131522e-01
63 4.248517911131525e-01
64 4.248517911131522e-01
65 4.248517911131525e-01
66 4.248517911131512e-01
67 4.248517911131517e-01
68 4.248517911131517e-01
69 4.248517911131519e-01
70 4.248517911131520e-01
71 4.248517911131520e-01
72 4.248517911131521e-01
73 4.248517911131526e-01
74 4.248517911131519e-01
75 4.248517911131518e-01
76 4.248517911131527e-01
77 4.248517911131518e-01
78 4.248517911131510e-01
79 4.248517911131518e-01
80 4.248517911131517e-01
81 4.248517911131520e-01
82 4.248517911131521e-01
83 4.248517911131520e-01
84 4.248517911131530e-01
85 4.248517911131525e-01
86 4.248517911131517e-01
87 4.248517911131517e-01
88 4.248517911131519e-01
89 4.248517911131516e-01
90 4.248517911131520e-01
91 4.248517911131521e-01
92 4.248517911131522e-01
93 4.248517911131523e-01
94 6.300480388793852e-01
95 6.300480388793851e-01
96 6.300480388793853e-01
97 6.300480388793854e-01
98 6.300480388793854e-01
99 6.300480388793852e-01
100 6.300480388793860e-01
101 6.300480388793859e-01
102 6.300480388793865e-01
103 6.300480388793863e-01
104 6.300480388793858e-01
105 6.300480388793861e-01
106 6.300480388793857e-01
107 6.300480388793855e-01
108 6.300480388793858e-01
109 6.300480388793857e-01
110 6.300480388793848e-01
111 6.300480388793853e-01
112 6.300480388793850e-01
113 6.300480388793852e-01
114 6.300480388793854e-01
115 6.300480388793851e-01
116 6.300480388793854e-01
117 6.300480388793852e-01
118 6.300480388793851e-01
119 6.300480388793849e-01
120 6.300480388793849e-01
121 6.300480388793851e-01
122 6.300480388793852e-01
123 6.300480388793852e-01
124 6.300480388793857e-01
125 6.300480388793857e-01
126 6.300480388793857e-01
127 6.300480388793857e-01
128 6.300480388793855e-01
129 6.300480388793858e-01
130 6.300480388793857e-01
131 6.300480388793851e-01
132 6.300480388793853e-01
133 6.300480388793854e-01
134 6.300480388793852e-01
135 6.300480388793851e-01
136 6.300480388793849e-01
137 6.300480388793852e-01
138 6.300480388793850e-01
139 6.300480388793847e-01
140 6.300480388793847e-01
141 6.300480388793844e-01
142 6.300480388793854e-01
143 6.300480388793854e-01
144 6.300480388793858e-01
145 6.300480388793854e-01
146 6.300480388793848e-01
147 6.300480388793845e-01
148 6.300480388793859e-01
149 6.300480388793850e-01
150 6.300480388793845e-01
151 6.300480388793858e-01
152 6.300480388793849e-01
153 6.300480388793847e-01
154 6.300480388793844e-01
155 6.300480388793859e-01
156 6.300480388793857e-01
157 6.300480388793854e-01
158 6.300480388793851e-01
159 6.300480388793852e-01
160 6.300480388793852e-01
161 6.300480388793849e-01
162 6.300480388793841e-01
163 6.300480388793857e-01
164 6.300480388793850e-01
165 6.300480388793850e-01
166 6.300480388793851e-01
167 6.300480388793854e-01
168 6.300480388793857e-01
169 6.300480388793853e-01
170 6.300480388793854e-01
171 6.300480388793849e-01
172 6.300480388793852e-01
173 6.300480388793862e-01
174 6.300480388793845e-01
175 6.300480388793849e-01
176 6.300480388793844e-01
177 6.300480388793852e-01
178 6.300480388793842e-01
179 6.300480388793857e-01
180 6.300480388793854e-01
181 6.300480388793850e-01
182 6.300480388793852e-01
183 6.300480388793852e-01
184 6.300480388793853e-01
185 6.300480388793854e-01
186 6.300480388793851e-01
187 6.300480388793851e-01
188 6.300480388793855e-01
189 6.300480388793843e-01


#a = 1.000000
1 5.098492790758330e-01
2 5.098492790758330e-01
3 5.098492790758319e-01
4 5.150755776249490e-01
5 5.150755776249487e-01
6 5.150755776249494e-01
7 5.150755776249500e-01
8 5.150755776249514e-01
9 5.150755776249496e-01
10 5.115195497770954e-01
11 5.115195497770955e-01
12 5.115195497770950e-01
13 5.115195497770952e-01
14 5.115195497770955e-01
15 5.115195497770956e-01
16 5.115195497770957e-01
17 5.115195497770957e-01
18 5.115195497770962e-01
19 5.115195497770961e-01
20 5.115195497770940e-01
21 5.115195497770948e-01
22 5.236383655413195e-01
23 5.236383655413193e-01
24 5.236383655413196e-01
25 5.236383655413200e-01
26 5.236383655413188e-01
27 5.236383655413187e-01
28 5.236383655413189e-01
29 5.236383655413192e-01
30 5.236383655413188e-01
31 5.236383655413183e-01
32 5.236383655413189e-01
33 5.236383655413187e-01
34 5.236383655413188e-01
35 5.236383655413183e-01
36 5.236383655413201e-01
37 5.236383655413201e-01
38 5.236383655413184e-01
39 5.236383655413184e-01
40 5.236383655413189e-01
41 5.236383655413198e-01
42 5.236383655413193e-01
43 5.236383655413194e-01
44 5.236383655413197e-01
45 5.236383655413187e-01
46 5.140604418051128e-01
47 5.140604418051125e-01
48 5.140604418051122e-01
49 5.140604418051132e-01
50 5.140604418051136e-01
51 5.140604418051133e-01
52 5.140604418051138e-01
53 5.140604418051130e-01
54 5.140604418051122e-01
55 5.140604418051125e-01
56 5.140604418051131e-01
57 5.140604418051133e-01
58 5.140604418051132e-01
59 5.140604418051129e-01
60 5.140604418051129e-01
61 5.140604418051129e-01
62 5.140604418051127e-01
63 5.140604418051119e-01
64 5.140604418051125e-01
65 5.140604418051132e-01
66 5.140604418051122e-01
67 5.140604418051122e-01
68 5.140604418051120e-01
69 5.140604418051122e-01
70 5.140604418051122e-01
71 5.140604418051132e-01
72 5.140604418051128e-01
73 5.140604418051127e-01
74 5.140604418051131e-01
75 5.140604418051128e-01
76 5.140604418051126e-01
77 5.140604418051120e-01
78 5.140604418051132e-01
79 5.140604418051131e-01
80 5.140604418051141e-01
81 5.140604418051140e-01
82 5.140604418051129e-01
83 5.140604418051133e-01
84 5.140604418051127e-01
85 5.140604418051125e-01
86 5.140604418051135e-01
87 5.140604418051125e-01
88 5.140604418051127e-01
89 5.140604418051142e-01
90 5.140604418051121e-01
91 5.140604418051123e-01
92 5.140604418051127e-01
93 5.140604418051125e-01
94 5.704690052536464e-01
95 5.704690052536460e-01
96 5.704690052536459e-01
97 5.704690052536453e-01
98 5.704690052536464e-01
99 5.704690052536463e-01
100 5.704690052536460e-01
101 5.704690052536465e-01
102 5.704690052536459e-01
103 5.704690052536463e-01
104 5.704690052536461e-01
105 5.704690052536455e-01
106 5.704690052536456e-01
107 5.704690052536452e-01
108 5.704690052536456e-01
109 5.704690052536460e-01
110 5.704690052536451e-01
111 5.704690052536450e-01
112 5.704690052536447e-01
113 5.704690052536451e-01
114 5.704690052536459e-01
115 5.704690052536461e-01
116 5.704690052536465e-01
117 5.704690052536461e-01
118 5.704690052536455e-01
119 5.704690052536451e-01
120 5.704690052536445e-01
121 5.704690052536445e-01
122 5.704690052536460e-01
123 5.704690052536462e-01
124 5.704690052536462e-01
125 5.704690052536455e-01
126 5.704690052536456e-01
127 5.704690052536447e-01
128 5.704690052536451e-01
129 5.704690052536454e-01
130 5.704690052536443e-01
131 5.704690052536455e-01
132 5.704690052536453e-01
133 5.704690052536450e-01
134 5.704690052536462e-01
135 5.704690052536461e-01
136 5.704690052536460e-01
137 5.704690052536457e-01
138 5.704690052536446e-01
139 5.704690052536453e-01
140 5.704690052536449e-01
141 5.704690052536456e-01
142 5.704690052536460e-01
143 5.704690052536463e-01
144 5.704690052536452e-01
145 5.704690052536440e-01
146 5.704690052536447e-01
147 5.704690052536461e-01
148 5.704690052536456e-01
149 5.704690052536450e-01
150 5.704690052536444e-01
151 5.704690052536451e-01
152 5.704690052536461e-01
153 5.704690052536447e-01
154 5.704690052536453e-01
155 5.704690052536450e-01
156 5.704690052536461e-01
157 5.704690052536451e-01
158 5.704690052536450e-01
159 5.704690052536456e-01
160 5.704690052536453e-01
161 5.704690052536456e-01
162 5.704690052536471e-01
163 5.704690052536463e-01
164 5.704690052536461e-01
165 5.704690052536462e-01
166 5.704690052536451e-01
167 5.704690052536455e-01
168 5.704690052536459e-01
169 5.704690052536451e-01
170 5.704690052536455e-01
171 5.704690052536459e-01
172 5.704690052536450e-01
173 5.704690052536462e-01
174 5.704690052536444e-01
175 5.704690052536457e-01
176 5.704690052536455e-01
177 5.704690052536460e-01
178 5.704690052536442e-01
179 5.704690052536465e-01
180 5.704690052536455e-01
181 5.704690052536453e-01
182 5.704690052536461e-01
183 5.704690052536471e-01
184 5.704690052536465e-01
185 5.704690052536459e-01
186 5.704690052536446e-01
187 5.704690052536447e-01
188 5.704690052536457e-01
189 5.704690052536456e-01


#a = 2.000000
1 5.141268592652118e-01
2 5.141268592652117e-01
3 5.141268592652118e-01
4 5.175759585225068e-01
5 5.175759585225068e-01
6 5.175759585225068e-01
7 5.175759585225066e-01
8 5.175759585225070e-01
9 5.175759585225073e-01
10 5.222477301565782e-01
11 5.222477301565780e-01
12 5.222477301565789e-01
13 5.222477301565784e-01
14 5.222477301565788e-01
15 5.222477301565787e-01
16 5.222477301565792e-01
17 5.222477301565775e-01
18 5.222477301565787e-01
19 5.222477301565782e-01
20 5.222477301565788e-01
21 5.222477301565790e-01
22 5.261971085510758e-01
23 5.261971085510759e-01
24 5.261971085510755e-01
25 5.261971085510755e-01
26 5.261971085510744e-01
27 5.261971085510746e-01
28 5.261971085510746e-01
29 5.261971085510750e-01
30 5.261971085510763e-01
31 5.261971085510763e-01
32 5.261971085510768e-01
33 5.261971085510763e-01
34 5.261971085510753e-01
35 5.261971085510753e-01
36 5.261971085510756e-01
37 5.261971085510747e-01
38 5.261971085510752e-01
39 5.261971085510748e-01
40 5.261971085510762e-01
41 5.261971085510760e-01
42 5.261971085510748e-01
43 5.261971085510747e-01
44 5.261971085510744e-01
45 5.261971085510743e-01
46 5.396466978559291e-01
47 5.396466978559290e-01
48 5.396466978559298e-01
49 5.396466978559289e-01
50 5.396466978559292e-01
51 5.396466978559291e-01
52 5.396466978559287e-01
53 5.396466978559289e-01
54 5.396466978559289e-01
55 5.396466978559287e-01
56 5.396466978559288e-01
57 5.396466978559289e-01
58 5.396466978559291e-01
59 5.396466978559291e-01
60 5.396466978559293e-01
61 5.396466978559291e-01
62 5.396466978559298e-01
63 5.396466978559296e-01
64 5.396466978559298e-01
65 5.396466978559291e-01
66 5.396466978559296e-01
67 5.396466978559293e-01
68 5.396466978559292e-01
69 5.396466978559296e-01
70 5.396466978559293e-01
71 5.396466978559289e-01
72 5.396466978559291e-01
73 5.396466978559299e-01
74 5.396466978559260e-01
75 5.396466978559320e-01
76 5.396466978559297e-01
77 5.396466978559291e-01
78 5.396466978559300e-01
79 5.396466978559298e-01
80 5.396466978559296e-01
81 5.396466978559297e-01
82 5.396466978559301e-01
83 5.396466978559302e-01
84 5.396466978559298e-01
85 5.396466978559293e-01
86 5.396466978559301e-01
87 5.396466978559307e-01
88 5.396466978559294e-01
89 5.396466978559307e-01
90 5.396466978559287e-01
91 5.396466978559292e-01
92 5.396466978559292e-01
93 5.396466978559293e-01
94 5.238633982707529e-01
95 5.238633982707531e-01
96 5.238633982707532e-01
97 5.238633982707526e-01
98 5.238633982707523e-01
99 5.238633982707526e-01
100 5.238633982707528e-01
101 5.238633982707530e-01
102 5.238633982707528e-01
103 5.238633982707528e-01
104 5.238633982707528e-01
105 5.238633982707529e-01
106 5.238633982707527e-01
107 5.238633982707525e-01
108 5.238633982707517e-01
109 5.238633982707525e-01
110 5.238633982707527e-01
111 5.238633982707525e-01
112 5.238633982707532e-01
113 5.238633982707527e-01
114 5.238633982707535e-01
115 5.238633982707530e-01
116 5.238633982707530e-01
117 5.238633982707531e-01
118 5.238633982707521e-01
119 5.238633982707538e-01
120 5.238633982707520e-01
121 5.238633982707527e-01
122 5.238633982707532e-01
123 5.238633982707521e-01
124 5.238633982707530e-01
125 5.238633982707539e-01
126 5.238633982707519e-01
127 5.238633982707537e-01
128 5.238633982707538e-01
129 5.238633982707542e-01
130 5.238633982707522e-01
131 5.238633982707530e-01
132 5.238633982707536e-01
133 5.238633982707543e-01
134 5.238633982707528e-01
135 5.238633982707517e-01
136 5.238633982707528e-01
137 5.238633982707537e-01
138 5.238633982707537e-01
139 5.238633982707530e-01
140 5.238633982707538e-01
141 5.238633982707541e-01
142 5.238633982707526e-01
143 5.238633982707537e-01
144 5.238633982707537e-01
145 5.238633982707530e-01
146 5.238633982707526e-01
147 5.238633982707532e-01
148 5.238633982707511e-01
149 5.238633982707528e-01
150 5.238633982707607e-01
151 5.238633982707595e-01
152 5.238633982707488e-01
153 5.238633982707487e-01
154 5.238633982707539e-01
155 5.238633982707508e-01
156 5.238633982707535e-01
157 5.238633982707523e-01
158 5.238633982707512e-01
159 5.238633982707541e-01
160 5.238633982707532e-01
161 5.238633982707519e-01
162 5.238633982707533e-01
163 5.238633982707545e-01
164 5.238633982707537e-01
165 5.238633982707515e-01
166 5.238633982707536e-01
167 5.238633982707529e-01
168 5.238633982707537e-01
169 5.238633982707530e-01
170 5.238633982707528e-01
171 5.238633982707522e-01
172 5.238633982707550e-01
173 5.238633982707517e-01
174 5.238633982707492e-01
175 5.238633982707580e-01
176 5.238633982707539e-01
177 5.238633982707496e-01
178 5.238633982707543e-01
179 5.238633982707551e-01
180 5.238633982707528e-01
181 5.238633982707528e-01
182 5.238633982707528e-01
183 5.238633982707532e-01
184 5.238633982707523e-01
185 5.238633982707531e-01
186 5.238633982707510e-01
187 5.238633982707517e-01
188 5.238633982707517e-01
189 5.238633982707515e-01


#a = 3.000000
1 5.167514341127322e-01
2 5.167514341127322e-01
3 5.167514341127316e-01
4 5.223045374329622e-01
5 5.223045374329626e-01
6 5.223045374329630e-01
7 5.223045374329627e-01
8 5.223045374329627e-01
9 5.223045374329611e-01
10 5.267274151358743e-01
11 5.267274151358744e-01
12 5.267274151358750e-01
13 5.267274151358746e-01
14 5.267274151358753e-01
15 5.267274151358752e-01
16 5.267274151358753e-01
17 5.267274151358754e-01
18 5.267274151358748e-01
19 5.267274151358750e-01
20 5.267274151358736e-01
21 5.267274151358761e-01
22 5.329856893898746e-01
23 5.329856893898752e-01
24 5.329856893898743e-01
25 5.329856893898745e-01
26 5.329856893898740e-01
27 5.329856893898746e-01
28 5.329856893898743e-01
29 5.329856893898741e-01
30 5.329856893898737e-01
31 5.329856893898738e-01
32 5.329856893898739e-01
33 5.329856893898733e-01
34 5.329856893898723e-01
35 5.329856893898741e-01
36 5.329856893898730e-01
37 5.329856893898722e-01
38 5.329856893898746e-01
39 5.329856893898745e-01
40 5.329856893898741e-01
41 5.329856893898738e-01
42 5.329856893898736e-01
43 5.329856893898740e-01
44 5.329856893898739e-01
45 5.329856893898739e-01
46 5.326554826847711e-01
47 5.326554826847714e-01
48 5.326554826847711e-01
49 5.326554826847711e-01
50 5.326554826847713e-01
51 5.326554826847714e-01
52 5.326554826847715e-01
53 5.326554826847711e-01
54 5.326554826847711e-01
55 5.326554826847714e-01
56 5.326554826847716e-01
57 5.326554826847715e-01
58 5.326554826847716e-01
59 5.326554826847707e-01
60 5.326554826847714e-01
61 5.326554826847711e-01
62 5.326554826847711e-01
63 5.326554826847706e-01
64 5.326554826847711e-01
65 5.326554826847703e-01
66 5.326554826847714e-01
67 5.326554826847718e-01
68 5.326554826847717e-01
69 5.326554826847720e-01
70 5.326554826847718e-01
71 5.326554826847725e-01
72 5.326554826847729e-01
73 5.326554826847697e-01
74 5.326554826847673e-01
75 5.326554826847743e-01
76 5.326554826847728e-01
77 5.326554826847726e-01
78 5.326554826847731e-01
79 5.326554826847737e-01
80 5.326554826847718e-01
81 5.326554826847731e-01
82 5.326554826847729e-01
83 5.326554826847724e-01
84 5.326554826847718e-01
85 5.326554826847716e-01
86 5.326554826847713e-01
87 5.326554826847718e-01
88 5.326554826847703e-01
89 5.326554826847687e-01
90 5.326554826847718e-01
91 5.326554826847720e-01
92 5.326554826847718e-01
93 5.326554826847718e-01
94 4.979123083388645e-01
95 4.979123083388636e-01
96 4.979123083388651e-01
97 4.979123083388640e-01
98 4.979123083388651e-01
99 4.979123083388641e-01
100 4.979123083388642e-01
101 4.979123083388642e-01
102 4.979123083388637e-01
103 4.979123083388651e-01
104 4.979123083388643e-01
105 4.979123083388639e-01
106 4.979123083388634e-01
107 4.979123083388635e-01
108 4.979123083388637e-01
109 4.979123083388648e-01
110 4.979123083388647e-01
111 4.979123083388655e-01
112 4.979123083388647e-01
113 4.979123083388636e-01
114 4.979123083388648e-01
115 4.979123083388639e-01
116 4.979123083388647e-01
117 4.979123083388660e-01
118 4.979123083388617e-01
119 4.979123083388640e-01
120 4.979123083388655e-01
121 4.979123083388663e-01
122 4.979123083388620e-01
123 4.979123083388666e-01
124 4.979123083388639e-01
125 4.979123083388642e-01
126 4.979123083388637e-01
127 4.979123083388635e-01
128 4.979123083388655e-01
129 4.979123083388636e-01
130 4.979123083388620e-01
131 4.979123083388680e-01
132 4.979123083388674e-01
133 4.979123083388655e-01
134 4.979123083388649e-01
135 4.979123083388628e-01
136 4.979123083388642e-01
137 4.979123083388630e-01
138 4.979123083388620e-01
139 4.979123083388661e-01
140 4.979123083388622e-01
141 4.979123083388632e-01
142 4.979123083388644e-01
143 4.979123083388612e-01
144 4.979123083388570e-01
145 4.979123083388633e-01
146 4.979123083388640e-01
147 4.979123083388637e-01
148 4.979123083388594e-01
149 4.979123083388855e-01
150 4.979123083388878e-01
151 4.979123083388691e-01
152 4.979123083388539e-01
153 4.979123083388516e-01
154 4.979123083388637e-01
155 4.979123083388588e-01
156 4.979123083388617e-01
157 4.979123083388640e-01
158 4.979123083388614e-01
159 4.979123083388656e-01
160 4.979123083388651e-01
161 4.979123083388596e-01
162 4.979123083388746e-01
163 4.979123083388610e-01
164 4.979123083388559e-01
165 4.979123083388731e-01
166 4.979123083388618e-01
167 4.979123083388632e-01
168 4.979123083388635e-01
169 4.979123083388670e-01
170 4.979123083388656e-01
171 4.979123083388644e-01
172 4.979123083388651e-01
173 4.979123083388662e-01
174 4.979123083388718e-01
175 4.979123083388630e-01
176 4.979123083388657e-01
177 4.979123083388548e-01
178 4.979123083388622e-01
179 4.979123083388639e-01
180 4.979123083388695e-01
181 4.979123083388684e-01
182 4.979123083388634e-01
183 4.979123083388648e-01
184 4.979123083388642e-01
185 4.979123083388632e-01
186 4.979123083388716e-01
187 4.979123083388623e-01
188 4.979123083388657e-01
189 4.979123083388669e-01


#a = 4.000000
1 5.195690048397541e-01
2 5.195690048397544e-01
3 5.195690048397525e-01
4 5.262482164511736e-01
5 5.262482164511737e-01
6 5.262482164511746e-01
7 5.262482164511735e-01
8 5.262482164511733e-01
9 5.262482164511727e-01
10 5.310134481797143e-01
11 5.310134481797134e-01
12 5.310134481797143e-01
13 5.310134481797131e-01
14 5.310134481797146e-01
15 5.310134481797149e-01
16 5.310134481797149e-01
17 5.310134481797150e-01
18 5.310134481797142e-01
19 5.310134481797139e-01
20 5.310134481797134e-01
21 5.310134481797133e-01
22 5.336550629357570e-01
23 5.336550629357573e-01
24 5.336550629357560e-01
25 5.336550629357564e-01
26 5.336550629357562e-01
27 5.336550629357564e-01
28 5.336550629357568e-01
29 5.336550629357567e-01
30 5.336550629357562e-01
31 5.336550629357565e-01
32 5.336550629357560e-01
33 5.336550629357562e-01
34 5.336550629357563e-01
35 5.336550629357572e-01
36 5.336550629357570e-01
37 5.336550629357558e-01
38 5.336550629357574e-01
39 5.336550629357579e-01
40 5.336550629357570e-01
41 5.336550629357560e-01
42 5.336550629357557e-01
43 5.336550629357547e-01
44 5.336550629357555e-01
45 5.336550629357556e-01
46 5.182203671012215e-01
47 5.182203671012213e-01
48 5.182203671012220e-01
49 5.182203671012213e-01
50 5.182203671012214e-01
51 5.182203671012211e-01
52 5.182203671012215e-01
53 5.182203671012214e-01
54 5.182203671012218e-01
55 5.182203671012211e-01
56 5.182203671012217e-01
57 5.182203671012213e-01
58 5.182203671012215e-01
59 5.182203671012220e-01
60 5.182203671012227e-01
61 5.182203671012212e-01
62 5.182203671012214e-01
63 5.182203671012220e-01
64 5.182203671012213e-01
65 5.182203671012192e-01
66 5.182203671012224e-01
67 5.182203671012227e-01
68 5.182203671012220e-01
69 5.182203671012219e-01
70 5.182203671012201e-01
71 5.182203671012209e-01
72 5.182203671012218e-01
73 5.182203671012209e-01
74 5.182203671012191e-01
75 5.182203671012229e-01
76 5.182203671012222e-01
77 5.182203671012215e-01
78 5.182203671012218e-01
79 5.182203671012234e-01
80 5.182203671012211e-01
81 5.182203671012235e-01
82 5.182203671012220e-01
83 5.182203671012207e-01
84 5.182203671012235e-01
85 5.182203671012233e-01
86 5.182203671012222e-01
87 5.182203671012207e-01
88 5.182203671012251e-01
89 5.182203671012219e-01
90 5.182203671012230e-01
91 5.182203671012201e-01
92 5.182203671012213e-01
93 5.182203671012210e-01
94 4.848739676396640e-01
95 4.848739676396615e-01
96 4.848739676396640e-01
97 4.848739676396629e-01
98 4.848739676396630e-01
99 4.848739676396614e-01
100 4.848739676396636e-01
101 4.848739676396630e-01
102 4.848739676396639e-01
103 4.848739676396625e-01
104 4.848739676396620e-01
105 4.848739676396627e-01
106 4.848739676396635e-01
107 4.848739676396633e-01
108 4.848739676396656e-01
109 4.848739676396627e-01
110 4.848739676396635e-01
111 4.848739676396639e-01
112 4.848739676396561e-01
113 4.848739676396677e-01
114 4.848739676396620e-01
115 4.848739676396617e-01
116 4.848739676396659e-01
117 4.848739676396600e-01
118 4.848739676396667e-01
119 4.848739676396637e-01
120 4.848739676396642e-01
121 4.848739676396603e-01
122 4.848739676396573e-01
123 4.848739676396565e-01
124 4.848739676396653e-01
125 4.848739676396673e-01
126 4.848739676396613e-01
127 4.848739676396636e-01
128 4.848739676396582e-01
129 4.848739676396646e-01
130 4.848739676396535e-01
131 4.848739676396618e-01
132 4.848739676396756e-01
133 4.848739676396724e-01
134 4.848739676396638e-01
135 4.848739676396618e-01
136 4.848739676396635e-01
137 4.848739676396558e-01
138 4.848739676396610e-01
139 4.848739676396596e-01
140 4.848739676396668e-01
141 4.848739676396610e-01
142 4.848739676396672e-01
143 4.848739676396642e-01
144 4.848739676396562e-01
145 4.848739676396673e-01
146 4.848739676396596e-01
147 4.848739676396576e-01
148 4.848739676396455e-01
149 4.848739676396835e-01
150 4.848739676396865e-01
151 4.848739676396691e-01
152 4.848739676396635e-01
153 4.848739676396696e-01
154 4.848739676396593e-01
155 4.848739676396576e-01
156 4.848739676396621e-01
157 4.848739676396588e-01
158 4.848739676396667e-01
159 4.848739676396681e-01
160 4.848739676396605e-01
161 4.848739676396554e-01
162 4.848739676396935e-01
163 4.848739676396484e-01
164 4.848739676396359e-01
165 4.848739676396827e-01
166 4.848739676396667e-01
167 4.848739676396504e-01
168 4.848739676396682e-01
169 4.848739676396678e-01
170 4.848739676396610e-01
171 4.848739676396602e-01
172 4.848739676396644e-01
173 4.848739676396622e-01
174 4.848739676396580e-01
175 4.848739676396713e-01
176 4.848739676396497e-01
177 4.848739676397076e-01
178 4.848739676396125e-01
179 4.848739676396794e-01
180 4.848739676396637e-01
181 4.848739676396708e-01
182 4.848739676396406e-01
183 4.848739676396667e-01
184 4.848739676396892e-01
185 4.848739676396501e-01
186 4.848739676396605e-01
187 4.848739676396666e-01
188 4.848739676396672e-01
189 4.848739676396651e-01


