## Parameters ##
# z = 3
# m = 7
# t = 1.000000000000000e+00
# mu = 1.000000000000000e+00
# opt = sc
#
#
#a = 0.000000
1 5.909090909090902e-01
2 6.810446540859456e-01
3 6.810446540859454e-01
4 6.810446540859445e-01
5 6.239896631149525e-01
6 6.239896631149525e-01
7 6.239896631149523e-01
8 6.239896631149525e-01
9 6.239896631149522e-01
10 6.239896631149524e-01
11 7.100093407221700e-01
12 7.100093407221699e-01
13 7.100093407221690e-01
14 7.100093407221694e-01
15 7.100093407221689e-01
16 7.100093407221694e-01
17 7.100093407221681e-01
18 7.100093407221680e-01
19 7.100093407221693e-01
20 7.100093407221680e-01
21 7.100093407221698e-01
22 7.100093407221687e-01
23 7.006181224387418e-01
24 7.006181224387420e-01
25 7.006181224387423e-01
26 7.006181224387418e-01
27 7.006181224387417e-01
28 7.006181224387414e-01
29 7.006181224387420e-01
30 7.006181224387419e-01
31 7.006181224387423e-01
32 7.006181224387421e-01
33 7.006181224387418e-01
34 7.006181224387416e-01
35 7.006181224387416e-01
36 7.006181224387416e-01
37 7.006181224387417e-01
38 7.006181224387419e-01
39 7.006181224387419e-01
40 7.006181224387412e-01
41 7.006181224387412e-01
42 7.006181224387412e-01
43 7.006181224387417e-01
44 7.006181224387417e-01
45 7.006181224387420e-01
46 7.006181224387417e-01
47 5.195157072724195e-01
48 5.195157072724195e-01
49 5.195157072724198e-01
50 5.195157072724195e-01
51 5.195157072724201e-01
52 5.195157072724195e-01
53 5.195157072724197e-01
54 5.195157072724194e-01
55 5.195157072724198e-01
56 5.195157072724194e-01
57 5.195157072724191e-01
58 5.195157072724195e-01
59 5.195157072724192e-01
60 5.195157072724198e-01
61 5.195157072724196e-01
62 5.195157072724192e-01
63 5.195157072724192e-01
64 5.195157072724196e-01
65 5.195157072724197e-01
66 5.195157072724200e-01
67 5.195157072724198e-01
68 5.195157072724199e-01
69 5.195157072724200e-01
70 5.195157072724204e-01
71 5.195157072724192e-01
72 5.195157072724192e-01
73 5.195157072724192e-01
74 5.195157072724197e-01
75 5.195157072724197e-01
76 5.195157072724190e-01
77 5.195157072724198e-01
78 5.195157072724192e-01
79 5.195157072724192e-01
80 5.195157072724196e-01
81 5.195157072724191e-01
82 5.195157072724195e-01
83 5.195157072724190e-01
84 5.195157072724199e-01
85 5.195157072724192e-01
86 5.195157072724195e-01
87 5.195157072724201e-01
88 5.195157072724202e-01
89 5.195157072724197e-01
90 5.195157072724201e-01
91 5.195157072724197e-01
92 5.195157072724199e-01
93 5.195157072724210e-01
94 5.195157072724197e-01
95 8.161491457486604e-01
96 8.161491457486608e-01
97 8.161491457486612e-01
98 8.161491457486609e-01
99 8.161491457486608e-01
100 8.161491457486612e-01
101 8.161491457486606e-01
102 8.161491457486606e-01
103 8.161491457486604e-01
104 8.161491457486609e-01
105 8.161491457486606e-01
106 8.161491457486608e-01
107 8.161491457486613e-01
108 8.161491457486604e-01
109 8.161491457486614e-01
110 8.161491457486606e-01
111 8.161491457486606e-01
112 8.161491457486606e-01
113 8.161491457486609e-01
114 8.161491457486605e-01
115 8.161491457486616e-01
116 8.161491457486605e-01
117 8.161491457486604e-01
118 8.161491457486606e-01
119 8.161491457486608e-01
120 8.161491457486607e-01
121 8.161491457486607e-01
122 8.161491457486606e-01
123 8.161491457486603e-01
124 8.161491457486606e-01
125 8.161491457486608e-01
126 8.161491457486603e-01
127 8.161491457486607e-01
128 8.161491457486609e-01
129 8.161491457486604e-01
130 8.161491457486605e-01
131 8.161491457486609e-01
132 8.161491457486602e-01
133 8.161491457486604e-01
134 8.161491457486605e-01
135 8.161491457486606e-01
136 8.161491457486607e-01
137 8.161491457486607e-01
138 8.161491457486609e-01
139 8.161491457486609e-01
140 8.161491457486610e-01
141 8.161491457486613e-01
142 8.161491457486605e-01
143 8.161491457486605e-01
144 8.161491457486607e-01
145 8.161491457486607e-01
146 8.161491457486608e-01
147 8.161491457486605e-01
148 8.161491457486608e-01
149 8.161491457486607e-01
150 8.161491457486609e-01
151 8.161491457486598e-01
152 8.161491457486608e-01
153 8.161491457486607e-01
154 8.161491457486614e-01
155 8.161491457486595e-01
156 8.161491457486607e-01
157 8.161491457486603e-01
158 8.161491457486598e-01
159 8.161491457486595e-01
160 8.161491457486596e-01
161 8.161491457486614e-01
162 8.161491457486617e-01
163 8.161491457486608e-01
164 8.161491457486608e-01
165 8.161491457486606e-01
166 8.161491457486613e-01
167 8.161491457486605e-01
168 8.161491457486604e-01
169 8.161491457486599e-01
170 8.161491457486602e-01
171 8.161491457486606e-01
172 8.161491457486602e-01
173 8.161491457486613e-01
174 8.161491457486602e-01
175 8.161491457486605e-01
176 8.161491457486608e-01
177 8.161491457486613e-01
178 8.161491457486614e-01
179 8.161491457486602e-01
180 8.161491457486604e-01
181 8.161491457486609e-01
182 8.161491457486609e-01
183 8.161491457486612e-01
184 8.161491457486609e-01
185 8.161491457486607e-01
186 8.161491457486609e-01
187 8.161491457486610e-01
188 8.161491457486600e-01
189 8.161491457486624e-01
190 8.161491457486615e-01


#a = 1.000000
1 6.341582174953053e-01
2 6.653709381619308e-01
3 6.653709381619313e-01
4 6.653709381619297e-01
5 6.486298137671397e-01
6 6.486298137671401e-01
7 6.486298137671385e-01
8 6.486298137671402e-01
9 6.486298137671405e-01
10 6.486298137671408e-01
11 6.820526092007789e-01
12 6.820526092007794e-01
13 6.820526092007794e-01
14 6.820526092007793e-01
15 6.820526092007798e-01
16 6.820526092007791e-01
17 6.820526092007801e-01
18 6.820526092007799e-01
19 6.820526092007801e-01
20 6.820526092007789e-01
21 6.820526092007801e-01
22 6.820526092007800e-01
23 6.770958004291078e-01
24 6.770958004291073e-01
25 6.770958004291076e-01
26 6.770958004291073e-01
27 6.770958004291071e-01
28 6.770958004291074e-01
29 6.770958004291083e-01
30 6.770958004291083e-01
31 6.770958004291082e-01
32 6.770958004291074e-01
33 6.770958004291086e-01
34 6.770958004291086e-01
35 6.770958004291074e-01
36 6.770958004291078e-01
37 6.770958004291078e-01
38 6.770958004291077e-01
39 6.770958004291070e-01
40 6.770958004291077e-01
41 6.770958004291083e-01
42 6.770958004291083e-01
43 6.770958004291078e-01
44 6.770958004291080e-01
45 6.770958004291079e-01
46 6.770958004291070e-01
47 6.179256383887844e-01
48 6.179256383887842e-01
49 6.179256383887847e-01
50 6.179256383887847e-01
51 6.179256383887840e-01
52 6.179256383887840e-01
53 6.179256383887847e-01
54 6.179256383887846e-01
55 6.179256383887844e-01
56 6.179256383887841e-01
57 6.179256383887846e-01
58 6.179256383887846e-01
59 6.179256383887842e-01
60 6.179256383887847e-01
61 6.179256383887840e-01
62 6.179256383887848e-01
63 6.179256383887839e-01
64 6.179256383887840e-01
65 6.179256383887840e-01
66 6.179256383887837e-01
67 6.179256383887839e-01
68 6.179256383887840e-01
69 6.179256383887840e-01
70 6.179256383887839e-01
71 6.179256383887843e-01
72 6.179256383887842e-01
73 6.179256383887841e-01
74 6.179256383887843e-01
75 6.179256383887847e-01
76 6.179256383887840e-01
77 6.179256383887832e-01
78 6.179256383887834e-01
79 6.179256383887832e-01
80 6.179256383887844e-01
81 6.179256383887834e-01
82 6.179256383887841e-01
83 6.179256383887841e-01
84 6.179256383887843e-01
85 6.179256383887839e-01
86 6.179256383887840e-01
87 6.179256383887844e-01
88 6.179256383887847e-01
89 6.179256383887840e-01
90 6.179256383887841e-01
91 6.179256383887837e-01
92 6.179256383887837e-01
93 6.179256383887837e-01
94 6.179256383887829e-01
95 7.748186346046517e-01
96 7.748186346046517e-01
97 7.748186346046505e-01
98 7.748186346046512e-01
99 7.748186346046508e-01
100 7.748186346046514e-01
101 7.748186346046519e-01
102 7.748186346046516e-01
103 7.748186346046508e-01
104 7.748186346046517e-01
105 7.748186346046514e-01
106 7.748186346046512e-01
107 7.748186346046505e-01
108 7.748186346046515e-01
109 7.748186346046511e-01
110 7.748186346046511e-01
111 7.748186346046511e-01
112 7.748186346046505e-01
113 7.748186346046519e-01
114 7.748186346046516e-01
115 7.748186346046513e-01
116 7.748186346046508e-01
117 7.748186346046518e-01
118 7.748186346046505e-01
119 7.748186346046504e-01
120 7.748186346046514e-01
121 7.748186346046508e-01
122 7.748186346046512e-01
123 7.748186346046516e-01
124 7.748186346046507e-01
125 7.748186346046511e-01
126 7.748186346046515e-01
127 7.748186346046517e-01
128 7.748186346046512e-01
129 7.748186346046505e-01
130 7.748186346046502e-01
131 7.748186346046512e-01
132 7.748186346046509e-01
133 7.748186346046504e-01
134 7.748186346046513e-01
135 7.748186346046509e-01
136 7.748186346046517e-01
137 7.748186346046509e-01
138 7.748186346046515e-01
139 7.748186346046515e-01
140 7.748186346046508e-01
141 7.748186346046512e-01
142 7.748186346046505e-01
143 7.748186346046511e-01
144 7.748186346046506e-01
145 7.748186346046515e-01
146 7.748186346046508e-01
147 7.748186346046513e-01
148 7.748186346046501e-01
149 7.748186346046509e-01
150 7.748186346046513e-01
151 7.748186346046479e-01
152 7.748186346046517e-01
153 7.748186346046499e-01
154 7.748186346046531e-01
155 7.748186346046511e-01
156 7.748186346046515e-01
157 7.748186346046499e-01
158 7.748186346046503e-01
159 7.748186346046512e-01
160 7.748186346046511e-01
161 7.748186346046524e-01
162 7.748186346046506e-01
163 7.748186346046506e-01
164 7.748186346046509e-01
165 7.748186346046494e-01
166 7.748186346046518e-01
167 7.748186346046507e-01
168 7.748186346046525e-01
169 7.748186346046512e-01
170 7.748186346046521e-01
171 7.748186346046513e-01
172 7.748186346046514e-01
173 7.748186346046514e-01
174 7.748186346046512e-01
175 7.748186346046494e-01
176 7.748186346046514e-01
177 7.748186346046499e-01
178 7.748186346046518e-01
179 7.748186346046507e-01
180 7.748186346046505e-01
181 7.748186346046515e-01
182 7.748186346046513e-01
183 7.748186346046505e-01
184 7.748186346046514e-01
185 7.748186346046509e-01
186 7.748186346046506e-01
187 7.748186346046516e-01
188 7.748186346046512e-01
189 7.748186346046505e-01
190 7.748186346046507e-01


#a = 2.000000
1 6.516755768248130e-01
2 6.539482992299832e-01
3 6.539482992299827e-01
4 6.539482992299819e-01
5 6.553896676263146e-01
6 6.553896676263142e-01
7 6.553896676263145e-01
8 6.553896676263148e-01
9 6.553896676263136e-01
10 6.553896676263131e-01
11 6.489356791681592e-01
12 6.489356791681595e-01
13 6.489356791681616e-01
14 6.489356791681609e-01
15 6.489356791681604e-01
16 6.489356791681593e-01
17 6.489356791681592e-01
18 6.489356791681602e-01
19 6.489356791681626e-01
20 6.489356791681622e-01
21 6.489356791681611e-01
22 6.489356791681604e-01
23 6.519919869726585e-01
24 6.519919869726578e-01
25 6.519919869726567e-01
26 6.519919869726571e-01
27 6.519919869726566e-01
28 6.519919869726576e-01
29 6.519919869726567e-01
30 6.519919869726569e-01
31 6.519919869726566e-01
32 6.519919869726556e-01
33 6.519919869726577e-01
34 6.519919869726578e-01
35 6.519919869726569e-01
36 6.519919869726565e-01
37 6.519919869726560e-01
38 6.519919869726558e-01
39 6.519919869726563e-01
40 6.519919869726563e-01
41 6.519919869726580e-01
42 6.519919869726579e-01
43 6.519919869726569e-01
44 6.519919869726569e-01
45 6.519919869726567e-01
46 6.519919869726570e-01
47 6.653989615379376e-01
48 6.653989615379376e-01
49 6.653989615379394e-01
50 6.653989615379388e-01
51 6.653989615379370e-01
52 6.653989615379368e-01
53 6.653989615379388e-01
54 6.653989615379383e-01
55 6.653989615379380e-01
56 6.653989615379388e-01
57 6.653989615379372e-01
58 6.653989615379372e-01
59 6.653989615379379e-01
60 6.653989615379381e-01
61 6.653989615379370e-01
62 6.653989615379374e-01
63 6.653989615379383e-01
64 6.653989615379382e-01
65 6.653989615379376e-01
66 6.653989615379381e-01
67 6.653989615379391e-01
68 6.653989615379390e-01
69 6.653989615379383e-01
70 6.653989615379385e-01
71 6.653989615379392e-01
72 6.653989615379394e-01
73 6.653989615379383e-01
74 6.653989615379372e-01
75 6.653989615379386e-01
76 6.653989615379385e-01
77 6.653989615379375e-01
78 6.653989615379382e-01
79 6.653989615379388e-01
80 6.653989615379375e-01
81 6.653989615379380e-01
82 6.653989615379382e-01
83 6.653989615379399e-01
84 6.653989615379396e-01
85 6.653989615379398e-01
86 6.653989615379385e-01
87 6.653989615379381e-01
88 6.653989615379352e-01
89 6.653989615379379e-01
90 6.653989615379385e-01
91 6.653989615379395e-01
92 6.653989615379392e-01
93 6.653989615379369e-01
94 6.653989615379369e-01
95 6.987495367556751e-01
96 6.987495367556724e-01
97 6.987495367556740e-01
98 6.987495367556757e-01
99 6.987495367556722e-01
100 6.987495367556734e-01
101 6.987495367556743e-01
102 6.987495367556719e-01
103 6.987495367556730e-01
104 6.987495367556744e-01
105 6.987495367556728e-01
106 6.987495367556732e-01
107 6.987495367556723e-01
108 6.987495367556728e-01
109 6.987495367556749e-01
110 6.987495367556722e-01
111 6.987495367556735e-01
112 6.987495367556739e-01
113 6.987495367556720e-01
114 6.987495367556724e-01
115 6.987495367556732e-01
116 6.987495367556724e-01
117 6.987495367556718e-01
118 6.987495367556755e-01
119 6.987495367556706e-01
120 6.987495367556730e-01
121 6.987495367556722e-01
122 6.987495367556733e-01
123 6.987495367556752e-01
124 6.987495367556738e-01
125 6.987495367556744e-01
126 6.987495367556726e-01
127 6.987495367556716e-01
128 6.987495367556738e-01
129 6.987495367556746e-01
130 6.987495367556724e-01
131 6.987495367556743e-01
132 6.987495367556723e-01
133 6.987495367556741e-01
134 6.987495367556722e-01
135 6.987495367556741e-01
136 6.987495367556752e-01
137 6.987495367556738e-01
138 6.987495367556725e-01
139 6.987495367556726e-01
140 6.987495367556733e-01
141 6.987495367556700e-01
142 6.987495367556761e-01
143 6.987495367556777e-01
144 6.987495367556696e-01
145 6.987495367556722e-01
146 6.987495367556721e-01
147 6.987495367556729e-01
148 6.987495367556744e-01
149 6.987495367556784e-01
150 6.987495367556724e-01
151 6.987495367556790e-01
152 6.987495367556672e-01
153 6.987495367556766e-01
154 6.987495367556703e-01
155 6.987495367556719e-01
156 6.987495367556740e-01
157 6.987495367556706e-01
158 6.987495367556714e-01
159 6.987495367556708e-01
160 6.987495367556724e-01
161 6.987495367556734e-01
162 6.987495367556738e-01
163 6.987495367556735e-01
164 6.987495367556747e-01
165 6.987495367556745e-01
166 6.987495367556720e-01
167 6.987495367556724e-01
168 6.987495367556718e-01
169 6.987495367556743e-01
170 6.987495367556713e-01
171 6.987495367556693e-01
172 6.987495367556764e-01
173 6.987495367556683e-01
174 6.987495367556794e-01
175 6.987495367556632e-01
176 6.987495367556824e-01
177 6.987495367556773e-01
178 6.987495367556750e-01
179 6.987495367556708e-01
180 6.987495367556765e-01
181 6.987495367556701e-01
182 6.987495367556688e-01
183 6.987495367556750e-01
184 6.987495367556726e-01
185 6.987495367556744e-01
186 6.987495367556753e-01
187 6.987495367556744e-01
188 6.987495367556711e-01
189 6.987495367556739e-01
190 6.987495367556733e-01


#a = 3.000000
1 6.530818224772703e-01
2 6.528868847785719e-01
3 6.528868847785723e-01
4 6.528868847785713e-01
5 6.571260218319050e-01
6 6.571260218319039e-01
7 6.571260218319053e-01
8 6.571260218319067e-01
9 6.571260218319064e-01
10 6.571260218319075e-01
11 6.565635654601573e-01
12 6.565635654601584e-01
13 6.565635654601585e-01
14 6.565635654601585e-01
15 6.565635654601591e-01
16 6.565635654601600e-01
17 6.565635654601594e-01
18 6.565635654601593e-01
19 6.565635654601569e-01
20 6.565635654601584e-01
21 6.565635654601584e-01
22 6.565635654601600e-01
23 6.546801925334680e-01
24 6.546801925334681e-01
25 6.546801925334684e-01
26 6.546801925334680e-01
27 6.546801925334698e-01
28 6.546801925334700e-01
29 6.546801925334682e-01
30 6.546801925334679e-01
31 6.546801925334695e-01
32 6.546801925334694e-01
33 6.546801925334698e-01
34 6.546801925334698e-01
35 6.546801925334687e-01
36 6.546801925334685e-01
37 6.546801925334695e-01
38 6.546801925334688e-01
39 6.546801925334688e-01
40 6.546801925334697e-01
41 6.546801925334688e-01
42 6.546801925334705e-01
43 6.546801925334682e-01
44 6.546801925334675e-01
45 6.546801925334673e-01
46 6.546801925334673e-01
47 6.931283972725032e-01
48 6.931283972725037e-01
49 6.931283972725051e-01
50 6.931283972725053e-01
51 6.931283972725044e-01
52 6.931283972725046e-01
53 6.931283972725049e-01
54 6.931283972725049e-01
55 6.931283972725066e-01
56 6.931283972725069e-01
57 6.931283972725059e-01
58 6.931283972725059e-01
59 6.931283972725060e-01
60 6.931283972725056e-01
61 6.931283972725053e-01
62 6.931283972725055e-01
63 6.931283972725050e-01
64 6.931283972725047e-01
65 6.931283972725041e-01
66 6.931283972725044e-01
67 6.931283972725046e-01
68 6.931283972725033e-01
69 6.931283972725071e-01
70 6.931283972725075e-01
71 6.931283972725037e-01
72 6.931283972725046e-01
73 6.931283972725050e-01
74 6.931283972725006e-01
75 6.931283972725049e-01
76 6.931283972725045e-01
77 6.931283972725046e-01
78 6.931283972725031e-01
79 6.931283972725064e-01
80 6.931283972725053e-01
81 6.931283972725040e-01
82 6.931283972725034e-01
83 6.931283972725057e-01
84 6.931283972725055e-01
85 6.931283972725046e-01
86 6.931283972725061e-01
87 6.931283972725020e-01
88 6.931283972725113e-01
89 6.931283972725024e-01
90 6.931283972725056e-01
91 6.931283972725055e-01
92 6.931283972725042e-01
93 6.931283972725044e-01
94 6.931283972725062e-01
95 6.831692803832307e-01
96 6.831692803832324e-01
97 6.831692803832251e-01
98 6.831692803832352e-01
99 6.831692803832325e-01
100 6.831692803832303e-01
101 6.831692803832300e-01
102 6.831692803832325e-01
103 6.831692803832287e-01
104 6.831692803832328e-01
105 6.831692803832324e-01
106 6.831692803832320e-01
107 6.831692803832248e-01
108 6.831692803832339e-01
109 6.831692803832270e-01
110 6.831692803832349e-01
111 6.831692803832279e-01
112 6.831692803832339e-01
113 6.831692803832343e-01
114 6.831692803832321e-01
115 6.831692803832292e-01
116 6.831692803832344e-01
117 6.831692803832334e-01
118 6.831692803832288e-01
119 6.831692803832293e-01
120 6.831692803832361e-01
121 6.831692803832224e-01
122 6.831692803832408e-01
123 6.831692803832173e-01
124 6.831692803832394e-01
125 6.831692803832092e-01
126 6.831692803832489e-01
127 6.831692803832337e-01
128 6.831692803832273e-01
129 6.831692803832266e-01
130 6.831692803832363e-01
131 6.831692803832224e-01
132 6.831692803832414e-01
133 6.831692803832289e-01
134 6.831692803832347e-01
135 6.831692803832301e-01
136 6.831692803832323e-01
137 6.831692803832338e-01
138 6.831692803832338e-01
139 6.831692803832332e-01
140 6.831692803832269e-01
141 6.831692803832285e-01
142 6.831692803832317e-01
143 6.831692803832442e-01
144 6.831692803832252e-01
145 6.831692803832241e-01
146 6.831692803832412e-01
147 6.831692803832472e-01
148 6.831692803831982e-01
149 6.831692803831715e-01
150 6.831692803833085e-01
151 6.831692803832258e-01
152 6.831692803832338e-01
153 6.831692803831948e-01
154 6.831692803832693e-01
155 6.831692803832280e-01
156 6.831692803832279e-01
157 6.831692803832276e-01
158 6.831692803832388e-01
159 6.831692803832285e-01
160 6.831692803832242e-01
161 6.831692803832290e-01
162 6.831692803832371e-01
163 6.831692803832449e-01
164 6.831692803832196e-01
165 6.831692803832650e-01
166 6.831692803832060e-01
167 6.831692803832398e-01
168 6.831692803832246e-01
169 6.831692803832644e-01
170 6.831692803832036e-01
171 6.831692803832323e-01
172 6.831692803832290e-01
173 6.831692803832246e-01
174 6.831692803832311e-01
175 6.831692803832143e-01
176 6.831692803832814e-01
177 6.831692803832005e-01
178 6.831692803832213e-01
179 6.831692803832244e-01
180 6.831692803832425e-01
181 6.831692803832277e-01
182 6.831692803832352e-01
183 6.831692803832339e-01
184 6.831692803832354e-01
185 6.831692803832310e-01
186 6.831692803832402e-01
187 6.831692803832314e-01
188 6.831692803832283e-01
189 6.831692803832438e-01
190 6.831692803832122e-01


#a = 4.000000
1 6.510122165119159e-01
2 6.545061272102251e-01
3 6.545061272102247e-01
4 6.545061272102253e-01
5 6.572852234434977e-01
6 6.572852234434978e-01
7 6.572852234434979e-01
8 6.572852234434986e-01
9 6.572852234434985e-01
10 6.572852234434983e-01
11 6.582339603914664e-01
12 6.582339603914658e-01
13 6.582339603914655e-01
14 6.582339603914664e-01
15 6.582339603914651e-01
16 6.582339603914658e-01
17 6.582339603914658e-01
18 6.582339603914653e-01
19 6.582339603914664e-01
20 6.582339603914666e-01
21 6.582339603914664e-01
22 6.582339603914655e-01
23 6.651380389574593e-01
24 6.651380389574593e-01
25 6.651380389574599e-01
26 6.651380389574599e-01
27 6.651380389574593e-01
28 6.651380389574574e-01
29 6.651380389574586e-01
30 6.651380389574582e-01
31 6.651380389574579e-01
32 6.651380389574573e-01
33 6.651380389574582e-01
34 6.651380389574587e-01
35 6.651380389574590e-01
36 6.651380389574597e-01
37 6.651380389574589e-01
38 6.651380389574599e-01
39 6.651380389574586e-01
40 6.651380389574592e-01
41 6.651380389574599e-01
42 6.651380389574622e-01
43 6.651380389574603e-01
44 6.651380389574600e-01
45 6.651380389574588e-01
46 6.651380389574573e-01
47 7.064892067148405e-01
48 7.064892067148405e-01
49 7.064892067148402e-01
50 7.064892067148408e-01
51 7.064892067148395e-01
52 7.064892067148403e-01
53 7.064892067148399e-01
54 7.064892067148398e-01
55 7.064892067148397e-01
56 7.064892067148397e-01
57 7.064892067148394e-01
58 7.064892067148394e-01
59 7.064892067148399e-01
60 7.064892067148407e-01
61 7.064892067148393e-01
62 7.064892067148404e-01
63 7.064892067148389e-01
64 7.064892067148397e-01
65 7.064892067148406e-01
66 7.064892067148398e-01
67 7.064892067148388e-01
68 7.064892067148394e-01
69 7.064892067148401e-01
70 7.064892067148397e-01
71 7.064892067148382e-01
72 7.064892067148401e-01
73 7.064892067148423e-01
74 7.064892067148358e-01
75 7.064892067148373e-01
76 7.064892067148438e-01
77 7.064892067148402e-01
78 7.064892067148393e-01
79 7.064892067148405e-01
80 7.064892067148407e-01
81 7.064892067148449e-01
82 7.064892067148405e-01
83 7.064892067148413e-01
84 7.064892067148411e-01
85 7.064892067148401e-01
86 7.064892067148432e-01
87 7.064892067148412e-01
88 7.064892067148376e-01
89 7.064892067148387e-01
90 7.064892067148463e-01
91 7.064892067148389e-01
92 7.064892067148432e-01
93 7.064892067148375e-01
94 7.064892067148435e-01
95 6.736266216584099e-01
96 6.736266216584069e-01
97 6.736266216583743e-01
98 6.736266216584439e-01
99 6.736266216584119e-01
100 6.736266216584225e-01
101 6.736266216584034e-01
102 6.736266216584148e-01
103 6.736266216584178e-01
104 6.736266216584048e-01
105 6.736266216583970e-01
106 6.736266216584244e-01
107 6.736266216584165e-01
108 6.736266216583959e-01
109 6.736266216584214e-01
110 6.736266216584091e-01
111 6.736266216583556e-01
112 6.736266216584580e-01
113 6.736266216583797e-01
114 6.736266216584411e-01
115 6.736266216584058e-01
116 6.736266216584285e-01
117 6.736266216583743e-01
118 6.736266216584462e-01
119 6.736266216584166e-01
120 6.736266216584016e-01
121 6.736266216584026e-01
122 6.736266216583970e-01
123 6.736266216582674e-01
124 6.736266216585740e-01
125 6.736266216584026e-01
126 6.736266216584260e-01
127 6.736266216583688e-01
128 6.736266216584679e-01
129 6.736266216584099e-01
130 6.736266216584110e-01
131 6.736266216583924e-01
132 6.736266216584256e-01
133 6.736266216583326e-01
134 6.736266216584986e-01
135 6.736266216584260e-01
136 6.736266216584001e-01
137 6.736266216584105e-01
138 6.736266216583950e-01
139 6.736266216584101e-01
140 6.736266216584046e-01
141 6.736266216584155e-01
142 6.736266216584078e-01
143 6.736266216584608e-01
144 6.736266216583772e-01
145 6.736266216584876e-01
146 6.736266216583331e-01
147 6.736266216583064e-01
148 6.736266216584776e-01
149 6.736266216582856e-01
150 6.736266216586408e-01
151 6.736266216580807e-01
152 6.736266216587234e-01
153 6.736266216585191e-01
154 6.736266216582421e-01
155 6.736266216584352e-01
156 6.736266216583731e-01
157 6.736266216584120e-01
158 6.736266216584230e-01
159 6.736266216584059e-01
160 6.736266216584399e-01
161 6.736266216585012e-01
162 6.736266216583474e-01
163 6.736266216584218e-01
164 6.736266216583322e-01
165 6.736266216583987e-01
166 6.736266216584340e-01
167 6.736266216584227e-01
168 6.736266216583969e-01
169 6.736266216584346e-01
170 6.736266216583835e-01
171 6.736266216584096e-01
172 6.736266216584597e-01
173 6.736266216584497e-01
174 6.736266216583522e-01
175 6.736266216583605e-01
176 6.736266216584523e-01
177 6.736266216585796e-01
178 6.736266216584137e-01
179 6.736266216583309e-01
180 6.736266216585579e-01
181 6.736266216582938e-01
182 6.736266216583865e-01
183 6.736266216584231e-01
184 6.736266216584478e-01
185 6.736266216584746e-01
186 6.736266216583389e-01
187 6.736266216584397e-01
188 6.736266216583806e-01
189 6.736266216585219e-01
190 6.736266216581808e-01


