## Parameters ##
# z = 3
# m = 7
# t = 1.000000000000000e+00
# mu = 1.000000000000000e-10
# opt = sc
#
#
#a = 0.000000
1 5.909090909090903e-01
2 5.000000000000000e-01
3 5.000000000000002e-01
4 4.999999999999996e-01
5 6.060606060606063e-01
6 6.060606060606057e-01
7 6.060606060606067e-01
8 6.060606060606063e-01
9 6.060606060606059e-01
10 6.060606060606069e-01
11 4.999999999999996e-01
12 5.000000000000008e-01
13 5.000000000000000e-01
14 5.000000000000000e-01
15 5.000000000000004e-01
16 5.000000000000007e-01
17 5.000000000000002e-01
18 4.999999999999996e-01
19 4.999999999999996e-01
20 4.999999999999996e-01
21 5.000000000000003e-01
22 5.000000000000002e-01
23 6.515151515151522e-01
24 6.515151515151517e-01
25 6.515151515151530e-01
26 6.515151515151522e-01
27 6.515151515151517e-01
28 6.515151515151513e-01
29 6.515151515151526e-01
30 6.515151515151525e-01
31 6.515151515151520e-01
32 6.515151515151517e-01
33 6.515151515151509e-01
34 6.515151515151517e-01
35 6.515151515151518e-01
36 6.515151515151515e-01
37 6.515151515151520e-01
38 6.515151515151524e-01
39 6.515151515151508e-01
40 6.515151515151508e-01
41 6.515151515151514e-01
42 6.515151515151515e-01
43 6.515151515151512e-01
44 6.515151515151518e-01
45 6.515151515151525e-01
46 6.515151515151515e-01
47 4.999999999999998e-01
48 5.000000000000001e-01
49 4.999999999999999e-01
50 5.000000000000006e-01
51 5.000000000000010e-01
52 5.000000000000003e-01
53 5.000000000000004e-01
54 5.000000000000003e-01
55 4.999999999999998e-01
56 5.000000000000002e-01
57 4.999999999999999e-01
58 5.000000000000002e-01
59 4.999999999999998e-01
60 4.999999999999996e-01
61 4.999999999999998e-01
62 5.000000000000002e-01
63 5.000000000000006e-01
64 5.000000000000007e-01
65 5.000000000000004e-01
66 5.000000000000001e-01
67 4.999999999999997e-01
68 5.000000000000001e-01
69 4.999999999999998e-01
70 4.999999999999997e-01
71 5.000000000000001e-01
72 5.000000000000006e-01
73 4.999999999999996e-01
74 5.000000000000001e-01
75 4.999999999999999e-01
76 5.000000000000000e-01
77 5.000000000000000e-01
78 5.000000000000003e-01
79 4.999999999999996e-01
80 5.000000000000001e-01
81 5.000000000000001e-01
82 5.000000000000002e-01
83 5.000000000000003e-01
84 5.000000000000003e-01
85 5.000000000000007e-01
86 5.000000000000006e-01
87 4.999999999999994e-01
88 4.999999999999996e-01
89 4.999999999999996e-01
90 4.999999999999998e-01
91 4.999999999999999e-01
92 5.000000000000004e-01
93 5.000000000000001e-01
94 5.000000000000000e-01
95 7.878787878787880e-01
96 7.878787878787886e-01
97 7.878787878787878e-01
98 7.878787878787894e-01
99 7.878787878787877e-01
100 7.878787878787875e-01
101 7.878787878787875e-01
102 7.878787878787886e-01
103 7.878787878787897e-01
104 7.878787878787878e-01
105 7.878787878787897e-01
106 7.878787878787876e-01
107 7.878787878787880e-01
108 7.878787878787886e-01
109 7.878787878787881e-01
110 7.878787878787867e-01
111 7.878787878787876e-01
112 7.878787878787882e-01
113 7.878787878787885e-01
114 7.878787878787870e-01
115 7.878787878787883e-01
116 7.878787878787893e-01
117 7.878787878787875e-01
118 7.878787878787888e-01
119 7.878787878787877e-01
120 7.878787878787867e-01
121 7.878787878787892e-01
122 7.878787878787887e-01
123 7.878787878787890e-01
124 7.878787878787878e-01
125 7.878787878787871e-01
126 7.878787878787888e-01
127 7.878787878787876e-01
128 7.878787878787883e-01
129 7.878787878787888e-01
130 7.878787878787876e-01
131 7.878787878787873e-01
132 7.878787878787888e-01
133 7.878787878787875e-01
134 7.878787878787873e-01
135 7.878787878787880e-01
136 7.878787878787882e-01
137 7.878787878787881e-01
138 7.878787878787864e-01
139 7.878787878787877e-01
140 7.878787878787887e-01
141 7.878787878787878e-01
142 7.878787878787875e-01
143 7.878787878787871e-01
144 7.878787878787865e-01
145 7.878787878787874e-01
146 7.878787878787890e-01
147 7.878787878787867e-01
148 7.878787878787875e-01
149 7.878787878787885e-01
150 7.878787878787881e-01
151 7.878787878787877e-01
152 7.878787878787872e-01
153 7.878787878787884e-01
154 7.878787878787866e-01
155 7.878787878787880e-01
156 7.878787878787883e-01
157 7.878787878787871e-01
158 7.878787878787883e-01
159 7.878787878787876e-01
160 7.878787878787885e-01
161 7.878787878787877e-01
162 7.878787878787881e-01
163 7.878787878787877e-01
164 7.878787878787881e-01
165 7.878787878787881e-01
166 7.878787878787880e-01
167 7.878787878787868e-01
168 7.878787878787878e-01
169 7.878787878787873e-01
170 7.878787878787892e-01
171 7.878787878787884e-01
172 7.878787878787868e-01
173 7.878787878787886e-01
174 7.878787878787880e-01
175 7.878787878787877e-01
176 7.878787878787884e-01
177 7.878787878787881e-01
178 7.878787878787888e-01
179 7.878787878787883e-01
180 7.878787878787877e-01
181 7.878787878787883e-01
182 7.878787878787878e-01
183 7.878787878787896e-01
184 7.878787878787883e-01
185 7.878787878787886e-01
186 7.878787878787882e-01
187 7.878787878787878e-01
188 7.878787878787887e-01
189 7.878787878787891e-01
190 7.878787878787890e-01


#a = 1.000000
1 5.330781409347113e-01
2 5.000000000104764e-01
3 5.000000000104762e-01
4 5.000000000104763e-01
5 5.392671607596574e-01
6 5.392671607596564e-01
7 5.392671607596587e-01
8 5.392671607596583e-01
9 5.392671607596599e-01
10 5.392671607596575e-01
11 5.000000000106269e-01
12 5.000000000106278e-01
13 5.000000000106271e-01
14 5.000000000106272e-01
15 5.000000000106262e-01
16 5.000000000106267e-01
17 5.000000000106268e-01
18 5.000000000106276e-01
19 5.000000000106261e-01
20 5.000000000106266e-01
21 5.000000000106266e-01
22 5.000000000106271e-01
23 5.675213216767956e-01
24 5.675213216767954e-01
25 5.675213216767963e-01
26 5.675213216767960e-01
27 5.675213216767953e-01
28 5.675213216767960e-01
29 5.675213216767958e-01
30 5.675213216767959e-01
31 5.675213216767951e-01
32 5.675213216767948e-01
33 5.675213216767949e-01
34 5.675213216767947e-01
35 5.675213216767954e-01
36 5.675213216767954e-01
37 5.675213216767955e-01
38 5.675213216767951e-01
39 5.675213216767955e-01
40 5.675213216767970e-01
41 5.675213216767960e-01
42 5.675213216767964e-01
43 5.675213216767955e-01
44 5.675213216767954e-01
45 5.675213216767948e-01
46 5.675213216767954e-01
47 5.000000000101008e-01
48 5.000000000100998e-01
49 5.000000000101000e-01
50 5.000000000101001e-01
51 5.000000000101006e-01
52 5.000000000101000e-01
53 5.000000000101004e-01
54 5.000000000101004e-01
55 5.000000000100996e-01
56 5.000000000101003e-01
57 5.000000000100999e-01
58 5.000000000101004e-01
59 5.000000000100997e-01
60 5.000000000100986e-01
61 5.000000000100999e-01
62 5.000000000100998e-01
63 5.000000000100998e-01
64 5.000000000100999e-01
65 5.000000000101000e-01
66 5.000000000101006e-01
67 5.000000000101004e-01
68 5.000000000101001e-01
69 5.000000000100997e-01
70 5.000000000100999e-01
71 5.000000000101006e-01
72 5.000000000100996e-01
73 5.000000000101010e-01
74 5.000000000101001e-01
75 5.000000000100995e-01
76 5.000000000101001e-01
77 5.000000000101001e-01
78 5.000000000101004e-01
79 5.000000000101004e-01
80 5.000000000101000e-01
81 5.000000000101015e-01
82 5.000000000101001e-01
83 5.000000000100998e-01
84 5.000000000101000e-01
85 5.000000000101001e-01
86 5.000000000101004e-01
87 5.000000000101001e-01
88 5.000000000100995e-01
89 5.000000000101000e-01
90 5.000000000101006e-01
91 5.000000000101007e-01
92 5.000000000101006e-01
93 5.000000000100995e-01
94 5.000000000100999e-01
95 8.136542413918809e-01
96 8.136542413918801e-01
97 8.136542413918793e-01
98 8.136542413918797e-01
99 8.136542413918805e-01
100 8.136542413918807e-01
101 8.136542413918791e-01
102 8.136542413918801e-01
103 8.136542413918810e-01
104 8.136542413918810e-01
105 8.136542413918806e-01
106 8.136542413918804e-01
107 8.136542413918825e-01
108 8.136542413918816e-01
109 8.136542413918808e-01
110 8.136542413918805e-01
111 8.136542413918788e-01
112 8.136542413918787e-01
113 8.136542413918793e-01
114 8.136542413918805e-01
115 8.136542413918816e-01
116 8.136542413918819e-01
117 8.136542413918797e-01
118 8.136542413918794e-01
119 8.136542413918804e-01
120 8.136542413918800e-01
121 8.136542413918804e-01
122 8.136542413918800e-01
123 8.136542413918801e-01
124 8.136542413918799e-01
125 8.136542413918798e-01
126 8.136542413918793e-01
127 8.136542413918798e-01
128 8.136542413918803e-01
129 8.136542413918790e-01
130 8.136542413918790e-01
131 8.136542413918790e-01
132 8.136542413918786e-01
133 8.136542413918791e-01
134 8.136542413918801e-01
135 8.136542413918790e-01
136 8.136542413918814e-01
137 8.136542413918810e-01
138 8.136542413918807e-01
139 8.136542413918815e-01
140 8.136542413918799e-01
141 8.136542413918809e-01
142 8.136542413918805e-01
143 8.136542413918801e-01
144 8.136542413918794e-01
145 8.136542413918797e-01
146 8.136542413918807e-01
147 8.136542413918795e-01
148 8.136542413918790e-01
149 8.136542413918799e-01
150 8.136542413918809e-01
151 8.136542413918812e-01
152 8.136542413918809e-01
153 8.136542413918798e-01
154 8.136542413918812e-01
155 8.136542413918800e-01
156 8.136542413918805e-01
157 8.136542413918806e-01
158 8.136542413918793e-01
159 8.136542413918808e-01
160 8.136542413918805e-01
161 8.136542413918806e-01
162 8.136542413918803e-01
163 8.136542413918788e-01
164 8.136542413918799e-01
165 8.136542413918806e-01
166 8.136542413918820e-01
167 8.136542413918801e-01
168 8.136542413918805e-01
169 8.136542413918811e-01
170 8.136542413918804e-01
171 8.136542413918806e-01
172 8.136542413918791e-01
173 8.136542413918793e-01
174 8.136542413918794e-01
175 8.136542413918804e-01
176 8.136542413918799e-01
177 8.136542413918817e-01
178 8.136542413918812e-01
179 8.136542413918806e-01
180 8.136542413918787e-01
181 8.136542413918814e-01
182 8.136542413918810e-01
183 8.136542413918799e-01
184 8.136542413918793e-01
185 8.136542413918810e-01
186 8.136542413918803e-01
187 8.136542413918793e-01
188 8.136542413918799e-01
189 8.136542413918771e-01
190 8.136542413918771e-01


#a = 2.000000
1 5.069712017698662e-01
2 5.000000000158311e-01
3 5.000000000158310e-01
4 5.000000000158311e-01
5 5.089515850718761e-01
6 5.089515850718764e-01
7 5.089515850718764e-01
8 5.089515850718764e-01
9 5.089515850718768e-01
10 5.089515850718764e-01
11 5.000000000164599e-01
12 5.000000000164591e-01
13 5.000000000164586e-01
14 5.000000000164585e-01
15 5.000000000164601e-01
16 5.000000000164607e-01
17 5.000000000164597e-01
18 5.000000000164585e-01
19 5.000000000164586e-01
20 5.000000000164591e-01
21 5.000000000164586e-01
22 5.000000000164584e-01
23 5.217352038274765e-01
24 5.217352038274767e-01
25 5.217352038274764e-01
26 5.217352038274762e-01
27 5.217352038274761e-01
28 5.217352038274762e-01
29 5.217352038274760e-01
30 5.217352038274766e-01
31 5.217352038274773e-01
32 5.217352038274768e-01
33 5.217352038274765e-01
34 5.217352038274767e-01
35 5.217352038274761e-01
36 5.217352038274765e-01
37 5.217352038274773e-01
38 5.217352038274768e-01
39 5.217352038274774e-01
40 5.217352038274765e-01
41 5.217352038274775e-01
42 5.217352038274766e-01
43 5.217352038274773e-01
44 5.217352038274772e-01
45 5.217352038274770e-01
46 5.217352038274772e-01
47 5.000000000196466e-01
48 5.000000000196466e-01
49 5.000000000196470e-01
50 5.000000000196462e-01
51 5.000000000196466e-01
52 5.000000000196465e-01
53 5.000000000196461e-01
54 5.000000000196461e-01
55 5.000000000196465e-01
56 5.000000000196466e-01
57 5.000000000196467e-01
58 5.000000000196470e-01
59 5.000000000196465e-01
60 5.000000000196468e-01
61 5.000000000196471e-01
62 5.000000000196471e-01
63 5.000000000196470e-01
64 5.000000000196474e-01
65 5.000000000196470e-01
66 5.000000000196475e-01
67 5.000000000196472e-01
68 5.000000000196470e-01
69 5.000000000196472e-01
70 5.000000000196483e-01
71 5.000000000196478e-01
72 5.000000000196472e-01
73 5.000000000196463e-01
74 5.000000000196456e-01
75 5.000000000196523e-01
76 5.000000000196487e-01
77 5.000000000196471e-01
78 5.000000000196470e-01
79 5.000000000196467e-01
80 5.000000000196466e-01
81 5.000000000196470e-01
82 5.000000000196478e-01
83 5.000000000196467e-01
84 5.000000000196470e-01
85 5.000000000196468e-01
86 5.000000000196464e-01
87 5.000000000196478e-01
88 5.000000000196486e-01
89 5.000000000196473e-01
90 5.000000000196475e-01
91 5.000000000196457e-01
92 5.000000000196465e-01
93 5.000000000196458e-01
94 5.000000000196453e-01
95 8.272674416119943e-01
96 8.272674416119943e-01
97 8.272674416119936e-01
98 8.272674416119943e-01
99 8.272674416119938e-01
100 8.272674416119941e-01
101 8.272674416119942e-01
102 8.272674416119938e-01
103 8.272674416119938e-01
104 8.272674416119941e-01
105 8.272674416119936e-01
106 8.272674416119936e-01
107 8.272674416119935e-01
108 8.272674416119935e-01
109 8.272674416119939e-01
110 8.272674416119936e-01
111 8.272674416119936e-01
112 8.272674416119934e-01
113 8.272674416119936e-01
114 8.272674416119939e-01
115 8.272674416119939e-01
116 8.272674416119942e-01
117 8.272674416119941e-01
118 8.272674416119935e-01
119 8.272674416119948e-01
120 8.272674416119936e-01
121 8.272674416119941e-01
122 8.272674416119944e-01
123 8.272674416119937e-01
124 8.272674416119943e-01
125 8.272674416119947e-01
126 8.272674416119931e-01
127 8.272674416119947e-01
128 8.272674416119941e-01
129 8.272674416119943e-01
130 8.272674416119941e-01
131 8.272674416119946e-01
132 8.272674416119938e-01
133 8.272674416119942e-01
134 8.272674416119938e-01
135 8.272674416119939e-01
136 8.272674416119946e-01
137 8.272674416119939e-01
138 8.272674416119928e-01
139 8.272674416119931e-01
140 8.272674416119945e-01
141 8.272674416119928e-01
142 8.272674416119938e-01
143 8.272674416119945e-01
144 8.272674416119937e-01
145 8.272674416119934e-01
146 8.272674416119948e-01
147 8.272674416119946e-01
148 8.272674416119939e-01
149 8.272674416119958e-01
150 8.272674416119953e-01
151 8.272674416119863e-01
152 8.272674416119878e-01
153 8.272674416119957e-01
154 8.272674416119964e-01
155 8.272674416119937e-01
156 8.272674416119957e-01
157 8.272674416119939e-01
158 8.272674416119942e-01
159 8.272674416119944e-01
160 8.272674416119934e-01
161 8.272674416119939e-01
162 8.272674416119957e-01
163 8.272674416119963e-01
164 8.272674416119957e-01
165 8.272674416119932e-01
166 8.272674416119933e-01
167 8.272674416119936e-01
168 8.272674416119942e-01
169 8.272674416119934e-01
170 8.272674416119944e-01
171 8.272674416119944e-01
172 8.272674416119941e-01
173 8.272674416119924e-01
174 8.272674416119938e-01
175 8.272674416119944e-01
176 8.272674416119903e-01
177 8.272674416119925e-01
178 8.272674416119947e-01
179 8.272674416119942e-01
180 8.272674416119927e-01
181 8.272674416119945e-01
182 8.272674416119943e-01
183 8.272674416119934e-01
184 8.272674416119932e-01
185 8.272674416119951e-01
186 8.272674416119939e-01
187 8.272674416119938e-01
188 8.272674416119932e-01
189 8.272674416119937e-01
190 8.272674416119929e-01


#a = 3.000000
1 5.011575416356296e-01
2 5.000000000169903e-01
3 5.000000000169907e-01
4 5.000000000169902e-01
5 5.016607653551963e-01
6 5.016607653551971e-01
7 5.016607653551974e-01
8 5.016607653551972e-01
9 5.016607653551974e-01
10 5.016607653551977e-01
11 5.000000000186948e-01
12 5.000000000186944e-01
13 5.000000000186948e-01
14 5.000000000186943e-01
15 5.000000000186936e-01
16 5.000000000186934e-01
17 5.000000000186942e-01
18 5.000000000186934e-01
19 5.000000000186944e-01
20 5.000000000186942e-01
21 5.000000000186928e-01
22 5.000000000186939e-01
23 5.060941153645583e-01
24 5.060941153645588e-01
25 5.060941153645587e-01
26 5.060941153645586e-01
27 5.060941153645578e-01
28 5.060941153645583e-01
29 5.060941153645583e-01
30 5.060941153645583e-01
31 5.060941153645580e-01
32 5.060941153645582e-01
33 5.060941153645587e-01
34 5.060941153645582e-01
35 5.060941153645576e-01
36 5.060941153645588e-01
37 5.060941153645584e-01
38 5.060941153645592e-01
39 5.060941153645596e-01
40 5.060941153645593e-01
41 5.060941153645588e-01
42 5.060941153645580e-01
43 5.060941153645578e-01
44 5.060941153645576e-01
45 5.060941153645585e-01
46 5.060941153645594e-01
47 5.000000000347828e-01
48 5.000000000347826e-01
49 5.000000000347826e-01
50 5.000000000347826e-01
51 5.000000000347824e-01
52 5.000000000347826e-01
53 5.000000000347820e-01
54 5.000000000347824e-01
55 5.000000000347833e-01
56 5.000000000347833e-01
57 5.000000000347827e-01
58 5.000000000347824e-01
59 5.000000000347822e-01
60 5.000000000347828e-01
61 5.000000000347827e-01
62 5.000000000347826e-01
63 5.000000000347830e-01
64 5.000000000347824e-01
65 5.000000000347836e-01
66 5.000000000347846e-01
67 5.000000000347833e-01
68 5.000000000347834e-01
69 5.000000000347823e-01
70 5.000000000347826e-01
71 5.000000000347815e-01
72 5.000000000347811e-01
73 5.000000000347840e-01
74 5.000000000347870e-01
75 5.000000000347942e-01
76 5.000000000347884e-01
77 5.000000000347825e-01
78 5.000000000347821e-01
79 5.000000000347814e-01
80 5.000000000347815e-01
81 5.000000000347802e-01
82 5.000000000347778e-01
83 5.000000000347838e-01
84 5.000000000347840e-01
85 5.000000000347828e-01
86 5.000000000347825e-01
87 5.000000000347847e-01
88 5.000000000347792e-01
89 5.000000000347821e-01
90 5.000000000347830e-01
91 5.000000000347835e-01
92 5.000000000347827e-01
93 5.000000000347831e-01
94 5.000000000347832e-01
95 8.316939489118643e-01
96 8.316939489118634e-01
97 8.316939489118630e-01
98 8.316939489118627e-01
99 8.316939489118632e-01
100 8.316939489118627e-01
101 8.316939489118619e-01
102 8.316939489118629e-01
103 8.316939489118644e-01
104 8.316939489118639e-01
105 8.316939489118644e-01
106 8.316939489118647e-01
107 8.316939489118633e-01
108 8.316939489118622e-01
109 8.316939489118620e-01
110 8.316939489118612e-01
111 8.316939489118627e-01
112 8.316939489118620e-01
113 8.316939489118627e-01
114 8.316939489118624e-01
115 8.316939489118630e-01
116 8.316939489118640e-01
117 8.316939489118644e-01
118 8.316939489118635e-01
119 8.316939489118651e-01
120 8.316939489118629e-01
121 8.316939489118627e-01
122 8.316939489118627e-01
123 8.316939489118657e-01
124 8.316939489118622e-01
125 8.316939489118623e-01
126 8.316939489118617e-01
127 8.316939489118644e-01
128 8.316939489118647e-01
129 8.316939489118624e-01
130 8.316939489118639e-01
131 8.316939489118661e-01
132 8.316939489118611e-01
133 8.316939489118594e-01
134 8.316939489118617e-01
135 8.316939489118630e-01
136 8.316939489118647e-01
137 8.316939489118634e-01
138 8.316939489118652e-01
139 8.316939489118653e-01
140 8.316939489118622e-01
141 8.316939489118638e-01
142 8.316939489118623e-01
143 8.316939489118631e-01
144 8.316939489118650e-01
145 8.316939489118697e-01
146 8.316939489118657e-01
147 8.316939489118620e-01
148 8.316939489118634e-01
149 8.316939489118663e-01
150 8.316939489118463e-01
151 8.316939489118400e-01
152 8.316939489118548e-01
153 8.316939489118682e-01
154 8.316939489118695e-01
155 8.316939489118652e-01
156 8.316939489118684e-01
157 8.316939489118654e-01
158 8.316939489118638e-01
159 8.316939489118645e-01
160 8.316939489118629e-01
161 8.316939489118637e-01
162 8.316939489118674e-01
163 8.316939489118593e-01
164 8.316939489118674e-01
165 8.316939489118731e-01
166 8.316939489118607e-01
167 8.316939489118641e-01
168 8.316939489118637e-01
169 8.316939489118643e-01
170 8.316939489118607e-01
171 8.316939489118639e-01
172 8.316939489118647e-01
173 8.316939489118644e-01
174 8.316939489118628e-01
175 8.316939489118585e-01
176 8.316939489118652e-01
177 8.316939489118622e-01
178 8.316939489118724e-01
179 8.316939489118650e-01
180 8.316939489118641e-01
181 8.316939489118591e-01
182 8.316939489118595e-01
183 8.316939489118641e-01
184 8.316939489118625e-01
185 8.316939489118634e-01
186 8.316939489118649e-01
187 8.316939489118588e-01
188 8.316939489118659e-01
189 8.316939489118639e-01
190 8.316939489118634e-01


#a = 4.000000
1 5.001803070927444e-01
2 5.000000000167681e-01
3 5.000000000167686e-01
4 5.000000000167677e-01
5 5.002911737870971e-01
6 5.002911737870966e-01
7 5.002911737870971e-01
8 5.002911737870971e-01
9 5.002911737870965e-01
10 5.002911737870958e-01
11 5.000000000192615e-01
12 5.000000000192608e-01
13 5.000000000192609e-01
14 5.000000000192608e-01
15 5.000000000192619e-01
16 5.000000000192619e-01
17 5.000000000192617e-01
18 5.000000000192611e-01
19 5.000000000192626e-01
20 5.000000000192619e-01
21 5.000000000192608e-01
22 5.000000000192615e-01
23 5.016400079887601e-01
24 5.016400079887605e-01
25 5.016400079887600e-01
26 5.016400079887604e-01
27 5.016400079887601e-01
28 5.016400079887601e-01
29 5.016400079887606e-01
30 5.016400079887606e-01
31 5.016400079887597e-01
32 5.016400079887592e-01
33 5.016400079887601e-01
34 5.016400079887595e-01
35 5.016400079887591e-01
36 5.016400079887602e-01
37 5.016400079887606e-01
38 5.016400079887601e-01
39 5.016400079887606e-01
40 5.016400079887611e-01
41 5.016400079887603e-01
42 5.016400079887607e-01
43 5.016400079887603e-01
44 5.016400079887601e-01
45 5.016400079887593e-01
46 5.016400079887596e-01
47 5.000000000582182e-01
48 5.000000000582185e-01
49 5.000000000582190e-01
50 5.000000000582188e-01
51 5.000000000582187e-01
52 5.000000000582170e-01
53 5.000000000582189e-01
54 5.000000000582188e-01
55 5.000000000582177e-01
56 5.000000000582172e-01
57 5.000000000582177e-01
58 5.000000000582163e-01
59 5.000000000582163e-01
60 5.000000000582167e-01
61 5.000000000582134e-01
62 5.000000000582174e-01
63 5.000000000582181e-01
64 5.000000000582200e-01
65 5.000000000582171e-01
66 5.000000000582260e-01
67 5.000000000582198e-01
68 5.000000000582165e-01
69 5.000000000582189e-01
70 5.000000000582201e-01
71 5.000000000582162e-01
72 5.000000000582155e-01
73 5.000000000582152e-01
74 5.000000000582218e-01
75 5.000000000582245e-01
76 5.000000000582171e-01
77 5.000000000582171e-01
78 5.000000000582184e-01
79 5.000000000582159e-01
80 5.000000000582203e-01
81 5.000000000582081e-01
82 5.000000000582059e-01
83 5.000000000582140e-01
84 5.000000000582169e-01
85 5.000000000582205e-01
86 5.000000000582197e-01
87 5.000000000582170e-01
88 5.000000000582194e-01
89 5.000000000582145e-01
90 5.000000000582283e-01
91 5.000000000582228e-01
92 5.000000000582193e-01
93 5.000000000582210e-01
94 5.000000000582192e-01
95 8.329032547435247e-01
96 8.329032547435256e-01
97 8.329032547435240e-01
98 8.329032547435250e-01
99 8.329032547435253e-01
100 8.329032547435270e-01
101 8.329032547435236e-01
102 8.329032547435244e-01
103 8.329032547435243e-01
104 8.329032547435272e-01
105 8.329032547435269e-01
106 8.329032547435266e-01
107 8.329032547435251e-01
108 8.329032547435253e-01
109 8.329032547435230e-01
110 8.329032547435258e-01
111 8.329032547435268e-01
112 8.329032547435268e-01
113 8.329032547435303e-01
114 8.329032547435232e-01
115 8.329032547435253e-01
116 8.329032547435253e-01
117 8.329032547435244e-01
118 8.329032547435288e-01
119 8.329032547435227e-01
120 8.329032547435246e-01
121 8.329032547435246e-01
122 8.329032547435271e-01
123 8.329032547435319e-01
124 8.329032547435321e-01
125 8.329032547435252e-01
126 8.329032547435241e-01
127 8.329032547435282e-01
128 8.329032547435264e-01
129 8.329032547435301e-01
130 8.329032547435237e-01
131 8.329032547435338e-01
132 8.329032547435271e-01
133 8.329032547435143e-01
134 8.329032547435158e-01
135 8.329032547435246e-01
136 8.329032547435262e-01
137 8.329032547435266e-01
138 8.329032547435318e-01
139 8.329032547435279e-01
140 8.329032547435291e-01
141 8.329032547435218e-01
142 8.329032547435268e-01
143 8.329032547435244e-01
144 8.329032547435268e-01
145 8.329032547435318e-01
146 8.329032547435237e-01
147 8.329032547435303e-01
148 8.329032547435318e-01
149 8.329032547435382e-01
150 8.329032547435111e-01
151 8.329032547435054e-01
152 8.329032547435212e-01
153 8.329032547435301e-01
154 8.329032547435228e-01
155 8.329032547435297e-01
156 8.329032547435313e-01
157 8.329032547435268e-01
158 8.329032547435289e-01
159 8.329032547435256e-01
160 8.329032547435244e-01
161 8.329032547435271e-01
162 8.329032547435310e-01
163 8.329032547435097e-01
164 8.329032547435414e-01
165 8.329032547435502e-01
166 8.329032547435193e-01
167 8.329032547435254e-01
168 8.329032547435380e-01
169 8.329032547435237e-01
170 8.329032547435234e-01
171 8.329032547435277e-01
172 8.329032547435267e-01
173 8.329032547435248e-01
174 8.329032547435257e-01
175 8.329032547435308e-01
176 8.329032547435203e-01
177 8.329032547435361e-01
178 8.329032547434950e-01
179 8.329032547435656e-01
180 8.329032547435181e-01
181 8.329032547435210e-01
182 8.329032547435165e-01
183 8.329032547435398e-01
184 8.329032547435211e-01
185 8.329032547435086e-01
186 8.329032547435337e-01
187 8.329032547435273e-01
188 8.329032547435229e-01
189 8.329032547435226e-01
190 8.329032547435248e-01


