## Parameters ##
# z = 3
# m = 7
# t = 1.000000000000000e+00
# mu = 1.000000000000000e-10
# opt = sc
#
#
#a = 0.000000
1 5.909090909090903e-01
2 5.000000000000000e-01
3 6.060606060606063e-01
4 4.999999999999996e-01
5 6.515151515151522e-01
6 4.999999999999998e-01
7 7.878787878787880e-01


#a = 1.000000
1 5.330781409347113e-01
2 5.000000000104764e-01
3 5.392671607596574e-01
4 5.000000000106269e-01
5 5.675213216767956e-01
6 5.000000000101008e-01
7 8.136542413918809e-01


#a = 2.000000
1 5.069712017698662e-01
2 5.000000000158311e-01
3 5.089515850718761e-01
4 5.000000000164599e-01
5 5.217352038274765e-01
6 5.000000000196466e-01
7 8.272674416119943e-01


#a = 3.000000
1 5.011575416356296e-01
2 5.000000000169903e-01
3 5.016607653551963e-01
4 5.000000000186948e-01
5 5.060941153645583e-01
6 5.000000000347828e-01
7 8.316939489118643e-01


#a = 4.000000
1 5.001803070927444e-01
2 5.000000000167681e-01
3 5.002911737870971e-01
4 5.000000000192615e-01
5 5.016400079887601e-01
6 5.000000000582182e-01
7 8.329032547435247e-01


