## Parameters ##
# z = 3
# m = 7
# t = 1.000000000000000e+00
# mu = 1.000000000000000e+00
# opt = sc
#
#
#a = 0.000000
1 5.909090909090902e-01
2 6.810446540859456e-01
3 6.239896631149525e-01
4 7.100093407221700e-01
5 7.006181224387418e-01
6 5.195157072724195e-01
7 8.161491457486604e-01


#a = 1.000000
1 6.341582174953053e-01
2 6.653709381619308e-01
3 6.486298137671397e-01
4 6.820526092007789e-01
5 6.770958004291078e-01
6 6.179256383887844e-01
7 7.748186346046517e-01


#a = 2.000000
1 6.516755768248130e-01
2 6.539482992299832e-01
3 6.553896676263146e-01
4 6.489356791681592e-01
5 6.519919869726585e-01
6 6.653989615379376e-01
7 6.987495367556751e-01


#a = 3.000000
1 6.530818224772703e-01
2 6.528868847785719e-01
3 6.571260218319050e-01
4 6.565635654601573e-01
5 6.546801925334680e-01
6 6.931283972725032e-01
7 6.831692803832307e-01


#a = 4.000000
1 6.510122165119159e-01
2 6.545061272102251e-01
3 6.572852234434977e-01
4 6.582339603914664e-01
5 6.651380389574593e-01
6 7.064892067148405e-01
7 6.736266216584099e-01


