## Parameters ##
# z = 3
# m = 7
# t = 1.000000000000000e+00
# mu = 1.000000000000000e+00
# opt = sc
#
#
#a = 0.000000
1 -3.672327845840653e+00
2 -3.548324784527069e+00
3 -3.548324784527068e+00
4 -3.449489742783184e+00
5 -3.449489742783181e+00
6 -3.449489742783178e+00
7 -3.288245611270742e+00
8 -3.288245611270741e+00
9 -3.288245611270739e+00
10 -3.288245611270736e+00
11 -3.288245611270735e+00
12 -3.288245611270729e+00
13 -3.117749265817823e+00
14 -3.000000000000006e+00
15 -3.000000000000003e+00
16 -3.000000000000003e+00
17 -3.000000000000001e+00
18 -3.000000000000001e+00
19 -3.000000000000001e+00
20 -3.000000000000000e+00
21 -2.999999999999999e+00
22 -2.999999999999998e+00
23 -2.999999999999997e+00
24 -2.999999999999997e+00
25 -2.999999999999995e+00
26 -2.763495467579869e+00
27 -2.763495467579868e+00
28 -2.414213562373101e+00
29 -2.414213562373100e+00
30 -2.414213562373100e+00
31 -2.414213562373098e+00
32 -2.414213562373098e+00
33 -2.414213562373098e+00
34 -2.414213562373097e+00
35 -2.414213562373097e+00
36 -2.414213562373096e+00
37 -2.414213562373096e+00
38 -2.414213562373095e+00
39 -2.414213562373095e+00
40 -2.414213562373095e+00
41 -2.414213562373095e+00
42 -2.414213562373095e+00
43 -2.414213562373094e+00
44 -2.414213562373094e+00
45 -2.414213562373094e+00
46 -2.414213562373093e+00
47 -2.414213562373093e+00
48 -2.414213562373093e+00
49 -2.414213562373092e+00
50 -2.414213562373092e+00
51 -2.414213562373092e+00
52 -2.414213562373091e+00
53 -2.414213562373090e+00
54 -2.414213562373089e+00
55 -2.172092970490268e+00
56 -1.874032048897644e+00
57 -1.874032048897644e+00
58 -1.874032048897643e+00
59 -1.874032048897643e+00
60 -1.874032048897642e+00
61 -1.874032048897641e+00
62 -1.629384245425898e+00
63 -1.629384245425894e+00
64 -1.000000000000005e+00
65 -1.000000000000004e+00
66 -1.000000000000004e+00
67 -1.000000000000004e+00
68 -1.000000000000003e+00
69 -1.000000000000003e+00
70 -1.000000000000003e+00
71 -1.000000000000002e+00
72 -1.000000000000002e+00
73 -1.000000000000002e+00
74 -1.000000000000002e+00
75 -1.000000000000002e+00
76 -1.000000000000002e+00
77 -1.000000000000002e+00
78 -1.000000000000001e+00
79 -1.000000000000001e+00
80 -1.000000000000001e+00
81 -1.000000000000001e+00
82 -1.000000000000001e+00
83 -1.000000000000001e+00
84 -1.000000000000001e+00
85 -1.000000000000001e+00
86 -1.000000000000001e+00
87 -1.000000000000001e+00
88 -1.000000000000001e+00
89 -1.000000000000000e+00
90 -1.000000000000000e+00
91 -1.000000000000000e+00
92 -1.000000000000000e+00
93 -1.000000000000000e+00
94 -1.000000000000000e+00
95 -9.999999999999999e-01
96 -9.999999999999998e-01
97 -9.999999999999998e-01
98 -9.999999999999998e-01
99 -9.999999999999997e-01
100 -9.999999999999994e-01
101 -9.999999999999994e-01
102 -9.999999999999993e-01
103 -9.999999999999991e-01
104 -9.999999999999991e-01
105 -9.999999999999991e-01
106 -9.999999999999990e-01
107 -9.999999999999989e-01
108 -9.999999999999989e-01
109 -9.999999999999988e-01
110 -9.999999999999986e-01
111 -9.999999999999984e-01
112 -9.999999999999982e-01
113 -9.999999999999980e-01
114 -9.999999999999980e-01
115 -9.999999999999977e-01
116 -9.999999999999977e-01
117 -9.999999999999976e-01
118 -9.999999999999976e-01
119 -9.999999999999973e-01
120 -9.999999999999972e-01
121 -9.999999999999971e-01
122 -9.999999999999970e-01
123 -9.999999999999969e-01
124 -9.999999999999964e-01
125 -9.999999999999963e-01
126 -9.999999999999963e-01
127 -9.999999999999958e-01
128 -3.706157545741050e-01
129 -3.706157545741012e-01
130 -1.259679511023593e-01
131 -1.259679511023590e-01
132 -1.259679511023571e-01
133 -1.259679511023563e-01
134 -1.259679511023541e-01
135 -1.259679511023537e-01
136 1.720929704902676e-01
137 4.142135623730906e-01
138 4.142135623730913e-01
139 4.142135623730920e-01
140 4.142135623730922e-01
141 4.142135623730929e-01
142 4.142135623730935e-01
143 4.142135623730935e-01
144 4.142135623730940e-01
145 4.142135623730943e-01
146 4.142135623730944e-01
147 4.142135623730948e-01
148 4.142135623730950e-01
149 4.142135623730952e-01
150 4.142135623730953e-01
151 4.142135623730959e-01
152 4.142135623730965e-01
153 4.142135623730968e-01
154 4.142135623730968e-01
155 4.142135623730971e-01
156 4.142135623730974e-01
157 4.142135623730974e-01
158 4.142135623730975e-01
159 4.142135623730980e-01
160 4.142135623730983e-01
161 4.142135623730984e-01
162 4.142135623730986e-01
163 4.142135623731006e-01
164 7.634954675798719e-01
165 7.634954675798749e-01
166 9.999999999999951e-01
167 9.999999999999971e-01
168 9.999999999999988e-01
169 9.999999999999993e-01
170 9.999999999999998e-01
171 9.999999999999999e-01
172 1.000000000000001e+00
173 1.000000000000002e+00
174 1.000000000000002e+00
175 1.000000000000002e+00
176 1.000000000000005e+00
177 1.000000000000006e+00
178 1.117749265817821e+00
179 1.288245611270736e+00
180 1.288245611270736e+00
181 1.288245611270737e+00
182 1.288245611270737e+00
183 1.288245611270737e+00
184 1.288245611270740e+00
185 1.449489742783180e+00
186 1.449489742783182e+00
187 1.449489742783182e+00
188 1.548324784527068e+00
189 1.548324784527068e+00
190 1.672327845840656e+00


#a = 1.000000
1 -3.268070539644320e+00
2 -2.743702535374283e+00
3 -2.743702535374282e+00
4 -2.295743834129439e+00
5 -2.295743834129438e+00
6 -2.295743834129435e+00
7 -2.067276965630871e+00
8 -1.760453431345255e+00
9 -1.760453431345254e+00
10 -1.760453431345254e+00
11 -1.760453431345254e+00
12 -1.760453431345252e+00
13 -1.760453431345249e+00
14 -1.567627680530086e+00
15 -1.567627680530085e+00
16 -1.174955506573174e+00
17 -1.174955506573174e+00
18 -1.174955506573174e+00
19 -1.174955506573173e+00
20 -1.174955506573173e+00
21 -1.174955506573173e+00
22 -1.174955506573173e+00
23 -1.174955506573172e+00
24 -1.174955506573172e+00
25 -1.174955506573172e+00
26 -1.174955506573172e+00
27 -1.174955506573171e+00
28 -1.102646617140485e+00
29 -1.102646617140484e+00
30 -1.102646617140483e+00
31 -1.089632317828446e+00
32 -6.898178289980650e-01
33 -6.898178289980630e-01
34 -6.337129652239497e-01
35 -6.337129652239486e-01
36 -6.337129652239486e-01
37 -6.337129652239479e-01
38 -6.337129652239475e-01
39 -6.337129652239473e-01
40 -5.956782475531833e-01
41 -5.956782475531830e-01
42 -5.956782475531829e-01
43 -5.956782475531829e-01
44 -5.956782475531828e-01
45 -5.956782475531828e-01
46 -5.956782475531820e-01
47 -5.956782475531820e-01
48 -5.956782475531819e-01
49 -5.956782475531818e-01
50 -5.956782475531817e-01
51 -5.956782475531817e-01
52 -5.956782475531816e-01
53 -5.956782475531816e-01
54 -5.956782475531816e-01
55 -5.956782475531814e-01
56 -5.956782475531812e-01
57 -5.956782475531811e-01
58 -5.956782475531810e-01
59 -5.956782475531810e-01
60 -5.956782475531809e-01
61 -5.956782475531803e-01
62 -5.956782475531797e-01
63 -5.956782475531797e-01
64 -3.753794310285411e-01
65 -3.178683552177747e-01
66 -3.178683552177731e-01
67 -3.178683552177712e-01
68 -2.228556944983784e-01
69 -2.228556944983784e-01
70 -2.228556944983781e-01
71 -2.228556944983777e-01
72 -2.228556944983776e-01
73 -2.228556944983773e-01
74 -2.228556944983772e-01
75 -2.228556944983772e-01
76 -2.228556944983770e-01
77 -2.228556944983769e-01
78 -2.228556944983764e-01
79 -2.228556944983758e-01
80 -1.205366802553257e-01
81 -1.205366802553247e-01
82 -1.205366802553246e-01
83 -1.205366802553242e-01
84 -1.205366802553242e-01
85 -1.205366802553239e-01
86 -1.205366802553238e-01
87 -1.205366802553238e-01
88 -1.205366802553237e-01
89 -1.205366802553237e-01
90 -1.205366802553236e-01
91 -1.205366802553236e-01
92 -1.205366802553235e-01
93 -1.205366802553234e-01
94 -1.205366802553234e-01
95 -1.205366802553233e-01
96 -1.205366802553233e-01
97 -1.205366802553233e-01
98 -1.205366802553232e-01
99 -1.205366802553232e-01
100 -1.205366802553231e-01
101 -1.205366802553231e-01
102 -1.205366802553231e-01
103 -1.205366802553231e-01
104 -1.205366802553230e-01
105 -1.205366802553230e-01
106 -1.205366802553230e-01
107 -1.205366802553229e-01
108 -1.205366802553229e-01
109 -1.205366802553228e-01
110 -1.205366802553228e-01
111 -1.205366802553227e-01
112 -1.205366802553227e-01
113 -1.205366802553227e-01
114 -1.205366802553226e-01
115 -1.205366802553226e-01
116 -1.205366802553226e-01
117 -1.205366802553225e-01
118 -1.205366802553225e-01
119 -1.205366802553224e-01
120 -1.205366802553223e-01
121 -1.205366802553221e-01
122 -1.205366802553221e-01
123 -1.205366802553219e-01
124 -1.205366802553218e-01
125 -1.205366802553215e-01
126 -1.205366802553211e-01
127 -1.205366802553197e-01
128 -1.078203001501699e-01
129 -1.078203001501695e-01
130 -9.310115134085915e-03
131 -9.310115134085459e-03
132 -9.310115134085381e-03
133 -9.310115134085304e-03
134 -9.310115134084727e-03
135 -9.310115134084335e-03
136 9.042460267601707e-02
137 1.205366802553212e-01
138 1.205366802553219e-01
139 1.205366802553224e-01
140 1.205366802553225e-01
141 1.205366802553227e-01
142 1.205366802553229e-01
143 1.205366802553229e-01
144 1.205366802553229e-01
145 1.205366802553230e-01
146 1.205366802553230e-01
147 1.205366802553232e-01
148 1.205366802553232e-01
149 1.205366802553232e-01
150 1.205366802553233e-01
151 1.205366802553233e-01
152 1.205366802553234e-01
153 1.205366802553235e-01
154 1.205366802553235e-01
155 1.205366802553236e-01
156 1.205366802553238e-01
157 1.205366802553239e-01
158 1.205366802553240e-01
159 1.205366802553246e-01
160 1.205366802553260e-01
161 1.722622198045497e-01
162 1.722622198045504e-01
163 1.722622198045511e-01
164 3.546048870425331e-01
165 3.546048870425340e-01
166 3.546048870425342e-01
167 3.546048870425347e-01
168 3.546048870425350e-01
169 3.546048870425351e-01
170 3.546048870425351e-01
171 3.546048870425361e-01
172 3.546048870425361e-01
173 3.546048870425362e-01
174 3.546048870425363e-01
175 3.546048870425366e-01
176 3.642054908543634e-01
177 3.642054908543636e-01
178 6.117594495031707e-01
179 6.117594495031713e-01
180 6.117594495031725e-01
181 6.117594495031726e-01
182 6.117594495031727e-01
183 6.117594495031728e-01
184 6.403413990789808e-01
185 8.668234988298155e-01
186 8.668234988298187e-01
187 8.668234988298199e-01
188 1.096647948918859e+00
189 1.096647948918861e+00
190 1.421478347097804e+00


#a = 2.000000
1 -3.109707246208850e+00
2 -2.394801685686011e+00
3 -2.394801685686006e+00
4 -1.769505703036564e+00
5 -1.769505703036563e+00
6 -1.769505703036563e+00
7 -1.623338932809554e+00
8 -1.114877012378898e+00
9 -1.114877012378898e+00
10 -1.114877012378896e+00
11 -1.114877012378896e+00
12 -1.114877012378895e+00
13 -1.114877012378895e+00
14 -1.073377230510276e+00
15 -1.073377230510272e+00
16 -6.434955827752892e-01
17 -6.005935006602574e-01
18 -6.005935006602571e-01
19 -6.005935006602571e-01
20 -5.494323561086929e-01
21 -5.494323561086926e-01
22 -5.494323561086921e-01
23 -5.494323561086918e-01
24 -5.494323561086911e-01
25 -5.494323561086911e-01
26 -5.494323561086908e-01
27 -5.494323561086906e-01
28 -5.494323561086903e-01
29 -5.494323561086903e-01
30 -5.494323561086900e-01
31 -5.494323561086888e-01
32 -3.185195176399150e-01
33 -3.185195176399150e-01
34 -2.384977525634510e-01
35 -2.384977525634506e-01
36 -2.384977525634505e-01
37 -2.384977525634499e-01
38 -2.384977525634494e-01
39 -2.384977525634494e-01
40 -1.683834097625625e-01
41 -1.683834097625623e-01
42 -1.683834097625622e-01
43 -1.683834097625617e-01
44 -1.683834097625616e-01
45 -1.683834097625615e-01
46 -1.683834097625614e-01
47 -1.683834097625613e-01
48 -1.683834097625613e-01
49 -1.683834097625612e-01
50 -1.683834097625612e-01
51 -1.683834097625612e-01
52 -1.683834097625611e-01
53 -1.683834097625610e-01
54 -1.683834097625610e-01
55 -1.683834097625609e-01
56 -1.683834097625609e-01
57 -1.683834097625608e-01
58 -1.683834097625607e-01
59 -1.683834097625606e-01
60 -1.683834097625601e-01
61 -1.683834097625599e-01
62 -1.683834097625595e-01
63 -1.683834097625595e-01
64 -1.247366636502867e-01
65 -8.517724220237083e-02
66 -8.517724220237027e-02
67 -8.517724220236941e-02
68 -4.112356403974111e-02
69 -4.112356403974047e-02
70 -4.112356403974039e-02
71 -4.112356403974017e-02
72 -4.112356403973996e-02
73 -4.112356403973996e-02
74 -4.112356403973996e-02
75 -4.112356403973993e-02
76 -4.112356403973991e-02
77 -4.112356403973963e-02
78 -4.112356403973928e-02
79 -4.112356403973867e-02
80 -1.889172924383875e-02
81 -1.889172924383808e-02
82 -1.452909128697592e-02
83 -1.452909128697566e-02
84 -1.452909128697563e-02
85 -1.452909128697531e-02
86 -1.452909128697519e-02
87 -1.452909128697510e-02
88 -1.452909128697497e-02
89 -1.452909128697493e-02
90 -1.452909128697475e-02
91 -1.452909128697470e-02
92 -1.452909128697467e-02
93 -1.452909128697462e-02
94 -1.452909128697451e-02
95 -1.452909128697451e-02
96 -1.452909128697450e-02
97 -1.452909128697438e-02
98 -1.452909128697437e-02
99 -1.452909128697421e-02
100 -1.452909128697411e-02
101 -1.452909128697409e-02
102 -1.452909128697406e-02
103 -1.452909128697398e-02
104 -1.452909128697398e-02
105 -1.452909128697397e-02
106 -1.452909128697387e-02
107 -1.452909128697380e-02
108 -1.452909128697380e-02
109 -1.452909128697373e-02
110 -1.452909128697366e-02
111 -1.452909128697359e-02
112 -1.452909128697358e-02
113 -1.452909128697352e-02
114 -1.452909128697336e-02
115 -1.452909128697336e-02
116 -1.452909128697328e-02
117 -1.452909128697327e-02
118 -1.452909128697326e-02
119 -1.452909128697322e-02
120 -1.452909128697320e-02
121 -1.452909128697319e-02
122 -1.452909128697316e-02
123 -1.452909128697302e-02
124 -1.452909128697285e-02
125 -1.452909128697285e-02
126 -1.452909128697275e-02
127 -1.452909128697266e-02
128 -1.452909128697259e-02
129 -1.452909128697233e-02
130 2.471899913474100e-03
131 2.471899913474733e-03
132 2.471899913474856e-03
133 2.471899913474864e-03
134 2.471899913475341e-03
135 2.471899913477360e-03
136 2.685378832531150e-02
137 2.810969256113553e-02
138 2.810969256113569e-02
139 2.810969256113596e-02
140 2.810969256113663e-02
141 2.810969256113667e-02
142 2.810969256113682e-02
143 2.810969256113692e-02
144 2.810969256113711e-02
145 2.810969256113719e-02
146 2.810969256113723e-02
147 2.810969256113724e-02
148 2.810969256113739e-02
149 2.810969256113743e-02
150 2.810969256113746e-02
151 2.810969256113751e-02
152 2.810969256113762e-02
153 2.810969256113768e-02
154 2.810969256113782e-02
155 2.810969256113788e-02
156 2.810969256113801e-02
157 2.810969256113803e-02
158 2.810969256113842e-02
159 2.810969256113867e-02
160 2.810969256113896e-02
161 5.216645935119615e-02
162 5.216645935119634e-02
163 5.216645935119658e-02
164 1.275846464682742e-01
165 1.275846464682743e-01
166 1.275846464682744e-01
167 1.275846464682745e-01
168 1.275846464682748e-01
169 1.275846464682751e-01
170 1.275846464682754e-01
171 1.275846464682756e-01
172 1.275846464682762e-01
173 1.275846464682764e-01
174 1.275846464682769e-01
175 1.275846464682771e-01
176 1.695160821332756e-01
177 1.695160821332767e-01
178 3.276632512210541e-01
179 3.276632512210541e-01
180 3.276632512210548e-01
181 3.276632512210549e-01
182 3.276632512210555e-01
183 3.276632512210559e-01
184 4.110414611605023e-01
185 5.958379993745972e-01
186 5.958379993745975e-01
187 5.958379993745994e-01
188 8.860740809467589e-01
189 8.860740809467597e-01
190 1.313383175958163e+00


#a = 3.000000
1 -2.999953014214914e+00
2 -2.152217962771412e+00
3 -2.152217962771408e+00
4 -1.417706548968699e+00
5 -1.417706548968698e+00
6 -1.417706548968694e+00
7 -1.337403003294618e+00
8 -7.802378854590390e-01
9 -7.802378854590388e-01
10 -7.409967236852936e-01
11 -7.409967236852929e-01
12 -7.409967236852926e-01
13 -7.409967236852926e-01
14 -7.409967236852923e-01
15 -7.409967236852907e-01
16 -4.053162826397547e-01
17 -3.483960627362785e-01
18 -3.483960627362770e-01
19 -3.483960627362768e-01
20 -2.723211273721002e-01
21 -2.723211273721001e-01
22 -2.723211273720995e-01
23 -2.723211273720991e-01
24 -2.723211273720991e-01
25 -2.723211273720990e-01
26 -2.723211273720987e-01
27 -2.723211273720986e-01
28 -2.723211273720986e-01
29 -2.723211273720983e-01
30 -2.723211273720979e-01
31 -2.723211273720977e-01
32 -1.536440937776510e-01
33 -1.536440937776501e-01
34 -9.487154611520984e-02
35 -9.487154611520954e-02
36 -9.487154611520922e-02
37 -9.487154611520897e-02
38 -9.487154611520887e-02
39 -9.487154611520826e-02
40 -5.205809995896056e-02
41 -5.205809995896053e-02
42 -5.205809995896040e-02
43 -5.205809995896019e-02
44 -5.205809995896013e-02
45 -5.205809995895994e-02
46 -5.205809995895971e-02
47 -5.205809995895967e-02
48 -5.205809995895930e-02
49 -5.205809995895928e-02
50 -5.205809995895925e-02
51 -5.205809995895924e-02
52 -5.205809995895919e-02
53 -5.205809995895919e-02
54 -5.205809995895915e-02
55 -5.205809995895914e-02
56 -5.205809995895914e-02
57 -5.205809995895911e-02
58 -5.205809995895908e-02
59 -5.205809995895904e-02
60 -5.205809995895903e-02
61 -5.205809995895872e-02
62 -5.205809995895821e-02
63 -5.205809995895787e-02
64 -4.216204225636455e-02
65 -2.177450940017767e-02
66 -2.177450940017730e-02
67 -2.177450940017701e-02
68 -6.684778858046554e-03
69 -6.684778858046481e-03
70 -6.684778858046265e-03
71 -6.684778858046207e-03
72 -6.684778858045900e-03
73 -6.684778858045862e-03
74 -6.684778858045678e-03
75 -6.684778858045642e-03
76 -6.684778858045588e-03
77 -6.684778858045554e-03
78 -6.684778858045227e-03
79 -6.684778858045188e-03
80 -2.597446018959459e-03
81 -2.597446018958986e-03
82 -1.751288430859633e-03
83 -1.751288430859479e-03
84 -1.751288430859297e-03
85 -1.751288430859242e-03
86 -1.751288430859152e-03
87 -1.751288430859137e-03
88 -1.751288430859058e-03
89 -1.751288430859048e-03
90 -1.751288430859034e-03
91 -1.751288430858980e-03
92 -1.751288430858916e-03
93 -1.751288430858894e-03
94 -1.751288430858854e-03
95 -1.751288430858844e-03
96 -1.751288430858765e-03
97 -1.751288430858708e-03
98 -1.751288430858659e-03
99 -1.751288430858577e-03
100 -1.751288430858573e-03
101 -1.751288430858510e-03
102 -1.751288430858491e-03
103 -1.751288430858463e-03
104 -1.751288430858426e-03
105 -1.751288430858359e-03
106 -1.751288430858303e-03
107 -1.751288430858261e-03
108 -1.751288430858198e-03
109 -1.751288430858069e-03
110 -1.751288430858044e-03
111 -1.751288430858021e-03
112 -1.751288430858008e-03
113 -1.751288430857994e-03
114 -1.751288430857860e-03
115 -1.751288430857842e-03
116 -1.751288430857807e-03
117 -1.751288430857727e-03
118 -1.751288430857641e-03
119 -1.751288430857617e-03
120 -1.751288430857508e-03
121 -1.751288430857431e-03
122 -1.751288430857407e-03
123 -1.751288430857399e-03
124 -1.751288430857303e-03
125 -1.751288430857202e-03
126 -1.751288430856797e-03
127 -1.751288430856700e-03
128 -1.751288430856673e-03
129 -1.751288430856237e-03
130 9.901373178761901e-04
131 9.901373178764499e-04
132 9.901373178768185e-04
133 9.901373178768747e-04
134 9.901373178769011e-04
135 9.901373178774042e-04
136 5.717152659500182e-03
137 5.717152659500483e-03
138 5.717152659500588e-03
139 5.717152659500729e-03
140 5.717152659500839e-03
141 5.717152659500930e-03
142 5.717152659500948e-03
143 5.717152659501067e-03
144 5.717152659501112e-03
145 5.717152659501114e-03
146 5.717152659501152e-03
147 5.717152659501209e-03
148 5.717152659501319e-03
149 5.717152659501333e-03
150 5.717152659501375e-03
151 5.717152659501493e-03
152 5.717152659501634e-03
153 5.717152659501641e-03
154 5.717152659501653e-03
155 5.717152659501702e-03
156 5.717152659501737e-03
157 5.717152659501750e-03
158 5.717152659502202e-03
159 5.717152659502826e-03
160 6.044235401342882e-03
161 1.399312211465230e-02
162 1.399312211465257e-02
163 1.399312211465259e-02
164 4.935185323883207e-02
165 4.935185323883261e-02
166 4.935185323883279e-02
167 4.935185323883302e-02
168 4.935185323883329e-02
169 4.935185323883348e-02
170 4.935185323883361e-02
171 4.935185323883361e-02
172 4.935185323883379e-02
173 4.935185323883385e-02
174 4.935185323883425e-02
175 4.935185323883435e-02
176 8.407080888463664e-02
177 8.407080888463718e-02
178 1.858572050457756e-01
179 1.858572050457766e-01
180 1.858572050457769e-01
181 1.858572050457770e-01
182 1.858572050457770e-01
183 1.858572050457777e-01
184 2.803347679898333e-01
185 4.306368822499126e-01
186 4.306368822499130e-01
187 4.306368822499131e-01
188 7.460454122895215e-01
189 7.460454122895229e-01
190 1.239874172161571e+00


#a = 4.000000
1 -2.914032728954799e+00
2 -1.963423882484770e+00
3 -1.963423882484768e+00
4 -1.158723132341356e+00
5 -1.158723132341356e+00
6 -1.158723132341355e+00
7 -1.128636927148449e+00
8 -5.833789196485282e-01
9 -5.833789196485275e-01
10 -5.047846770302632e-01
11 -5.047846770302624e-01
12 -5.047846770302623e-01
13 -5.047846770302621e-01
14 -5.047846770302621e-01
15 -5.047846770302620e-01
16 -2.617421061660739e-01
17 -2.074973048252204e-01
18 -2.074973048252203e-01
19 -2.074973048252202e-01
20 -1.393868148135235e-01
21 -1.393868148135233e-01
22 -1.393868148135231e-01
23 -1.393868148135230e-01
24 -1.393868148135230e-01
25 -1.393868148135230e-01
26 -1.393868148135229e-01
27 -1.393868148135229e-01
28 -1.393868148135228e-01
29 -1.393868148135228e-01
30 -1.393868148135227e-01
31 -1.393868148135227e-01
32 -7.404261919961103e-02
33 -7.404261919960986e-02
34 -3.768500210603938e-02
35 -3.768500210603937e-02
36 -3.768500210603925e-02
37 -3.768500210603923e-02
38 -3.768500210603903e-02
39 -3.768500210603901e-02
40 -1.708679057911122e-02
41 -1.708679057911044e-02
42 -1.708679057911033e-02
43 -1.708679057911032e-02
44 -1.708679057911031e-02
45 -1.708679057911030e-02
46 -1.708679057911029e-02
47 -1.708679057911028e-02
48 -1.708679057911027e-02
49 -1.708679057911027e-02
50 -1.708679057911027e-02
51 -1.708679057911026e-02
52 -1.708679057911026e-02
53 -1.708679057911025e-02
54 -1.708679057911025e-02
55 -1.708679057911025e-02
56 -1.708679057911025e-02
57 -1.708679057911024e-02
58 -1.708679057911023e-02
59 -1.708679057911023e-02
60 -1.708679057911023e-02
61 -1.708679057911022e-02
62 -1.708679057911022e-02
63 -1.708679057911018e-02
64 -1.431629391197530e-02
65 -5.284283439037575e-03
66 -5.284283439037197e-03
67 -5.284283439036514e-03
68 -9.972240854008970e-04
69 -9.972240854005418e-04
70 -9.972240854004123e-04
71 -9.972240854003963e-04
72 -9.972240854003620e-04
73 -9.972240854002924e-04
74 -9.972240854002881e-04
75 -9.972240854002742e-04
76 -9.972240854002454e-04
77 -9.972240854002254e-04
78 -9.972240854001708e-04
79 -9.972240854000771e-04
80 -3.291681935768314e-04
81 -3.291681935765345e-04
82 -2.110944936265058e-04
83 -2.110944936263242e-04
84 -2.110944936257641e-04
85 -2.110944936256089e-04
86 -2.110944936255786e-04
87 -2.110944936254974e-04
88 -2.110944936254321e-04
89 -2.110944936254246e-04
90 -2.110944936254121e-04
91 -2.110944936253703e-04
92 -2.110944936253671e-04
93 -2.110944936253583e-04
94 -2.110944936253118e-04
95 -2.110944936253039e-04
96 -2.110944936252885e-04
97 -2.110944936252675e-04
98 -2.110944936252621e-04
99 -2.110944936252562e-04
100 -2.110944936252522e-04
101 -2.110944936252468e-04
102 -2.110944936252366e-04
103 -2.110944936252292e-04
104 -2.110944936252271e-04
105 -2.110944936252233e-04
106 -2.110944936252139e-04
107 -2.110944936252121e-04
108 -2.110944936252042e-04
109 -2.110944936252007e-04
110 -2.110944936251978e-04
111 -2.110944936251918e-04
112 -2.110944936251765e-04
113 -2.110944936251719e-04
114 -2.110944936251579e-04
115 -2.110944936251467e-04
116 -2.110944936251304e-04
117 -2.110944936251226e-04
118 -2.110944936250954e-04
119 -2.110944936250778e-04
120 -2.110944936250619e-04
121 -2.110944936250363e-04
122 -2.110944936250021e-04
123 -2.110944936249787e-04
124 -2.110944936249515e-04
125 -2.110944936249118e-04
126 -2.110944936248623e-04
127 -2.110944936248013e-04
128 -2.110944936246038e-04
129 -2.110944936245148e-04
130 2.317518696392187e-04
131 2.317518696392800e-04
132 2.317518696393471e-04
133 2.317518696393472e-04
134 2.317518696395728e-04
135 2.317518696397328e-04
136 1.063985139119300e-03
137 1.063985139119860e-03
138 1.063985139119959e-03
139 1.063985139120012e-03
140 1.063985139120041e-03
141 1.063985139120103e-03
142 1.063985139120106e-03
143 1.063985139120127e-03
144 1.063985139120148e-03
145 1.063985139120180e-03
146 1.063985139120190e-03
147 1.063985139120207e-03
148 1.063985139120208e-03
149 1.063985139120223e-03
150 1.063985139120238e-03
151 1.063985139120245e-03
152 1.063985139120266e-03
153 1.063985139120280e-03
154 1.063985139120324e-03
155 1.063985139120350e-03
156 1.063985139120354e-03
157 1.063985139120413e-03
158 1.063985139120571e-03
159 1.063985139120644e-03
160 1.192911902764575e-03
161 3.641990123634261e-03
162 3.641990123634448e-03
163 3.641990123634995e-03
164 2.022752050158819e-02
165 2.022752050158828e-02
166 2.022752050158856e-02
167 2.022752050158858e-02
168 2.022752050158864e-02
169 2.022752050158865e-02
170 2.022752050158866e-02
171 2.022752050158867e-02
172 2.022752050158870e-02
173 2.022752050158872e-02
174 2.022752050158873e-02
175 2.022752050158896e-02
176 4.215859975295323e-02
177 4.215859975295326e-02
178 1.081807959199225e-01
179 1.081807959199230e-01
180 1.081807959199231e-01
181 1.081807959199232e-01
182 1.081807959199232e-01
183 1.081807959199234e-01
184 1.967514985314638e-01
185 3.190988366499780e-01
186 3.190988366499781e-01
187 3.190988366499789e-01
188 6.415159897735290e-01
189 6.415159897735299e-01
190 1.183283645747070e+00


