## Parameters ##
# z = 3
# m = 7
# t = 1.000000000000000e+00
# mu = 1.000000000000000e-10
# opt = sc
#
#
#a = 0.000000
1 -2.672327845940656e+00
2 -2.548324784627074e+00
3 -2.548324784627069e+00
4 -2.449489742883180e+00
5 -2.449489742883178e+00
6 -2.449489742883177e+00
7 -2.288245611370738e+00
8 -2.288245611370737e+00
9 -2.288245611370737e+00
10 -2.288245611370737e+00
11 -2.288245611370734e+00
12 -2.288245611370733e+00
13 -2.117749265917823e+00
14 -2.000000000100008e+00
15 -2.000000000100004e+00
16 -2.000000000100004e+00
17 -2.000000000100004e+00
18 -2.000000000100001e+00
19 -2.000000000100001e+00
20 -2.000000000100000e+00
21 -2.000000000100000e+00
22 -2.000000000100000e+00
23 -2.000000000099999e+00
24 -2.000000000099997e+00
25 -2.000000000099993e+00
26 -1.763495467679870e+00
27 -1.763495467679870e+00
28 -1.414213562473100e+00
29 -1.414213562473100e+00
30 -1.414213562473099e+00
31 -1.414213562473098e+00
32 -1.414213562473098e+00
33 -1.414213562473097e+00
34 -1.414213562473097e+00
35 -1.414213562473096e+00
36 -1.414213562473096e+00
37 -1.414213562473096e+00
38 -1.414213562473095e+00
39 -1.414213562473095e+00
40 -1.414213562473095e+00
41 -1.414213562473094e+00
42 -1.414213562473094e+00
43 -1.414213562473094e+00
44 -1.414213562473094e+00
45 -1.414213562473094e+00
46 -1.414213562473094e+00
47 -1.414213562473093e+00
48 -1.414213562473093e+00
49 -1.414213562473092e+00
50 -1.414213562473092e+00
51 -1.414213562473092e+00
52 -1.414213562473091e+00
53 -1.414213562473091e+00
54 -1.414213562473090e+00
55 -1.172092970590270e+00
56 -8.740320489976472e-01
57 -8.740320489976432e-01
58 -8.740320489976418e-01
59 -8.740320489976396e-01
60 -8.740320489976393e-01
61 -8.740320489976392e-01
62 -6.293842455258979e-01
63 -6.293842455258959e-01
64 -1.000050920446109e-10
65 -1.000050320369452e-10
66 -1.000047467356357e-10
67 -1.000039766902425e-10
68 -1.000037453716574e-10
69 -1.000035420527823e-10
70 -1.000033642031045e-10
71 -1.000032960297640e-10
72 -1.000031469967661e-10
73 -1.000029214961153e-10
74 -1.000028679884592e-10
75 -1.000027820415094e-10
76 -1.000026222682455e-10
77 -1.000023856756511e-10
78 -1.000023601166983e-10
79 -1.000022528466107e-10
80 -1.000018540128674e-10
81 -1.000018350263234e-10
82 -1.000017614640215e-10
83 -1.000014587330451e-10
84 -1.000013194284781e-10
85 -1.000010868776029e-10
86 -1.000010005917907e-10
87 -1.000009492912883e-10
88 -1.000007229041510e-10
89 -1.000006363151583e-10
90 -1.000005484755376e-10
91 -1.000005108303024e-10
92 -1.000004984744902e-10
93 -1.000003879953810e-10
94 -1.000003696835889e-10
95 -1.000003438532520e-10
96 -1.000001665856500e-10
97 -1.000001323910574e-10
98 -1.000000538216088e-10
99 -9.999994910288393e-11
100 -9.999934373745351e-11
101 -9.999908233193821e-11
102 -9.999906502767161e-11
103 -9.999894467888605e-11
104 -9.999879837811679e-11
105 -9.999877289454080e-11
106 -9.999876522828049e-11
107 -9.999871084576155e-11
108 -9.999866715880851e-11
109 -9.999821353404364e-11
110 -9.999816447555034e-11
111 -9.999804817360078e-11
112 -9.999800738628128e-11
113 -9.999755801187801e-11
114 -9.999731929810789e-11
115 -9.999704322626272e-11
116 -9.999670409516347e-11
117 -9.999661711946391e-11
118 -9.999652742005075e-11
119 -9.999641232363991e-11
120 -9.999624486724951e-11
121 -9.999570225882798e-11
122 -9.999555212263977e-11
123 -9.999548102683043e-11
124 -9.999505555701072e-11
125 -9.999459528177840e-11
126 -9.999440952981059e-11
127 -9.999415664408000e-11
128 6.293842453258969e-01
129 6.293842453258974e-01
130 8.740320487976363e-01
131 8.740320487976408e-01
132 8.740320487976412e-01
133 8.740320487976413e-01
134 8.740320487976418e-01
135 8.740320487976455e-01
136 1.172092970390274e+00
137 1.414213562273087e+00
138 1.414213562273090e+00
139 1.414213562273092e+00
140 1.414213562273093e+00
141 1.414213562273093e+00
142 1.414213562273094e+00
143 1.414213562273094e+00
144 1.414213562273094e+00
145 1.414213562273094e+00
146 1.414213562273095e+00
147 1.414213562273095e+00
148 1.414213562273095e+00
149 1.414213562273095e+00
150 1.414213562273096e+00
151 1.414213562273096e+00
152 1.414213562273096e+00
153 1.414213562273096e+00
154 1.414213562273096e+00
155 1.414213562273096e+00
156 1.414213562273097e+00
157 1.414213562273097e+00
158 1.414213562273097e+00
159 1.414213562273098e+00
160 1.414213562273098e+00
161 1.414213562273098e+00
162 1.414213562273099e+00
163 1.414213562273101e+00
164 1.763495467479868e+00
165 1.763495467479876e+00
166 1.999999999899990e+00
167 1.999999999899993e+00
168 1.999999999899993e+00
169 1.999999999899995e+00
170 1.999999999899997e+00
171 1.999999999899999e+00
172 1.999999999900000e+00
173 1.999999999900001e+00
174 1.999999999900002e+00
175 1.999999999900002e+00
176 1.999999999900002e+00
177 1.999999999900004e+00
178 2.117749265717819e+00
179 2.288245611170737e+00
180 2.288245611170737e+00
181 2.288245611170739e+00
182 2.288245611170739e+00
183 2.288245611170739e+00
184 2.288245611170746e+00
185 2.449489742683177e+00
186 2.449489742683179e+00
187 2.449489742683180e+00
188 2.548324784427071e+00
189 2.548324784427072e+00
190 2.672327845740658e+00


#a = 1.000000
1 -2.336177135624018e+00
2 -1.903128199497871e+00
3 -1.903128199497870e+00
4 -1.560511113611394e+00
5 -1.560511113611392e+00
6 -1.560511113611389e+00
7 -1.322418162777227e+00
8 -1.162497168575833e+00
9 -1.162497168575831e+00
10 -1.162497168575831e+00
11 -1.162497168575830e+00
12 -1.162497168575830e+00
13 -1.162497168575829e+00
14 -9.219236931118941e-01
15 -9.219236931118936e-01
16 -7.392423335259652e-01
17 -7.392423335259640e-01
18 -7.392423335259611e-01
19 -7.392423335259609e-01
20 -7.392423335259607e-01
21 -7.392423335259607e-01
22 -7.392423335259602e-01
23 -7.392423335259602e-01
24 -7.392423335259601e-01
25 -7.392423335259598e-01
26 -7.392423335259589e-01
27 -7.392423335259580e-01
28 -5.876669966723622e-01
29 -5.876669966723617e-01
30 -5.876669966723614e-01
31 -5.281642766542757e-01
32 -3.384434581475509e-01
33 -3.384434581475498e-01
34 -3.384434581475496e-01
35 -3.384434581475494e-01
36 -3.384434581475488e-01
37 -3.384434581475482e-01
38 -3.384434581475482e-01
39 -3.384434581475482e-01
40 -3.384434581475480e-01
41 -3.384434581475479e-01
42 -3.384434581475478e-01
43 -3.384434581475477e-01
44 -3.384434581475476e-01
45 -3.384434581475476e-01
46 -3.384434581475474e-01
47 -3.384434581475474e-01
48 -3.384434581475473e-01
49 -3.384434581475472e-01
50 -3.384434581475470e-01
51 -3.384434581475466e-01
52 -3.384434581475464e-01
53 -3.384434581475464e-01
54 -3.384434581475462e-01
55 -3.384434581475461e-01
56 -2.730254210972211e-01
57 -2.730254210972208e-01
58 -2.730254210972205e-01
59 -2.730254210972201e-01
60 -2.730254210972193e-01
61 -2.730254210972190e-01
62 -2.392027244297302e-01
63 -2.392027244297291e-01
64 -3.413872163760875e-11
65 -2.947304029219248e-11
66 -2.947267687445094e-11
67 -2.947130695333832e-11
68 -2.143610627893701e-11
69 -2.143484788352971e-11
70 -2.143466509148137e-11
71 -2.143436681432461e-11
72 -2.143414197500283e-11
73 -2.143388752062213e-11
74 -2.143369479644954e-11
75 -2.143326360949104e-11
76 -2.143265904966729e-11
77 -2.143238894494258e-11
78 -2.143228654948719e-11
79 -2.143206807558869e-11
80 -1.205648816549238e-11
81 -1.205615608344641e-11
82 -1.205569442482363e-11
83 -1.205544988524028e-11
84 -1.205538871035314e-11
85 -1.205520058040056e-11
86 -1.205509869327345e-11
87 -1.205497236996535e-11
88 -1.205492512255735e-11
89 -1.205484736069995e-11
90 -1.205476912086526e-11
91 -1.205466825359034e-11
92 -1.205456852985193e-11
93 -1.205437276025098e-11
94 -1.205436446589444e-11
95 -1.205429595290095e-11
96 -1.205424061807086e-11
97 -1.205417221499468e-11
98 -1.205414646274737e-11
99 -1.205407463469124e-11
100 -1.205400812880934e-11
101 -1.205394879554743e-11
102 -1.205393920105694e-11
103 -1.205387271120852e-11
104 -1.205368278016754e-11
105 -1.205356861871315e-11
106 -1.205348118399996e-11
107 -1.205339189362827e-11
108 -1.205334865376690e-11
109 -1.205325823153650e-11
110 -1.205310509093874e-11
111 -1.205298754070163e-11
112 -1.205292470065743e-11
113 -1.205289722909131e-11
114 -1.205288329241587e-11
115 -1.205284398079965e-11
116 -1.205273378404235e-11
117 -1.205240706124967e-11
118 -1.205235183443046e-11
119 -1.205196273455989e-11
120 -1.205185132948663e-11
121 -1.205173765517002e-11
122 -1.205168811584567e-11
123 -1.205165491127033e-11
124 -1.205161085740670e-11
125 -1.205152420219000e-11
126 -1.205143227870776e-11
127 -1.205082037955705e-11
128 2.392027243523642e-01
129 2.392027243523646e-01
130 2.730254210337446e-01
131 2.730254210337451e-01
132 2.730254210337452e-01
133 2.730254210337453e-01
134 2.730254210337453e-01
135 2.730254210337476e-01
136 3.384434581000303e-01
137 3.384434581000316e-01
138 3.384434581000330e-01
139 3.384434581000330e-01
140 3.384434581000330e-01
141 3.384434581000331e-01
142 3.384434581000332e-01
143 3.384434581000333e-01
144 3.384434581000335e-01
145 3.384434581000335e-01
146 3.384434581000336e-01
147 3.384434581000337e-01
148 3.384434581000338e-01
149 3.384434581000338e-01
150 3.384434581000340e-01
151 3.384434581000340e-01
152 3.384434581000343e-01
153 3.384434581000343e-01
154 3.384434581000343e-01
155 3.384434581000347e-01
156 3.384434581000348e-01
157 3.384434581000348e-01
158 3.384434581000350e-01
159 3.384434581000358e-01
160 5.281642765525111e-01
161 5.876669965777354e-01
162 5.876669965777378e-01
163 5.876669965777381e-01
164 7.392423334430709e-01
165 7.392423334430711e-01
166 7.392423334430724e-01
167 7.392423334430728e-01
168 7.392423334430728e-01
169 7.392423334430736e-01
170 7.392423334430738e-01
171 7.392423334430742e-01
172 7.392423334430742e-01
173 7.392423334430743e-01
174 7.392423334430749e-01
175 7.392423334430784e-01
176 9.219236929897717e-01
177 9.219236929897721e-01
178 1.162497168460130e+00
179 1.162497168460133e+00
180 1.162497168460135e+00
181 1.162497168460135e+00
182 1.162497168460135e+00
183 1.162497168460135e+00
184 1.322418162633311e+00
185 1.560511113467770e+00
186 1.560511113467770e+00
187 1.560511113467773e+00
188 1.903128199332545e+00
189 1.903128199332547e+00
190 2.336177135439021e+00


#a = 2.000000
1 -2.199921578741933e+00
2 -1.616330283781301e+00
3 -1.616330283781300e+00
4 -1.154750648564569e+00
5 -1.154750648564565e+00
6 -1.154750648564564e+00
7 -9.724839885516525e-01
8 -6.937585557160565e-01
9 -6.937585557160557e-01
10 -6.937585557160549e-01
11 -6.937585557160548e-01
12 -6.937585557160547e-01
13 -6.937585557160543e-01
14 -5.616626996111047e-01
15 -5.616626996111046e-01
16 -3.159813167757232e-01
17 -3.159813167757227e-01
18 -3.159813167757226e-01
19 -3.159813167757224e-01
20 -3.159813167757223e-01
21 -3.159813167757223e-01
22 -3.159813167757223e-01
23 -3.159813167757223e-01
24 -3.159813167757222e-01
25 -3.159813167757221e-01
26 -3.159813167757221e-01
27 -3.159813167757219e-01
28 -2.657069771706412e-01
29 -2.657069771706410e-01
30 -2.657069771706407e-01
31 -2.465215038241003e-01
32 -8.099482101168733e-02
33 -8.099482101168716e-02
34 -8.099482101168713e-02
35 -8.099482101168701e-02
36 -8.099482101168699e-02
37 -8.099482101168698e-02
38 -8.099482101168692e-02
39 -8.099482101168692e-02
40 -8.099482101168690e-02
41 -8.099482101168685e-02
42 -8.099482101168685e-02
43 -8.099482101168685e-02
44 -8.099482101168681e-02
45 -8.099482101168681e-02
46 -8.099482101168680e-02
47 -8.099482101168679e-02
48 -8.099482101168676e-02
49 -8.099482101168674e-02
50 -8.099482101168674e-02
51 -8.099482101168672e-02
52 -8.099482101168669e-02
53 -8.099482101168635e-02
54 -8.099482101168597e-02
55 -8.099482101168563e-02
56 -7.260250927886505e-02
57 -7.260250927886498e-02
58 -7.260250927886491e-02
59 -7.260250927886484e-02
60 -7.260250927886457e-02
61 -7.260250927886443e-02
62 -6.859739103610092e-02
63 -6.859739103610084e-02
64 -6.814090969458971e-12
65 -5.496878744066506e-12
66 -5.496846116418950e-12
67 -5.496796932870796e-12
68 -3.478054676594263e-12
69 -3.477887370035228e-12
70 -3.477842034177687e-12
71 -3.477777692660790e-12
72 -3.477764354150350e-12
73 -3.477757054957537e-12
74 -3.477714170730572e-12
75 -3.477679139435893e-12
76 -3.477626071248466e-12
77 -3.477529732070995e-12
78 -3.477359871343799e-12
79 -3.476729264834802e-12
80 -1.456937441137099e-12
81 -1.454350022855604e-12
82 -1.453681571001498e-12
83 -1.453596658657769e-12
84 -1.453492145971079e-12
85 -1.453400923548677e-12
86 -1.453327857606482e-12
87 -1.453294844098293e-12
88 -1.453267256143120e-12
89 -1.453201060841815e-12
90 -1.453164070311866e-12
91 -1.453140980610182e-12
92 -1.453121921701963e-12
93 -1.453085132358112e-12
94 -1.453061929345833e-12
95 -1.453029846171317e-12
96 -1.453003823405108e-12
97 -1.452984182628485e-12
98 -1.452981167814479e-12
99 -1.452968717756931e-12
100 -1.452959098733173e-12
101 -1.452948225158786e-12
102 -1.452925236076620e-12
103 -1.452922619520411e-12
104 -1.452900151763360e-12
105 -1.452893847501004e-12
106 -1.452881763478282e-12
107 -1.452877020414346e-12
108 -1.452854028400760e-12
109 -1.452853312115501e-12
110 -1.452838350087884e-12
111 -1.452822314245183e-12
112 -1.452794005260348e-12
113 -1.452777080807955e-12
114 -1.452759009149664e-12
115 -1.452725888867935e-12
116 -1.452670032317734e-12
117 -1.452656846063172e-12
118 -1.452611884785764e-12
119 -1.452605190805990e-12
120 -1.452595431804085e-12
121 -1.452586523582360e-12
122 -1.452476804902627e-12
123 -1.452445886796836e-12
124 -1.452226031972922e-12
125 -1.452144131139444e-12
126 -1.451947312570672e-12
127 -1.451651228571602e-12
128 6.859739100527483e-02
129 6.859739100527570e-02
130 7.260250925612098e-02
131 7.260250925612100e-02
132 7.260250925612106e-02
133 7.260250925612118e-02
134 7.260250925612122e-02
135 7.260250925612180e-02
136 8.099482099765901e-02
137 8.099482099765919e-02
138 8.099482099765921e-02
139 8.099482099765924e-02
140 8.099482099765926e-02
141 8.099482099765928e-02
142 8.099482099765928e-02
143 8.099482099765938e-02
144 8.099482099765942e-02
145 8.099482099765944e-02
146 8.099482099765945e-02
147 8.099482099765946e-02
148 8.099482099765946e-02
149 8.099482099765949e-02
150 8.099482099765952e-02
151 8.099482099765952e-02
152 8.099482099765955e-02
153 8.099482099765956e-02
154 8.099482099765966e-02
155 8.099482099765966e-02
156 8.099482099765973e-02
157 8.099482099765988e-02
158 8.099482099766034e-02
159 8.099482099766049e-02
160 2.465215037588828e-01
161 2.657069771137041e-01
162 2.657069771137055e-01
163 2.657069771137056e-01
164 3.159813167329024e-01
165 3.159813167329027e-01
166 3.159813167329027e-01
167 3.159813167329028e-01
168 3.159813167329028e-01
169 3.159813167329032e-01
170 3.159813167329032e-01
171 3.159813167329033e-01
172 3.159813167329033e-01
173 3.159813167329035e-01
174 3.159813167329035e-01
175 3.159813167329037e-01
176 5.616626995186665e-01
177 5.616626995186668e-01
178 6.937585556364732e-01
179 6.937585556364743e-01
180 6.937585556364745e-01
181 6.937585556364748e-01
182 6.937585556364748e-01
183 6.937585556364759e-01
184 9.724839884287682e-01
185 1.154750648446271e+00
186 1.154750648446271e+00
187 1.154750648446272e+00
188 1.616330283629564e+00
189 1.616330283629564e+00
190 2.199921578561851e+00


#a = 3.000000
1 -2.106062981560774e+00
2 -1.419761655145136e+00
3 -1.419761655145133e+00
4 -8.921236640530426e-01
5 -8.921236640530417e-01
6 -8.921236640530412e-01
7 -7.546116754044183e-01
8 -4.361681821687930e-01
9 -4.361681821687926e-01
10 -4.361681821687924e-01
11 -4.361681821687914e-01
12 -4.361681821687911e-01
13 -4.361681821687910e-01
14 -3.638281762746468e-01
15 -3.638281762746463e-01
16 -1.432551721554153e-01
17 -1.432551721554153e-01
18 -1.432551721554152e-01
19 -1.432551721554149e-01
20 -1.432551721554148e-01
21 -1.432551721554147e-01
22 -1.432551721554147e-01
23 -1.432551721554145e-01
24 -1.432551721554143e-01
25 -1.432551721554140e-01
26 -1.432551721554138e-01
27 -1.432551721554137e-01
28 -1.268993620030977e-01
29 -1.268993620030969e-01
30 -1.268993620030962e-01
31 -1.208423771256224e-01
32 -1.938332939490290e-02
33 -1.938332939490289e-02
34 -1.938332939490283e-02
35 -1.938332939490279e-02
36 -1.938332939490272e-02
37 -1.938332939490238e-02
38 -1.938332939490237e-02
39 -1.938332939490223e-02
40 -1.938332939490223e-02
41 -1.938332939490221e-02
42 -1.938332939490214e-02
43 -1.938332939490212e-02
44 -1.938332939490207e-02
45 -1.938332939490205e-02
46 -1.938332939490204e-02
47 -1.938332939490202e-02
48 -1.938332939490198e-02
49 -1.938332939490196e-02
50 -1.938332939490195e-02
51 -1.938332939490192e-02
52 -1.938332939490190e-02
53 -1.938332939490152e-02
54 -1.938332939490146e-02
55 -1.938332939490131e-02
56 -1.832613981070063e-02
57 -1.832613981070054e-02
58 -1.832613981070048e-02
59 -1.832613981070033e-02
60 -1.832613981070019e-02
61 -1.832613981070015e-02
62 -1.788898370627616e-02
63 -1.788898370627589e-02
64 -1.080707307551856e-12
65 -8.512382409879524e-13
66 -8.510436768165588e-13
67 -8.508435099739555e-13
68 -5.079695787097795e-13
69 -5.079617334995592e-13
70 -5.078603206365179e-13
71 -5.077281099750935e-13
72 -5.076526830697161e-13
73 -5.076142611396096e-13
74 -5.075140191092661e-13
75 -5.074662412649085e-13
76 -5.073537357712433e-13
77 -5.071233000218000e-13
78 -5.068645610027496e-13
79 -5.067269904434196e-13
80 -1.772473747311865e-13
81 -1.763802490950373e-13
82 -1.762089284411097e-13
83 -1.761488941413046e-13
84 -1.759685805610225e-13
85 -1.759207749784597e-13
86 -1.757715215677167e-13
87 -1.757298097077808e-13
88 -1.756964743839181e-13
89 -1.755916076551573e-13
90 -1.755897031133538e-13
91 -1.755096571811315e-13
92 -1.755078307885394e-13
93 -1.754953738455273e-13
94 -1.754390029081898e-13
95 -1.754122182600334e-13
96 -1.753906205058408e-13
97 -1.753840644782509e-13
98 -1.753795947026555e-13
99 -1.753584171327368e-13
100 -1.752878090066884e-13
101 -1.752490478011417e-13
102 -1.752195011224829e-13
103 -1.752098974103370e-13
104 -1.752083112143931e-13
105 -1.751871198810619e-13
106 -1.751594465782003e-13
107 -1.751432232255566e-13
108 -1.751287788687904e-13
109 -1.751021911709518e-13
110 -1.750726575782719e-13
111 -1.750579225241547e-13
112 -1.750203717609976e-13
113 -1.749634838391230e-13
114 -1.749126103366063e-13
115 -1.748714354337628e-13
116 -1.748375324931128e-13
117 -1.747927733030049e-13
118 -1.747785873573045e-13
119 -1.746609470965406e-13
120 -1.746248230315632e-13
121 -1.746238598928267e-13
122 -1.746028931700256e-13
123 -1.745581882227263e-13
124 -1.745393301602154e-13
125 -1.744109736435093e-13
126 -1.743858246718313e-13
127 -1.739991614179754e-13
128 1.788898369372444e-02
129 1.788898369372461e-02
130 1.832613980207876e-02
131 1.832613980207878e-02
132 1.832613980207895e-02
133 1.832613980207897e-02
134 1.832613980207899e-02
135 1.832613980207921e-02
136 1.938332939026773e-02
137 1.938332939026774e-02
138 1.938332939026781e-02
139 1.938332939026793e-02
140 1.938332939026793e-02
141 1.938332939026800e-02
142 1.938332939026804e-02
143 1.938332939026807e-02
144 1.938332939026815e-02
145 1.938332939026815e-02
146 1.938332939026818e-02
147 1.938332939026820e-02
148 1.938332939026820e-02
149 1.938332939026822e-02
150 1.938332939026826e-02
151 1.938332939026827e-02
152 1.938332939026834e-02
153 1.938332939026835e-02
154 1.938332939026838e-02
155 1.938332939026839e-02
156 1.938332939026842e-02
157 1.938332939026850e-02
158 1.938332939026862e-02
159 1.938332939026893e-02
160 1.208423770849884e-01
161 1.268993619693434e-01
162 1.268993619693435e-01
163 1.268993619693435e-01
164 1.432551721329557e-01
165 1.432551721329560e-01
166 1.432551721329561e-01
167 1.432551721329563e-01
168 1.432551721329564e-01
169 1.432551721329564e-01
170 1.432551721329566e-01
171 1.432551721329567e-01
172 1.432551721329569e-01
173 1.432551721329571e-01
174 1.432551721329572e-01
175 1.432551721329575e-01
176 3.638281762029901e-01
177 3.638281762029906e-01
178 4.361681821125103e-01
179 4.361681821125108e-01
180 4.361681821125112e-01
181 4.361681821125114e-01
182 4.361681821125116e-01
183 4.361681821125116e-01
184 7.546116752968196e-01
185 8.921236639533211e-01
186 8.921236639533214e-01
187 8.921236639533218e-01
188 1.419761655003485e+00
189 1.419761655003486e+00
190 2.106062981384232e+00


#a = 4.000000
1 -2.032975582015585e+00
2 -1.268787338196369e+00
3 -1.268787338196369e+00
4 -7.045018076399449e-01
5 -7.045018076399439e-01
6 -7.045018076399439e-01
7 -6.011196949890371e-01
8 -2.813029677608344e-01
9 -2.813029677608344e-01
10 -2.813029677608338e-01
11 -2.813029677608336e-01
12 -2.813029677608336e-01
13 -2.813029677608331e-01
14 -2.420130053079188e-01
15 -2.420130053079188e-01
16 -6.612467863339061e-02
17 -6.612467863339051e-02
18 -6.612467863339047e-02
19 -6.612467863339030e-02
20 -6.612467863339030e-02
21 -6.612467863339028e-02
22 -6.612467863339028e-02
23 -6.612467863339026e-02
24 -6.612467863339018e-02
25 -6.612467863339017e-02
26 -6.612467863339011e-02
27 -6.612467863339003e-02
28 -6.091882640252430e-02
29 -6.091882640252393e-02
30 -6.091882640252393e-02
31 -5.908361842798331e-02
32 -4.638734350492652e-03
33 -4.638734350492572e-03
34 -4.638734350492528e-03
35 -4.638734350492524e-03
36 -4.638734350492508e-03
37 -4.638734350492454e-03
38 -4.638734350492391e-03
39 -4.638734350492384e-03
40 -4.638734350492335e-03
41 -4.638734350492328e-03
42 -4.638734350492259e-03
43 -4.638734350492249e-03
44 -4.638734350492245e-03
45 -4.638734350492222e-03
46 -4.638734350492211e-03
47 -4.638734350492203e-03
48 -4.638734350492173e-03
49 -4.638734350492154e-03
50 -4.638734350492143e-03
51 -4.638734350492130e-03
52 -4.638734350492022e-03
53 -4.638734350491997e-03
54 -4.638734350491988e-03
55 -4.638734350491848e-03
56 -4.509367769667459e-03
57 -4.509367769667293e-03
58 -4.509367769667261e-03
59 -4.509367769667229e-03
60 -4.509367769667174e-03
61 -4.509367769667125e-03
62 -4.465335027395448e-03
63 -4.465335027395389e-03
64 -1.618763466669756e-13
65 -1.260105196375056e-13
66 -1.259834587067288e-13
67 -1.257356983859166e-13
68 -7.250839074477813e-14
69 -7.235807207250977e-14
70 -7.233602070842534e-14
71 -7.233268256884663e-14
72 -7.228362888844275e-14
73 -7.226412219895985e-14
74 -7.224334608748136e-14
75 -7.217919408744655e-14
76 -7.216396607741512e-14
77 -7.214993048683382e-14
78 -7.209469501751630e-14
79 -7.189745469731083e-14
80 -2.197747631315791e-14
81 -2.168626930053945e-14
82 -2.161619200173467e-14
83 -2.159153607925929e-14
84 -2.155922822298048e-14
85 -2.148650086441642e-14
86 -2.139462146583829e-14
87 -2.138233635142045e-14
88 -2.136554279362970e-14
89 -2.135619994823509e-14
90 -2.134969262512614e-14
91 -2.131042137962053e-14
92 -2.130817852683755e-14
93 -2.129612719153505e-14
94 -2.127395927134192e-14
95 -2.123532186603822e-14
96 -2.121697264469125e-14
97 -2.118487693776698e-14
98 -2.117664414442365e-14
99 -2.115488694861461e-14
100 -2.114431899916356e-14
101 -2.113966345462524e-14
102 -2.112725777038257e-14
103 -2.111082717454308e-14
104 -2.109174362493828e-14
105 -2.106407932061944e-14
106 -2.106264410808746e-14
107 -2.105172822043207e-14
108 -2.104853038728158e-14
109 -2.103781305163915e-14
110 -2.103514361444016e-14
111 -2.100554641010869e-14
112 -2.098794730919689e-14
113 -2.098013996334508e-14
114 -2.097850056752311e-14
115 -2.097373554725798e-14
116 -2.096582794886278e-14
117 -2.092466964134245e-14
118 -2.090396193911141e-14
119 -2.089958653540755e-14
120 -2.087584340969958e-14
121 -2.080870832568653e-14
122 -2.080424386924178e-14
123 -2.076131094444685e-14
124 -2.074915890438456e-14
125 -2.063560178238234e-14
126 -2.054673046191798e-14
127 -2.042111819525815e-14
128 4.465335022487858e-03
129 4.465335022487923e-03
130 4.509367766424762e-03
131 4.509367766424915e-03
132 4.509367766424923e-03
133 4.509367766424945e-03
134 4.509367766424981e-03
135 4.509367766425005e-03
136 4.638734348889587e-03
137 4.638734348889631e-03
138 4.638734348889703e-03
139 4.638734348889801e-03
140 4.638734348889823e-03
141 4.638734348889836e-03
142 4.638734348889846e-03
143 4.638734348889851e-03
144 4.638734348889871e-03
145 4.638734348889874e-03
146 4.638734348889929e-03
147 4.638734348889929e-03
148 4.638734348889939e-03
149 4.638734348889957e-03
150 4.638734348889984e-03
151 4.638734348890011e-03
152 4.638734348890012e-03
153 4.638734348890016e-03
154 4.638734348890017e-03
155 4.638734348890029e-03
156 4.638734348890066e-03
157 4.638734348890067e-03
158 4.638734348890102e-03
159 4.638734348890271e-03
160 5.908361840329966e-02
161 6.091882638277534e-02
162 6.091882638277535e-02
163 6.091882638277554e-02
164 6.612467862144593e-02
165 6.612467862144647e-02
166 6.612467862144651e-02
167 6.612467862144669e-02
168 6.612467862144671e-02
169 6.612467862144686e-02
170 6.612467862144687e-02
171 6.612467862144689e-02
172 6.612467862144707e-02
173 6.612467862144732e-02
174 6.612467862144741e-02
175 6.612467862144757e-02
176 2.420130052524264e-01
177 2.420130052524266e-01
178 2.813029677206701e-01
179 2.813029677206705e-01
180 2.813029677206706e-01
181 2.813029677206708e-01
182 2.813029677206708e-01
183 2.813029677206712e-01
184 6.011196948938150e-01
185 7.045018075549419e-01
186 7.045018075549420e-01
187 7.045018075549427e-01
188 1.268787338063019e+00
189 1.268787338063020e+00
190 2.032975581841903e+00


