0 0 0
1 6.12323e-17 1
2 1.41421 1.41421
3 2.59808 1.5
3 2.29813 1.92836
3 1.92836 2.29813
2 0.517638 1.93185
3 1.5 2.59808
3 1.02606 2.81908
3 0.520945 2.95442
2 -0.517638 1.93185
3 8.49831e-16 3
3 -0.520945 2.95442
3 -1.02606 2.81908
1 -1 1.22465e-16
2 -1.41421 1.41421
3 -1.5 2.59808
3 -1.92836 2.29813
3 -2.29813 1.92836
2 -1.93185 0.517638
3 -2.59808 1.5
3 -2.81908 1.02606
3 -2.95442 0.520945
2 -1.93185 -0.517638
3 -3 1.69966e-15
3 -2.95442 -0.520945
3 -2.81908 -1.02606
1 -1.83697e-16 -1
2 -1.41421 -1.41421
3 -2.59808 -1.5
3 -2.29813 -1.92836
3 -1.92836 -2.29813
2 -0.517638 -1.93185
3 -1.5 -2.59808
3 -1.02606 -2.81908
3 -0.520945 -2.95442
2 0.517638 -1.93185
3 2.11344e-15 -3
3 0.520945 -2.95442
3 1.02606 -2.81908
1 1 -2.44929e-16
2 1.41421 -1.41421
3 1.5 -2.59808
3 1.92836 -2.29813
3 2.29813 -1.92836
2 1.93185 -0.517638
3 2.59808 -1.5
3 2.81908 -1.02606
3 2.95442 -0.520945
2 1.93185 0.517638
3 3 1.92975e-15
3 2.95442 0.520945
3 2.81908 1.02606
