# mu2 n0_GS n_exact n_diff
-1.99900 0.000007410371325 0.000020094025004 0.000012683653679
-1.95942 0.004833694105425 0.004842605852443 0.000008911747018
-1.91983 0.012594882529881 0.012614070318263 0.000019187788382
-1.88025 0.021703154804812 0.021722879971030 0.000019725166219
-1.84066 0.031632721924072 0.031590983142134 0.000041738781938
-1.80108 0.041914958920359 0.041916049236119 0.000001090315761
-1.76150 0.052564996165981 0.052519498857585 0.000045497308396
-1.72191 0.063292258114947 0.063288695330938 0.000003562784009
-1.68233 0.074160908657515 0.074149624433113 0.000011284224402
-1.64274 0.085065876932776 0.085052326981201 0.000013549951574
-1.60316 0.096113231820580 0.095962495371258 0.000150736449322
-1.56357 0.106896044907912 0.106856345760595 0.000039699147317
-1.52399 0.117855141540453 0.117717353156284 0.000137788384169
-1.48441 0.128573191301495 0.128534101823437 0.000039089478058
-1.44482 0.139233458929866 0.139298831064092 0.000065372134226
-1.40524 0.150027225269028 0.150006429075478 0.000020796193550
-1.36565 0.160649347355464 0.160653723573062 0.000004376217599
-1.32607 0.171252316485032 0.171238973584966 0.000013342900067
-1.28649 0.181811864228834 0.181761500367302 0.000050363861532
-1.24690 0.192291338292264 0.192221416212122 0.000069922080143
-1.20732 0.202667991269329 0.202619423191933 0.000048568077397
-1.16773 0.212901126732023 0.212956662542245 0.000055535810222
-1.12815 0.223246231254534 0.223234601146875 0.000011630107659
-1.08856 0.233501165065865 0.233454945497440 0.000046219568426
-1.04898 0.243713606294805 0.243619576189818 0.000094030104988
-1.00940 0.253756980647910 0.253730497901765 0.000026482746145
-0.96981 0.263789636976475 0.263789801128541 0.000000164152066
-0.93023 0.273840588665005 0.273799632908829 0.000040955756177
-0.89064 0.283804251549673 0.283762174465774 0.000042077083899
-0.85106 0.293632826781877 0.293679624195041 0.000046797413164
-0.81148 0.303571951980104 0.303554184806495 0.000017767173610
-0.77189 0.313432011843512 0.313388053705451 0.000043958138062
-0.73231 0.323104330839875 0.323183415909231 0.000079085069355
-0.69272 0.332950847091485 0.332942438953560 0.000008408137925
-0.65314 0.342707481679263 0.342667269364318 0.000040212314944
-0.61355 0.352265281779249 0.352360030362888 0.000094748583640
-0.57397 0.362026951547547 0.362022820544869 0.000004131002678
-0.53439 0.371693607217780 0.371657713327350 0.000035893890430
-0.49480 0.381170682431465 0.381266757003146 0.000096074571681
-0.45522 0.390854345520259 0.390851975274154 0.000002370246105
-0.41563 0.400447024710794 0.400415368162594 0.000031656548200
-0.37605 0.409872012534168 0.409958913219785 0.000086900685617
-0.33647 0.419488186919779 0.419484566968707 0.000003619951072
-0.29688 0.429020359988977 0.428994266529699 0.000026093459278
-0.25730 0.438418657822181 0.438489931389093 0.000071273566912
-0.21771 0.447982642200804 0.447973465278858 0.000009176921946
-0.17813 0.457464460697821 0.457446758141901 0.000017702555920
-0.13854 0.466858805748019 0.466911688162896 0.000052882414876
-0.09896 0.476389880322659 0.476370123848575 0.000019756474085
-0.05938 0.485830256192956 0.485823926144630 0.000006330048326
-0.01979 0.495240076298084 0.495274950578767 0.000034874280683
0.01979 0.504759923701916 0.504725049421233 0.000034874280683
0.05938 0.514169743807044 0.514176073855370 0.000006330048326
0.09896 0.523610119677340 0.523629876151425 0.000019756474085
0.13854 0.533141194251981 0.533088311837104 0.000052882414877
0.17813 0.542535539302178 0.542553241858099 0.000017702555921
0.21771 0.552017357799196 0.552026534721142 0.000009176921946
0.25730 0.561581342177818 0.561510068610907 0.000071273566911
0.29688 0.570979640011024 0.571005733470301 0.000026093459277
0.33647 0.580511813080221 0.580515433031293 0.000003619951072
0.37605 0.590127987465833 0.590041086780214 0.000086900685619
0.41563 0.599552975289207 0.599584631837406 0.000031656548199
0.45522 0.609145654479740 0.609148024725846 0.000002370246105
0.49480 0.618829317568536 0.618733242996854 0.000096074571682
0.53439 0.628306392782220 0.628342286672650 0.000035893890430
0.57397 0.637973048452453 0.637977179455131 0.000004131002679
0.61355 0.647734718220751 0.647639969637112 0.000094748583639
0.65314 0.657292518320736 0.657332730635682 0.000040212314945
0.69272 0.667049152908516 0.667057561046440 0.000008408137925
0.73231 0.676895669160125 0.676816584090769 0.000079085069356
0.77189 0.686567988156488 0.686611946294549 0.000043958138061
0.81148 0.696428048019897 0.696445815193505 0.000017767173608
0.85106 0.706367173218123 0.706320375804959 0.000046797413164
0.89064 0.716195748450327 0.716237825534226 0.000042077083899
0.93023 0.726159411334994 0.726200367091171 0.000040955756177
0.96981 0.736210363023524 0.736210198871459 0.000000164152064
1.00940 0.746243019352090 0.746269502098235 0.000026482746145
1.04898 0.756286393705194 0.756380423810182 0.000094030104988
1.08856 0.766498834934134 0.766545054502561 0.000046219568426
1.12815 0.776753768745466 0.776765398853125 0.000011630107659
1.16773 0.787098873267976 0.787043337457755 0.000055535810220
1.20732 0.797332008730669 0.797380576808067 0.000048568077398
1.24690 0.807708661707736 0.807778583787878 0.000069922080143
1.28649 0.818188135771167 0.818238499632698 0.000050363861530
1.32607 0.828747683514968 0.828761026415034 0.000013342900066
1.36565 0.839350652644537 0.839346276426938 0.000004376217599
1.40524 0.849972774730973 0.849993570924522 0.000020796193549
1.44482 0.860766541070134 0.860701168935908 0.000065372134226
1.48441 0.871426808698504 0.871465898176563 0.000039089478058
1.52399 0.882144858459547 0.882282646843716 0.000137788384168
1.56357 0.893103955092090 0.893143654239405 0.000039699147315
1.60316 0.903886768179418 0.904037504628742 0.000150736449324
1.64274 0.914934123067223 0.914947673018799 0.000013549951576
1.68233 0.925839091342484 0.925850375566887 0.000011284224403
1.72191 0.936707741885053 0.936711304669062 0.000003562784009
1.76150 0.947435003834019 0.947480501142415 0.000045497308396
1.80108 0.958085041079642 0.958083950763881 0.000001090315761
1.84066 0.968367278075927 0.968409016857866 0.000041738781939
1.88025 0.978296845195189 0.978277120028970 0.000019725166219
1.91983 0.987405117470119 0.987385929681737 0.000019187788382
1.95942 0.995166305894574 0.995157394147557 0.000008911747018
1.99900 0.999992589628675 0.999979905974997 0.000012683653679
