# mu2 n0_GS n_exact n_diff
-1.99900 0.000002876382881 0.000020094025004 0.000017217642123
-1.95942 0.004804975642117 0.004842605852443 0.000037630210326
-1.91983 0.012613723808932 0.012614070318263 0.000000346509331
-1.88025 0.021750421338647 0.021722879971030 0.000027541367616
-1.84066 0.031638914188084 0.031590983142134 0.000047931045950
-1.80108 0.041979313294245 0.041916049236119 0.000063264058126
-1.76150 0.052594550879594 0.052519498857585 0.000075052022009
-1.72191 0.063372347573376 0.063288695330938 0.000083652242438
-1.68233 0.074239383429485 0.074149624433113 0.000089758996372
-1.64274 0.085146842178898 0.085052326981201 0.000094515197697
-1.60316 0.096060162944602 0.095962495371258 0.000097667573344
-1.56357 0.106956204788106 0.106856345760595 0.000099859027511
-1.52399 0.117818495171381 0.117717353156284 0.000101142015097
-1.48441 0.128635835266443 0.128534101823437 0.000101733443006
-1.44482 0.139400526817751 0.139298831064092 0.000101695753659
-1.40524 0.150107744361512 0.150006429075478 0.000101315286034
-1.36565 0.160754055321620 0.160653723573062 0.000100331748558
-1.32607 0.171338141457419 0.171238973584966 0.000099167872453
-1.28649 0.181859121102275 0.181761500367302 0.000097620734973
-1.24690 0.192317284346072 0.192221416212122 0.000095868133950
-1.20732 0.202713287816384 0.202619423191933 0.000093864624451
-1.16773 0.213048379255219 0.212956662542245 0.000091716712974
-1.12815 0.223324059737792 0.223234601146875 0.000089458590917
-1.08856 0.233541895628128 0.233454945497440 0.000086950130688
-1.04898 0.243703977140386 0.243619576189818 0.000084400950568
-1.00940 0.253812315913496 0.253730497901765 0.000081818011731
-0.96981 0.263868856820134 0.263789801128541 0.000079055691593
-0.93023 0.273875818255301 0.273799632908829 0.000076185346473
-0.89064 0.283835464891405 0.283762174465774 0.000073290425631
-0.85106 0.293750019042391 0.293679624195041 0.000070394847350
-0.81148 0.303621508607667 0.303554184806495 0.000067323801172
-0.77189 0.313452285537637 0.313388053705451 0.000064231832186
-0.73231 0.323244643536424 0.323183415909231 0.000061227627193
-0.69272 0.333000454608074 0.332942438953560 0.000058015654514
-0.65314 0.342722079408950 0.342667269364318 0.000054810044632
-0.61355 0.352411752963944 0.352360030362888 0.000051722601056
-0.57397 0.362071212864486 0.362022820544869 0.000048392319618
-0.53439 0.371702853437720 0.371657713327350 0.000045140110370
-0.49480 0.381308729008045 0.381266757003146 0.000041972004899
-0.45522 0.390890523772752 0.390851975274154 0.000038548498598
-0.41563 0.400450675826248 0.400415368162594 0.000035307663654
-0.37605 0.409990936193024 0.409958913219785 0.000032022973239
-0.33647 0.419513137608580 0.419484566968707 0.000028570639872
-0.29688 0.429019628225968 0.428994266529699 0.000025361696269
-0.25730 0.438511847830908 0.438489931389093 0.000021916441815
-0.21771 0.447992002800045 0.447973465278858 0.000018537521188
-0.17813 0.457462065513130 0.457446758141901 0.000015307371229
-0.13854 0.466923430750336 0.466911688162896 0.000011742587440
-0.09896 0.476378611598816 0.476370123848575 0.000008487750242
-0.05938 0.485829055718605 0.485823926144630 0.000005129573974
-0.01979 0.495276547164034 0.495274950578767 0.000001596585266
0.01979 0.504723452835968 0.504725049421233 0.000001596585265
0.05938 0.514170944281395 0.514176073855370 0.000005129573975
0.09896 0.523621388401185 0.523629876151425 0.000008487750240
0.13854 0.533076569249663 0.533088311837104 0.000011742587441
0.17813 0.542537934486870 0.542553241858099 0.000015307371229
0.21771 0.552007997199955 0.552026534721142 0.000018537521188
0.25730 0.561488152169092 0.561510068610907 0.000021916441816
0.29688 0.570980371774032 0.571005733470301 0.000025361696269
0.33647 0.580486862391420 0.580515433031293 0.000028570639873
0.37605 0.590009063806978 0.590041086780214 0.000032022973237
0.41563 0.599549324173751 0.599584631837406 0.000035307663655
0.45522 0.609109476227248 0.609148024725846 0.000038548498598
0.49480 0.618691270991956 0.618733242996854 0.000041972004898
0.53439 0.628297146562280 0.628342286672650 0.000045140110370
0.57397 0.637928787135514 0.637977179455131 0.000048392319617
0.61355 0.647588247036054 0.647639969637112 0.000051722601057
0.65314 0.657277920591050 0.657332730635682 0.000054810044632
0.69272 0.666999545391926 0.667057561046440 0.000058015654514
0.73231 0.676755356463577 0.676816584090769 0.000061227627192
0.77189 0.686547714462363 0.686611946294549 0.000064231832186
0.81148 0.696378491392333 0.696445815193505 0.000067323801172
0.85106 0.706249980957609 0.706320375804959 0.000070394847350
0.89064 0.716164535108595 0.716237825534226 0.000073290425630
0.93023 0.726124181744697 0.726200367091171 0.000076185346474
0.96981 0.736131143179866 0.736210198871459 0.000079055691593
1.00940 0.746187684086503 0.746269502098235 0.000081818011732
1.04898 0.756296022859615 0.756380423810182 0.000084400950568
1.08856 0.766458104371874 0.766545054502561 0.000086950130687
1.12815 0.776675940262207 0.776765398853125 0.000089458590919
1.16773 0.786951620744782 0.787043337457755 0.000091716712974
1.20732 0.797286712183617 0.797380576808067 0.000093864624450
1.24690 0.807682715653928 0.807778583787878 0.000095868133951
1.28649 0.818140878897724 0.818238499632698 0.000097620734974
1.32607 0.828661858542582 0.828761026415034 0.000099167872453
1.36565 0.839245944678379 0.839346276426938 0.000100331748559
1.40524 0.849892255638488 0.849993570924522 0.000101315286034
1.44482 0.860599473182249 0.860701168935908 0.000101695753659
1.48441 0.871364164733558 0.871465898176563 0.000101733443004
1.52399 0.882181504828619 0.882282646843716 0.000101142015097
1.56357 0.893043795211894 0.893143654239405 0.000099859027510
1.60316 0.903939837055398 0.904037504628742 0.000097667573344
1.64274 0.914853157821102 0.914947673018799 0.000094515197697
1.68233 0.925760616570516 0.925850375566887 0.000089758996371
1.72191 0.936627652426624 0.936711304669062 0.000083652242438
1.76150 0.947405449120407 0.947480501142415 0.000075052022009
1.80108 0.958020686705754 0.958083950763881 0.000063264058126
1.84066 0.968361085811917 0.968409016857866 0.000047931045949
1.88025 0.978249578661353 0.978277120028970 0.000027541367616
1.91983 0.987386276191069 0.987385929681737 0.000000346509331
1.95942 0.995195024357883 0.995157394147557 0.000037630210326
1.99900 0.999997123617119 0.999979905974997 0.000017217642123
