## Parameters ##
# z = 3
# m = 9
# t = 1.000000000000000e+00
# mu = 1.000000000000000e-10
# opt = sc
#
#
#a = 0.000000
1 5.009065961030784e-01
2 5.009065961030776e-01
3 5.009065961030786e-01
4 5.186502133344276e-01
5 5.186502133344277e-01
6 5.186502133344277e-01
7 5.186502133344268e-01
8 5.186502133344262e-01
9 5.186502133344271e-01
10 4.883020369833283e-01
11 4.883020369833292e-01
12 4.883020369833277e-01
13 4.883020369833277e-01
14 4.883020369833275e-01
15 4.883020369833279e-01
16 4.883020369833281e-01
17 4.883020369833275e-01
18 4.883020369833286e-01
19 4.883020369833280e-01
20 4.883020369833279e-01
21 4.883020369833283e-01
22 5.289827497679824e-01
23 5.289827497679823e-01
24 5.289827497679820e-01
25 5.289827497679823e-01
26 5.289827497679820e-01
27 5.289827497679817e-01
28 5.289827497679823e-01
29 5.289827497679827e-01
30 5.289827497679829e-01
31 5.289827497679833e-01
32 5.289827497679827e-01
33 5.289827497679833e-01
34 5.289827497679821e-01
35 5.289827497679813e-01
36 5.289827497679823e-01
37 5.289827497679820e-01
38 5.289827497679830e-01
39 5.289827497679815e-01
40 5.289827497679824e-01
41 5.289827497679825e-01
42 5.289827497679818e-01
43 5.289827497679832e-01
44 5.289827497679823e-01
45 5.289827497679827e-01
46 4.716025023586701e-01
47 4.716025023586700e-01
48 4.716025023586699e-01
49 4.716025023586699e-01
50 4.716025023586695e-01
51 4.716025023586698e-01
52 4.716025023586697e-01
53 4.716025023586695e-01
54 4.716025023586699e-01
55 4.716025023586700e-01
56 4.716025023586698e-01
57 4.716025023586699e-01
58 4.716025023586696e-01
59 4.716025023586697e-01
60 4.716025023586694e-01
61 4.716025023586694e-01
62 4.716025023586695e-01
63 4.716025023586699e-01
64 4.716025023586703e-01
65 4.716025023586699e-01
66 4.716025023586700e-01
67 4.716025023586698e-01
68 4.716025023586699e-01
69 4.716025023586701e-01
70 4.716025023586694e-01
71 4.716025023586696e-01
72 4.716025023586694e-01
73 4.716025023586695e-01
74 4.716025023586697e-01
75 4.716025023586696e-01
76 4.716025023586691e-01
77 4.716025023586690e-01
78 4.716025023586700e-01
79 4.716025023586696e-01
80 4.716025023586702e-01
81 4.716025023586700e-01
82 4.716025023586692e-01
83 4.716025023586695e-01
84 4.716025023586698e-01
85 4.716025023586692e-01
86 4.716025023586692e-01
87 4.716025023586699e-01
88 4.716025023586699e-01
89 4.716025023586702e-01
90 4.716025023586690e-01
91 4.716025023586706e-01
92 4.716025023586708e-01
93 4.716025023586702e-01
94 5.488114197704280e-01
95 5.488114197704281e-01
96 5.488114197704286e-01
97 5.488114197704281e-01
98 5.488114197704281e-01
99 5.488114197704284e-01
100 5.488114197704281e-01
101 5.488114197704281e-01
102 5.488114197704284e-01
103 5.488114197704278e-01
104 5.488114197704281e-01
105 5.488114197704282e-01
106 5.488114197704284e-01
107 5.488114197704278e-01
108 5.488114197704281e-01
109 5.488114197704281e-01
110 5.488114197704278e-01
111 5.488114197704280e-01
112 5.488114197704281e-01
113 5.488114197704281e-01
114 5.488114197704281e-01
115 5.488114197704284e-01
116 5.488114197704288e-01
117 5.488114197704286e-01
118 5.488114197704279e-01
119 5.488114197704281e-01
120 5.488114197704277e-01
121 5.488114197704277e-01
122 5.488114197704280e-01
123 5.488114197704280e-01
124 5.488114197704284e-01
125 5.488114197704281e-01
126 5.488114197704279e-01
127 5.488114197704281e-01
128 5.488114197704281e-01
129 5.488114197704279e-01
130 5.488114197704277e-01
131 5.488114197704278e-01
132 5.488114197704284e-01
133 5.488114197704281e-01
134 5.488114197704279e-01
135 5.488114197704278e-01
136 5.488114197704279e-01
137 5.488114197704280e-01
138 5.488114197704284e-01
139 5.488114197704281e-01
140 5.488114197704281e-01
141 5.488114197704281e-01
142 5.488114197704280e-01
143 5.488114197704281e-01
144 5.488114197704275e-01
145 5.488114197704277e-01
146 5.488114197704282e-01
147 5.488114197704281e-01
148 5.488114197704280e-01
149 5.488114197704281e-01
150 5.488114197704285e-01
151 5.488114197704281e-01
152 5.488114197704281e-01
153 5.488114197704281e-01
154 5.488114197704284e-01
155 5.488114197704279e-01
156 5.488114197704281e-01
157 5.488114197704284e-01
158 5.488114197704286e-01
159 5.488114197704285e-01
160 5.488114197704279e-01
161 5.488114197704281e-01
162 5.488114197704284e-01
163 5.488114197704284e-01
164 5.488114197704279e-01
165 5.488114197704279e-01
166 5.488114197704284e-01
167 5.488114197704281e-01
168 5.488114197704279e-01
169 5.488114197704281e-01
170 5.488114197704284e-01
171 5.488114197704282e-01
172 5.488114197704281e-01
173 5.488114197704281e-01
174 5.488114197704265e-01
175 5.488114197704287e-01
176 5.488114197704288e-01
177 5.488114197704286e-01
178 5.488114197704290e-01
179 5.488114197704286e-01
180 5.488114197704289e-01
181 5.488114197704296e-01
182 5.488114197704296e-01
183 5.488114197704281e-01
184 5.488114197704282e-01
185 5.488114197704280e-01
186 5.488114197704279e-01
187 5.488114197704286e-01
188 5.488114197704275e-01
189 5.488114197704278e-01
190 4.247225888312866e-01
191 4.247225888312865e-01
192 4.247225888312869e-01
193 4.247225888312873e-01
194 4.247225888312872e-01
195 4.247225888312869e-01
196 4.247225888312870e-01
197 4.247225888312869e-01
198 4.247225888312867e-01
199 4.247225888312869e-01
200 4.247225888312873e-01
201 4.247225888312869e-01
202 4.247225888312870e-01
203 4.247225888312867e-01
204 4.247225888312869e-01
205 4.247225888312869e-01
206 4.247225888312870e-01
207 4.247225888312868e-01
208 4.247225888312869e-01
209 4.247225888312865e-01
210 4.247225888312866e-01
211 4.247225888312869e-01
212 4.247225888312866e-01
213 4.247225888312867e-01
214 4.247225888312867e-01
215 4.247225888312867e-01
216 4.247225888312868e-01
217 4.247225888312868e-01
218 4.247225888312862e-01
219 4.247225888312869e-01
220 4.247225888312871e-01
221 4.247225888312869e-01
222 4.247225888312869e-01
223 4.247225888312869e-01
224 4.247225888312873e-01
225 4.247225888312871e-01
226 4.247225888312866e-01
227 4.247225888312867e-01
228 4.247225888312868e-01
229 4.247225888312866e-01
230 4.247225888312870e-01
231 4.247225888312869e-01
232 4.247225888312868e-01
233 4.247225888312869e-01
234 4.247225888312870e-01
235 4.247225888312871e-01
236 4.247225888312869e-01
237 4.247225888312870e-01
238 4.247225888312869e-01
239 4.247225888312867e-01
240 4.247225888312867e-01
241 4.247225888312866e-01
242 4.247225888312869e-01
243 4.247225888312868e-01
244 4.247225888312864e-01
245 4.247225888312861e-01
246 4.247225888312870e-01
247 4.247225888312868e-01
248 4.247225888312864e-01
249 4.247225888312869e-01
250 4.247225888312864e-01
251 4.247225888312869e-01
252 4.247225888312867e-01
253 4.247225888312865e-01
254 4.247225888312869e-01
255 4.247225888312867e-01
256 4.247225888312867e-01
257 4.247225888312865e-01
258 4.247225888312868e-01
259 4.247225888312866e-01
260 4.247225888312870e-01
261 4.247225888312871e-01
262 4.247225888312869e-01
263 4.247225888312867e-01
264 4.247225888312872e-01
265 4.247225888312874e-01
266 4.247225888312868e-01
267 4.247225888312862e-01
268 4.247225888312869e-01
269 4.247225888312872e-01
270 4.247225888312862e-01
271 4.247225888312866e-01
272 4.247225888312868e-01
273 4.247225888312869e-01
274 4.247225888312868e-01
275 4.247225888312873e-01
276 4.247225888312867e-01
277 4.247225888312863e-01
278 4.247225888312871e-01
279 4.247225888312868e-01
280 4.247225888312871e-01
281 4.247225888312871e-01
282 4.247225888312872e-01
283 4.247225888312870e-01
284 4.247225888312864e-01
285 4.247225888312867e-01
286 4.247225888312863e-01
287 4.247225888312867e-01
288 4.247225888312866e-01
289 4.247225888312872e-01
290 4.247225888312864e-01
291 4.247225888312867e-01
292 4.247225888312860e-01
293 4.247225888312863e-01
294 4.247225888312866e-01
295 4.247225888312868e-01
296 4.247225888312868e-01
297 4.247225888312866e-01
298 4.247225888312868e-01
299 4.247225888312868e-01
300 4.247225888312871e-01
301 4.247225888312868e-01
302 4.247225888312870e-01
303 4.247225888312871e-01
304 4.247225888312876e-01
305 4.247225888312872e-01
306 4.247225888312870e-01
307 4.247225888312872e-01
308 4.247225888312872e-01
309 4.247225888312874e-01
310 4.247225888312871e-01
311 4.247225888312871e-01
312 4.247225888312872e-01
313 4.247225888312872e-01
314 4.247225888312866e-01
315 4.247225888312863e-01
316 4.247225888312869e-01
317 4.247225888312868e-01
318 4.247225888312871e-01
319 4.247225888312873e-01
320 4.247225888312869e-01
321 4.247225888312868e-01
322 4.247225888312862e-01
323 4.247225888312863e-01
324 4.247225888312864e-01
325 4.247225888312865e-01
326 4.247225888312867e-01
327 4.247225888312869e-01
328 4.247225888312862e-01
329 4.247225888312863e-01
330 4.247225888312871e-01
331 4.247225888312869e-01
332 4.247225888312870e-01
333 4.247225888312869e-01
334 4.247225888312873e-01
335 4.247225888312874e-01
336 4.247225888312869e-01
337 4.247225888312869e-01
338 4.247225888312871e-01
339 4.247225888312870e-01
340 4.247225888312875e-01
341 4.247225888312868e-01
342 4.247225888312866e-01
343 4.247225888312869e-01
344 4.247225888312871e-01
345 4.247225888312871e-01
346 4.247225888312861e-01
347 4.247225888312866e-01
348 4.247225888312862e-01
349 4.247225888312861e-01
350 4.247225888312863e-01
351 4.247225888312854e-01
352 4.247225888312866e-01
353 4.247225888312863e-01
354 4.247225888312890e-01
355 4.247225888312848e-01
356 4.247225888312861e-01
357 4.247225888312866e-01
358 4.247225888312866e-01
359 4.247225888312868e-01
360 4.247225888312872e-01
361 4.247225888312879e-01
362 4.247225888312887e-01
363 4.247225888312883e-01
364 4.247225888312870e-01
365 4.247225888312874e-01
366 4.247225888312861e-01
367 4.247225888312871e-01
368 4.247225888312887e-01
369 4.247225888312854e-01
370 4.247225888312871e-01
371 4.247225888312869e-01
372 4.247225888312881e-01
373 4.247225888312858e-01
374 4.247225888312868e-01
375 4.247225888312869e-01
376 4.247225888312866e-01
377 4.247225888312867e-01
378 4.247225888312861e-01
379 4.247225888312862e-01
380 4.247225888312868e-01
381 4.247225888312867e-01
382 6.301105555290296e-01
383 6.301105555290303e-01
384 6.301105555290298e-01
385 6.301105555290302e-01
386 6.301105555290296e-01
387 6.301105555290302e-01
388 6.301105555290307e-01
389 6.301105555290305e-01
390 6.301105555290307e-01
391 6.301105555290305e-01
392 6.301105555290312e-01
393 6.301105555290309e-01
394 6.301105555290301e-01
395 6.301105555290296e-01
396 6.301105555290305e-01
397 6.301105555290303e-01
398 6.301105555290305e-01
399 6.301105555290303e-01
400 6.301105555290307e-01
401 6.301105555290307e-01
402 6.301105555290297e-01
403 6.301105555290297e-01
404 6.301105555290305e-01
405 6.301105555290303e-01
406 6.301105555290302e-01
407 6.301105555290306e-01
408 6.301105555290303e-01
409 6.301105555290303e-01
410 6.301105555290304e-01
411 6.301105555290298e-01
412 6.301105555290294e-01
413 6.301105555290301e-01
414 6.301105555290306e-01
415 6.301105555290306e-01
416 6.301105555290307e-01
417 6.301105555290305e-01
418 6.301105555290309e-01
419 6.301105555290306e-01
420 6.301105555290309e-01
421 6.301105555290311e-01
422 6.301105555290303e-01
423 6.301105555290302e-01
424 6.301105555290305e-01
425 6.301105555290305e-01
426 6.301105555290303e-01
427 6.301105555290303e-01
428 6.301105555290298e-01
429 6.301105555290298e-01
430 6.301105555290305e-01
431 6.301105555290305e-01
432 6.301105555290303e-01
433 6.301105555290305e-01
434 6.301105555290305e-01
435 6.301105555290305e-01
436 6.301105555290306e-01
437 6.301105555290302e-01
438 6.301105555290301e-01
439 6.301105555290302e-01
440 6.301105555290298e-01
441 6.301105555290303e-01
442 6.301105555290298e-01
443 6.301105555290304e-01
444 6.301105555290296e-01
445 6.301105555290301e-01
446 6.301105555290304e-01
447 6.301105555290305e-01
448 6.301105555290305e-01
449 6.301105555290308e-01
450 6.301105555290305e-01
451 6.301105555290306e-01
452 6.301105555290306e-01
453 6.301105555290303e-01
454 6.301105555290303e-01
455 6.301105555290307e-01
456 6.301105555290301e-01
457 6.301105555290301e-01
458 6.301105555290302e-01
459 6.301105555290299e-01
460 6.301105555290301e-01
461 6.301105555290299e-01
462 6.301105555290301e-01
463 6.301105555290304e-01
464 6.301105555290303e-01
465 6.301105555290307e-01
466 6.301105555290309e-01
467 6.301105555290307e-01
468 6.301105555290307e-01
469 6.301105555290304e-01
470 6.301105555290301e-01
471 6.301105555290301e-01
472 6.301105555290303e-01
473 6.301105555290305e-01
474 6.301105555290303e-01
475 6.301105555290309e-01
476 6.301105555290307e-01
477 6.301105555290309e-01
478 6.301105555290305e-01
479 6.301105555290307e-01
480 6.301105555290303e-01
481 6.301105555290305e-01
482 6.301105555290301e-01
483 6.301105555290298e-01
484 6.301105555290303e-01
485 6.301105555290298e-01
486 6.301105555290305e-01
487 6.301105555290307e-01
488 6.301105555290309e-01
489 6.301105555290307e-01
490 6.301105555290301e-01
491 6.301105555290306e-01
492 6.301105555290303e-01
493 6.301105555290303e-01
494 6.301105555290305e-01
495 6.301105555290299e-01
496 6.301105555290298e-01
497 6.301105555290304e-01
498 6.301105555290305e-01
499 6.301105555290304e-01
500 6.301105555290301e-01
501 6.301105555290301e-01
502 6.301105555290305e-01
503 6.301105555290306e-01
504 6.301105555290306e-01
505 6.301105555290304e-01
506 6.301105555290298e-01
507 6.301105555290299e-01
508 6.301105555290308e-01
509 6.301105555290307e-01
510 6.301105555290306e-01
511 6.301105555290302e-01
512 6.301105555290305e-01
513 6.301105555290305e-01
514 6.301105555290299e-01
515 6.301105555290301e-01
516 6.301105555290308e-01
517 6.301105555290301e-01
518 6.301105555290306e-01
519 6.301105555290305e-01
520 6.301105555290298e-01
521 6.301105555290299e-01
522 6.301105555290303e-01
523 6.301105555290302e-01
524 6.301105555290302e-01
525 6.301105555290297e-01
526 6.301105555290303e-01
527 6.301105555290296e-01
528 6.301105555290304e-01
529 6.301105555290299e-01
530 6.301105555290301e-01
531 6.301105555290303e-01
532 6.301105555290302e-01
533 6.301105555290304e-01
534 6.301105555290297e-01
535 6.301105555290301e-01
536 6.301105555290297e-01
537 6.301105555290301e-01
538 6.301105555290309e-01
539 6.301105555290306e-01
540 6.301105555290308e-01
541 6.301105555290309e-01
542 6.301105555290303e-01
543 6.301105555290301e-01
544 6.301105555290303e-01
545 6.301105555290298e-01
546 6.301105555290305e-01
547 6.301105555290312e-01
548 6.301105555290305e-01
549 6.301105555290308e-01
550 6.301105555290302e-01
551 6.301105555290298e-01
552 6.301105555290302e-01
553 6.301105555290298e-01
554 6.301105555290303e-01
555 6.301105555290304e-01
556 6.301105555290303e-01
557 6.301105555290299e-01
558 6.301105555290306e-01
559 6.301105555290307e-01
560 6.301105555290312e-01
561 6.301105555290308e-01
562 6.301105555290299e-01
563 6.301105555290301e-01
564 6.301105555290298e-01
565 6.301105555290303e-01
566 6.301105555290306e-01
567 6.301105555290308e-01
568 6.301105555290305e-01
569 6.301105555290302e-01
570 6.301105555290302e-01
571 6.301105555290305e-01
572 6.301105555290305e-01
573 6.301105555290305e-01
574 6.301105555290309e-01
575 6.301105555290303e-01
576 6.301105555290303e-01
577 6.301105555290307e-01
578 6.301105555290307e-01
579 6.301105555290301e-01
580 6.301105555290306e-01
581 6.301105555290312e-01
582 6.301105555290297e-01
583 6.301105555290296e-01
584 6.301105555290296e-01
585 6.301105555290301e-01
586 6.301105555290297e-01
587 6.301105555290298e-01
588 6.301105555290296e-01
589 6.301105555290303e-01
590 6.301105555290298e-01
591 6.301105555290298e-01
592 6.301105555290305e-01
593 6.301105555290303e-01
594 6.301105555290302e-01
595 6.301105555290305e-01
596 6.301105555290305e-01
597 6.301105555290305e-01
598 6.301105555290305e-01
599 6.301105555290307e-01
600 6.301105555290305e-01
601 6.301105555290305e-01
602 6.301105555290307e-01
603 6.301105555290302e-01
604 6.301105555290299e-01
605 6.301105555290299e-01
606 6.301105555290301e-01
607 6.301105555290306e-01
608 6.301105555290299e-01
609 6.301105555290306e-01
610 6.301105555290303e-01
611 6.301105555290307e-01
612 6.301105555290306e-01
613 6.301105555290311e-01
614 6.301105555290304e-01
615 6.301105555290303e-01
616 6.301105555290298e-01
617 6.301105555290303e-01
618 6.301105555290306e-01
619 6.301105555290305e-01
620 6.301105555290307e-01
621 6.301105555290307e-01
622 6.301105555290302e-01
623 6.301105555290304e-01
624 6.301105555290307e-01
625 6.301105555290305e-01
626 6.301105555290302e-01
627 6.301105555290303e-01
628 6.301105555290298e-01
629 6.301105555290298e-01
630 6.301105555290307e-01
631 6.301105555290304e-01
632 6.301105555290304e-01
633 6.301105555290308e-01
634 6.301105555290307e-01
635 6.301105555290302e-01
636 6.301105555290305e-01
637 6.301105555290299e-01
638 6.301105555290298e-01
639 6.301105555290303e-01
640 6.301105555290302e-01
641 6.301105555290303e-01
642 6.301105555290305e-01
643 6.301105555290306e-01
644 6.301105555290301e-01
645 6.301105555290301e-01
646 6.301105555290305e-01
647 6.301105555290301e-01
648 6.301105555290301e-01
649 6.301105555290299e-01
650 6.301105555290307e-01
651 6.301105555290305e-01
652 6.301105555290298e-01
653 6.301105555290302e-01
654 6.301105555290304e-01
655 6.301105555290298e-01
656 6.301105555290298e-01
657 6.301105555290301e-01
658 6.301105555290305e-01
659 6.301105555290305e-01
660 6.301105555290305e-01
661 6.301105555290307e-01
662 6.301105555290305e-01
663 6.301105555290309e-01
664 6.301105555290302e-01
665 6.301105555290307e-01
666 6.301105555290305e-01
667 6.301105555290312e-01
668 6.301105555290309e-01
669 6.301105555290304e-01
670 6.301105555290307e-01
671 6.301105555290307e-01
672 6.301105555290299e-01
673 6.301105555290302e-01
674 6.301105555290307e-01
675 6.301105555290309e-01
676 6.301105555290305e-01
677 6.301105555290307e-01
678 6.301105555290302e-01
679 6.301105555290302e-01
680 6.301105555290302e-01
681 6.301105555290304e-01
682 6.301105555290312e-01
683 6.301105555290308e-01
684 6.301105555290307e-01
685 6.301105555290309e-01
686 6.301105555290303e-01
687 6.301105555290307e-01
688 6.301105555290301e-01
689 6.301105555290305e-01
690 6.301105555290306e-01
691 6.301105555290301e-01
692 6.301105555290301e-01
693 6.301105555290302e-01
694 6.301105555290307e-01
695 6.301105555290305e-01
696 6.301105555290299e-01
697 6.301105555290305e-01
698 6.301105555290301e-01
699 6.301105555290306e-01
700 6.301105555290301e-01
701 6.301105555290298e-01
702 6.301105555290297e-01
703 6.301105555290319e-01
704 6.301105555290311e-01
705 6.301105555290323e-01
706 6.301105555290322e-01
707 6.301105555290312e-01
708 6.301105555290297e-01
709 6.301105555290307e-01
710 6.301105555290307e-01
711 6.301105555290302e-01
712 6.301105555290323e-01
713 6.301105555290295e-01
714 6.301105555290315e-01
715 6.301105555290312e-01
716 6.301105555290318e-01
717 6.301105555290312e-01
718 6.301105555290315e-01
719 6.301105555290275e-01
720 6.301105555290313e-01
721 6.301105555290309e-01
722 6.301105555290322e-01
723 6.301105555290308e-01
724 6.301105555290326e-01
725 6.301105555290279e-01
726 6.301105555290341e-01
727 6.301105555290287e-01
728 6.301105555290297e-01
729 6.301105555290283e-01
730 6.301105555290288e-01
731 6.301105555290325e-01
732 6.301105555290308e-01
733 6.301105555290309e-01
734 6.301105555290288e-01
735 6.301105555290316e-01
736 6.301105555290294e-01
737 6.301105555290305e-01
738 6.301105555290306e-01
739 6.301105555290306e-01
740 6.301105555290313e-01
741 6.301105555290302e-01
742 6.301105555290315e-01
743 6.301105555290316e-01
744 6.301105555290324e-01
745 6.301105555290256e-01
746 6.301105555290296e-01
747 6.301105555290334e-01
748 6.301105555290302e-01
749 6.301105555290319e-01
750 6.301105555290315e-01
751 6.301105555290303e-01
752 6.301105555290305e-01
753 6.301105555290308e-01
754 6.301105555290305e-01
755 6.301105555290307e-01
756 6.301105555290301e-01
757 6.301105555290307e-01
758 6.301105555290305e-01
759 6.301105555290304e-01
760 6.301105555290293e-01
761 6.301105555290309e-01
762 6.301105555290306e-01
763 6.301105555290305e-01
764 6.301105555290313e-01
765 6.301105555290303e-01


#a = 1.000000
1 5.093423992617312e-01
2 5.093423992617303e-01
3 5.093423992617312e-01
4 5.121858904397429e-01
5 5.121858904397433e-01
6 5.121858904397426e-01
7 5.121858904397423e-01
8 5.121858904397429e-01
9 5.121858904397421e-01
10 5.104157038313160e-01
11 5.104157038313175e-01
12 5.104157038313148e-01
13 5.104157038313154e-01
14 5.104157038313144e-01
15 5.104157038313155e-01
16 5.104157038313154e-01
17 5.104157038313163e-01
18 5.104157038313173e-01
19 5.104157038313157e-01
20 5.104157038313145e-01
21 5.104157038313162e-01
22 5.157237538001331e-01
23 5.157237538001309e-01
24 5.157237538001332e-01
25 5.157237538001314e-01
26 5.157237538001305e-01
27 5.157237538001310e-01
28 5.157237538001311e-01
29 5.157237538001307e-01
30 5.157237538001306e-01
31 5.157237538001296e-01
32 5.157237538001305e-01
33 5.157237538001309e-01
34 5.157237538001316e-01
35 5.157237538001318e-01
36 5.157237538001320e-01
37 5.157237538001319e-01
38 5.157237538001321e-01
39 5.157237538001322e-01
40 5.157237538001318e-01
41 5.157237538001315e-01
42 5.157237538001320e-01
43 5.157237538001315e-01
44 5.157237538001336e-01
45 5.157237538001336e-01
46 5.121293352672943e-01
47 5.121293352672943e-01
48 5.121293352672940e-01
49 5.121293352672949e-01
50 5.121293352672940e-01
51 5.121293352672942e-01
52 5.121293352672931e-01
53 5.121293352672929e-01
54 5.121293352672935e-01
55 5.121293352672942e-01
56 5.121293352672933e-01
57 5.121293352672929e-01
58 5.121293352672938e-01
59 5.121293352672937e-01
60 5.121293352672933e-01
61 5.121293352672937e-01
62 5.121293352672922e-01
63 5.121293352672922e-01
64 5.121293352672935e-01
65 5.121293352672933e-01
66 5.121293352672935e-01
67 5.121293352672933e-01
68 5.121293352672940e-01
69 5.121293352672931e-01
70 5.121293352672938e-01
71 5.121293352672940e-01
72 5.121293352672943e-01
73 5.121293352672935e-01
74 5.121293352672946e-01
75 5.121293352672946e-01
76 5.121293352672951e-01
77 5.121293352672951e-01
78 5.121293352672931e-01
79 5.121293352672934e-01
80 5.121293352672934e-01
81 5.121293352672930e-01
82 5.121293352672946e-01
83 5.121293352672933e-01
84 5.121293352672931e-01
85 5.121293352672928e-01
86 5.121293352672921e-01
87 5.121293352672925e-01
88 5.121293352672921e-01
89 5.121293352672915e-01
90 5.121293352672945e-01
91 5.121293352672953e-01
92 5.121293352672955e-01
93 5.121293352672943e-01
94 5.233978860286732e-01
95 5.233978860286734e-01
96 5.233978860286723e-01
97 5.233978860286728e-01
98 5.233978860286740e-01
99 5.233978860286735e-01
100 5.233978860286741e-01
101 5.233978860286738e-01
102 5.233978860286723e-01
103 5.233978860286728e-01
104 5.233978860286732e-01
105 5.233978860286728e-01
106 5.233978860286725e-01
107 5.233978860286719e-01
108 5.233978860286723e-01
109 5.233978860286725e-01
110 5.233978860286714e-01
111 5.233978860286721e-01
112 5.233978860286715e-01
113 5.233978860286719e-01
114 5.233978860286721e-01
115 5.233978860286728e-01
116 5.233978860286719e-01
117 5.233978860286714e-01
118 5.233978860286729e-01
119 5.233978860286728e-01
120 5.233978860286727e-01
121 5.233978860286730e-01
122 5.233978860286720e-01
123 5.233978860286721e-01
124 5.233978860286720e-01
125 5.233978860286724e-01
126 5.233978860286728e-01
127 5.233978860286724e-01
128 5.233978860286732e-01
129 5.233978860286732e-01
130 5.233978860286724e-01
131 5.233978860286724e-01
132 5.233978860286730e-01
133 5.233978860286727e-01
134 5.233978860286721e-01
135 5.233978860286719e-01
136 5.233978860286719e-01
137 5.233978860286719e-01
138 5.233978860286719e-01
139 5.233978860286721e-01
140 5.233978860286719e-01
141 5.233978860286721e-01
142 5.233978860286734e-01
143 5.233978860286730e-01
144 5.233978860286722e-01
145 5.233978860286725e-01
146 5.233978860286722e-01
147 5.233978860286725e-01
148 5.233978860286725e-01
149 5.233978860286722e-01
150 5.233978860286728e-01
151 5.233978860286728e-01
152 5.233978860286720e-01
153 5.233978860286728e-01
154 5.233978860286732e-01
155 5.233978860286732e-01
156 5.233978860286728e-01
157 5.233978860286727e-01
158 5.233978860286714e-01
159 5.233978860286711e-01
160 5.233978860286708e-01
161 5.233978860286711e-01
162 5.233978860286717e-01
163 5.233978860286718e-01
164 5.233978860286720e-01
165 5.233978860286714e-01
166 5.233978860286719e-01
167 5.233978860286719e-01
168 5.233978860286717e-01
169 5.233978860286713e-01
170 5.233978860286710e-01
171 5.233978860286701e-01
172 5.233978860286721e-01
173 5.233978860286712e-01
174 5.233978860286688e-01
175 5.233978860286678e-01
176 5.233978860286699e-01
177 5.233978860286678e-01
178 5.233978860286705e-01
179 5.233978860286719e-01
180 5.233978860286701e-01
181 5.233978860286681e-01
182 5.233978860286743e-01
183 5.233978860286760e-01
184 5.233978860286714e-01
185 5.233978860286730e-01
186 5.233978860286740e-01
187 5.233978860286728e-01
188 5.233978860286743e-01
189 5.233978860286733e-01
190 5.143407017858435e-01
191 5.143407017858432e-01
192 5.143407017858432e-01
193 5.143407017858437e-01
194 5.143407017858420e-01
195 5.143407017858422e-01
196 5.143407017858422e-01
197 5.143407017858426e-01
198 5.143407017858435e-01
199 5.143407017858435e-01
200 5.143407017858435e-01
201 5.143407017858433e-01
202 5.143407017858429e-01
203 5.143407017858428e-01
204 5.143407017858426e-01
205 5.143407017858427e-01
206 5.143407017858439e-01
207 5.143407017858433e-01
208 5.143407017858432e-01
209 5.143407017858432e-01
210 5.143407017858431e-01
211 5.143407017858435e-01
212 5.143407017858432e-01
213 5.143407017858432e-01
214 5.143407017858421e-01
215 5.143407017858419e-01
216 5.143407017858421e-01
217 5.143407017858421e-01
218 5.143407017858435e-01
219 5.143407017858430e-01
220 5.143407017858432e-01
221 5.143407017858436e-01
222 5.143407017858416e-01
223 5.143407017858415e-01
224 5.143407017858417e-01
225 5.143407017858421e-01
226 5.143407017858423e-01
227 5.143407017858427e-01
228 5.143407017858425e-01
229 5.143407017858423e-01
230 5.143407017858426e-01
231 5.143407017858431e-01
232 5.143407017858429e-01
233 5.143407017858428e-01
234 5.143407017858430e-01
235 5.143407017858426e-01
236 5.143407017858421e-01
237 5.143407017858419e-01
238 5.143407017858419e-01
239 5.143407017858421e-01
240 5.143407017858419e-01
241 5.143407017858417e-01
242 5.143407017858423e-01
243 5.143407017858423e-01
244 5.143407017858423e-01
245 5.143407017858425e-01
246 5.143407017858431e-01
247 5.143407017858428e-01
248 5.143407017858431e-01
249 5.143407017858430e-01
250 5.143407017858425e-01
251 5.143407017858421e-01
252 5.143407017858421e-01
253 5.143407017858417e-01
254 5.143407017858430e-01
255 5.143407017858432e-01
256 5.143407017858432e-01
257 5.143407017858436e-01
258 5.143407017858433e-01
259 5.143407017858428e-01
260 5.143407017858432e-01
261 5.143407017858437e-01
262 5.143407017858417e-01
263 5.143407017858419e-01
264 5.143407017858419e-01
265 5.143407017858412e-01
266 5.143407017858421e-01
267 5.143407017858421e-01
268 5.143407017858427e-01
269 5.143407017858427e-01
270 5.143407017858418e-01
271 5.143407017858426e-01
272 5.143407017858422e-01
273 5.143407017858425e-01
274 5.143407017858423e-01
275 5.143407017858427e-01
276 5.143407017858420e-01
277 5.143407017858423e-01
278 5.143407017858432e-01
279 5.143407017858432e-01
280 5.143407017858427e-01
281 5.143407017858432e-01
282 5.143407017858437e-01
283 5.143407017858439e-01
284 5.143407017858437e-01
285 5.143407017858440e-01
286 5.143407017858432e-01
287 5.143407017858430e-01
288 5.143407017858437e-01
289 5.143407017858432e-01
290 5.143407017858439e-01
291 5.143407017858438e-01
292 5.143407017858441e-01
293 5.143407017858441e-01
294 5.143407017858432e-01
295 5.143407017858428e-01
296 5.143407017858435e-01
297 5.143407017858437e-01
298 5.143407017858426e-01
299 5.143407017858435e-01
300 5.143407017858426e-01
301 5.143407017858426e-01
302 5.143407017858429e-01
303 5.143407017858426e-01
304 5.143407017858437e-01
305 5.143407017858423e-01
306 5.143407017858428e-01
307 5.143407017858423e-01
308 5.143407017858418e-01
309 5.143407017858429e-01
310 5.143407017858423e-01
311 5.143407017858427e-01
312 5.143407017858427e-01
313 5.143407017858428e-01
314 5.143407017858430e-01
315 5.143407017858430e-01
316 5.143407017858427e-01
317 5.143407017858430e-01
318 5.143407017858423e-01
319 5.143407017858419e-01
320 5.143407017858426e-01
321 5.143407017858429e-01
322 5.143407017858421e-01
323 5.143407017858423e-01
324 5.143407017858423e-01
325 5.143407017858428e-01
326 5.143407017858429e-01
327 5.143407017858429e-01
328 5.143407017858426e-01
329 5.143407017858428e-01
330 5.143407017858423e-01
331 5.143407017858427e-01
332 5.143407017858432e-01
333 5.143407017858428e-01
334 5.143407017858421e-01
335 5.143407017858423e-01
336 5.143407017858426e-01
337 5.143407017858426e-01
338 5.143407017858421e-01
339 5.143407017858425e-01
340 5.143407017858421e-01
341 5.143407017858423e-01
342 5.143407017858421e-01
343 5.143407017858419e-01
344 5.143407017858431e-01
345 5.143407017858419e-01
346 5.143407017858428e-01
347 5.143407017858433e-01
348 5.143407017858440e-01
349 5.143407017858439e-01
350 5.143407017858433e-01
351 5.143407017858432e-01
352 5.143407017858403e-01
353 5.143407017858399e-01
354 5.143407017858425e-01
355 5.143407017858410e-01
356 5.143407017858441e-01
357 5.143407017858411e-01
358 5.143407017858487e-01
359 5.143407017858364e-01
360 5.143407017858372e-01
361 5.143407017858461e-01
362 5.143407017858437e-01
363 5.143407017858431e-01
364 5.143407017858448e-01
365 5.143407017858451e-01
366 5.143407017858432e-01
367 5.143407017858430e-01
368 5.143407017858425e-01
369 5.143407017858415e-01
370 5.143407017858481e-01
371 5.143407017858435e-01
372 5.143407017858426e-01
373 5.143407017858423e-01
374 5.143407017858441e-01
375 5.143407017858425e-01
376 5.143407017858440e-01
377 5.143407017858449e-01
378 5.143407017858435e-01
379 5.143407017858438e-01
380 5.143407017858439e-01
381 5.143407017858450e-01
382 5.695794863671634e-01
383 5.695794863671636e-01
384 5.695794863671633e-01
385 5.695794863671628e-01
386 5.695794863671637e-01
387 5.695794863671637e-01
388 5.695794863671639e-01
389 5.695794863671644e-01
390 5.695794863671633e-01
391 5.695794863671636e-01
392 5.695794863671633e-01
393 5.695794863671635e-01
394 5.695794863671646e-01
395 5.695794863671644e-01
396 5.695794863671646e-01
397 5.695794863671645e-01
398 5.695794863671638e-01
399 5.695794863671644e-01
400 5.695794863671643e-01
401 5.695794863671642e-01
402 5.695794863671633e-01
403 5.695794863671634e-01
404 5.695794863671633e-01
405 5.695794863671644e-01
406 5.695794863671620e-01
407 5.695794863671619e-01
408 5.695794863671618e-01
409 5.695794863671617e-01
410 5.695794863671617e-01
411 5.695794863671617e-01
412 5.695794863671617e-01
413 5.695794863671619e-01
414 5.695794863671648e-01
415 5.695794863671644e-01
416 5.695794863671645e-01
417 5.695794863671642e-01
418 5.695794863671632e-01
419 5.695794863671625e-01
420 5.695794863671628e-01
421 5.695794863671629e-01
422 5.695794863671617e-01
423 5.695794863671613e-01
424 5.695794863671615e-01
425 5.695794863671619e-01
426 5.695794863671634e-01
427 5.695794863671638e-01
428 5.695794863671642e-01
429 5.695794863671642e-01
430 5.695794863671626e-01
431 5.695794863671628e-01
432 5.695794863671622e-01
433 5.695794863671624e-01
434 5.695794863671630e-01
435 5.695794863671628e-01
436 5.695794863671633e-01
437 5.695794863671633e-01
438 5.695794863671628e-01
439 5.695794863671630e-01
440 5.695794863671630e-01
441 5.695794863671627e-01
442 5.695794863671633e-01
443 5.695794863671635e-01
444 5.695794863671635e-01
445 5.695794863671635e-01
446 5.695794863671617e-01
447 5.695794863671624e-01
448 5.695794863671624e-01
449 5.695794863671623e-01
450 5.695794863671626e-01
451 5.695794863671626e-01
452 5.695794863671619e-01
453 5.695794863671626e-01
454 5.695794863671629e-01
455 5.695794863671633e-01
456 5.695794863671633e-01
457 5.695794863671628e-01
458 5.695794863671630e-01
459 5.695794863671634e-01
460 5.695794863671635e-01
461 5.695794863671632e-01
462 5.695794863671635e-01
463 5.695794863671640e-01
464 5.695794863671630e-01
465 5.695794863671628e-01
466 5.695794863671628e-01
467 5.695794863671626e-01
468 5.695794863671626e-01
469 5.695794863671628e-01
470 5.695794863671632e-01
471 5.695794863671622e-01
472 5.695794863671624e-01
473 5.695794863671635e-01
474 5.695794863671635e-01
475 5.695794863671628e-01
476 5.695794863671629e-01
477 5.695794863671628e-01
478 5.695794863671633e-01
479 5.695794863671629e-01
480 5.695794863671639e-01
481 5.695794863671637e-01
482 5.695794863671618e-01
483 5.695794863671614e-01
484 5.695794863671620e-01
485 5.695794863671617e-01
486 5.695794863671633e-01
487 5.695794863671632e-01
488 5.695794863671639e-01
489 5.695794863671633e-01
490 5.695794863671628e-01
491 5.695794863671633e-01
492 5.695794863671632e-01
493 5.695794863671624e-01
494 5.695794863671630e-01
495 5.695794863671632e-01
496 5.695794863671630e-01
497 5.695794863671628e-01
498 5.695794863671635e-01
499 5.695794863671638e-01
500 5.695794863671639e-01
501 5.695794863671635e-01
502 5.695794863671627e-01
503 5.695794863671628e-01
504 5.695794863671630e-01
505 5.695794863671630e-01
506 5.695794863671628e-01
507 5.695794863671624e-01
508 5.695794863671624e-01
509 5.695794863671619e-01
510 5.695794863671637e-01
511 5.695794863671635e-01
512 5.695794863671633e-01
513 5.695794863671635e-01
514 5.695794863671636e-01
515 5.695794863671639e-01
516 5.695794863671639e-01
517 5.695794863671637e-01
518 5.695794863671633e-01
519 5.695794863671637e-01
520 5.695794863671640e-01
521 5.695794863671636e-01
522 5.695794863671637e-01
523 5.695794863671644e-01
524 5.695794863671634e-01
525 5.695794863671639e-01
526 5.695794863671628e-01
527 5.695794863671625e-01
528 5.695794863671628e-01
529 5.695794863671630e-01
530 5.695794863671630e-01
531 5.695794863671635e-01
532 5.695794863671632e-01
533 5.695794863671633e-01
534 5.695794863671634e-01
535 5.695794863671627e-01
536 5.695794863671630e-01
537 5.695794863671632e-01
538 5.695794863671626e-01
539 5.695794863671625e-01
540 5.695794863671633e-01
541 5.695794863671626e-01
542 5.695794863671630e-01
543 5.695794863671623e-01
544 5.695794863671628e-01
545 5.695794863671622e-01
546 5.695794863671637e-01
547 5.695794863671626e-01
548 5.695794863671638e-01
549 5.695794863671638e-01
550 5.695794863671633e-01
551 5.695794863671643e-01
552 5.695794863671635e-01
553 5.695794863671642e-01
554 5.695794863671642e-01
555 5.695794863671639e-01
556 5.695794863671643e-01
557 5.695794863671644e-01
558 5.695794863671636e-01
559 5.695794863671628e-01
560 5.695794863671624e-01
561 5.695794863671635e-01
562 5.695794863671633e-01
563 5.695794863671633e-01
564 5.695794863671635e-01
565 5.695794863671629e-01
566 5.695794863671628e-01
567 5.695794863671632e-01
568 5.695794863671625e-01
569 5.695794863671628e-01
570 5.695794863671634e-01
571 5.695794863671632e-01
572 5.695794863671633e-01
573 5.695794863671627e-01
574 5.695794863671646e-01
575 5.695794863671639e-01
576 5.695794863671642e-01
577 5.695794863671639e-01
578 5.695794863671635e-01
579 5.695794863671642e-01
580 5.695794863671639e-01
581 5.695794863671637e-01
582 5.695794863671633e-01
583 5.695794863671629e-01
584 5.695794863671633e-01
585 5.695794863671624e-01
586 5.695794863671632e-01
587 5.695794863671628e-01
588 5.695794863671635e-01
589 5.695794863671634e-01
590 5.695794863671634e-01
591 5.695794863671638e-01
592 5.695794863671637e-01
593 5.695794863671633e-01
594 5.695794863671635e-01
595 5.695794863671637e-01
596 5.695794863671638e-01
597 5.695794863671635e-01
598 5.695794863671633e-01
599 5.695794863671639e-01
600 5.695794863671640e-01
601 5.695794863671637e-01
602 5.695794863671635e-01
603 5.695794863671629e-01
604 5.695794863671633e-01
605 5.695794863671633e-01
606 5.695794863671627e-01
607 5.695794863671626e-01
608 5.695794863671630e-01
609 5.695794863671626e-01
610 5.695794863671624e-01
611 5.695794863671618e-01
612 5.695794863671630e-01
613 5.695794863671629e-01
614 5.695794863671628e-01
615 5.695794863671624e-01
616 5.695794863671628e-01
617 5.695794863671630e-01
618 5.695794863671642e-01
619 5.695794863671653e-01
620 5.695794863671628e-01
621 5.695794863671634e-01
622 5.695794863671633e-01
623 5.695794863671634e-01
624 5.695794863671637e-01
625 5.695794863671633e-01
626 5.695794863671633e-01
627 5.695794863671634e-01
628 5.695794863671630e-01
629 5.695794863671642e-01
630 5.695794863671635e-01
631 5.695794863671637e-01
632 5.695794863671633e-01
633 5.695794863671633e-01
634 5.695794863671644e-01
635 5.695794863671640e-01
636 5.695794863671637e-01
637 5.695794863671639e-01
638 5.695794863671630e-01
639 5.695794863671625e-01
640 5.695794863671626e-01
641 5.695794863671626e-01
642 5.695794863671626e-01
643 5.695794863671627e-01
644 5.695794863671626e-01
645 5.695794863671633e-01
646 5.695794863671642e-01
647 5.695794863671636e-01
648 5.695794863671640e-01
649 5.695794863671636e-01
650 5.695794863671640e-01
651 5.695794863671642e-01
652 5.695794863671646e-01
653 5.695794863671642e-01
654 5.695794863671639e-01
655 5.695794863671633e-01
656 5.695794863671642e-01
657 5.695794863671640e-01
658 5.695794863671628e-01
659 5.695794863671637e-01
660 5.695794863671634e-01
661 5.695794863671635e-01
662 5.695794863671642e-01
663 5.695794863671619e-01
664 5.695794863671627e-01
665 5.695794863671634e-01
666 5.695794863671626e-01
667 5.695794863671634e-01
668 5.695794863671625e-01
669 5.695794863671639e-01
670 5.695794863671629e-01
671 5.695794863671637e-01
672 5.695794863671625e-01
673 5.695794863671636e-01
674 5.695794863671630e-01
675 5.695794863671635e-01
676 5.695794863671627e-01
677 5.695794863671626e-01
678 5.695794863671635e-01
679 5.695794863671633e-01
680 5.695794863671628e-01
681 5.695794863671627e-01
682 5.695794863671628e-01
683 5.695794863671637e-01
684 5.695794863671630e-01
685 5.695794863671624e-01
686 5.695794863671642e-01
687 5.695794863671630e-01
688 5.695794863671630e-01
689 5.695794863671636e-01
690 5.695794863671622e-01
691 5.695794863671623e-01
692 5.695794863671636e-01
693 5.695794863671628e-01
694 5.695794863671642e-01
695 5.695794863671636e-01
696 5.695794863671634e-01
697 5.695794863671644e-01
698 5.695794863671632e-01
699 5.695794863671638e-01
700 5.695794863671633e-01
701 5.695794863671639e-01
702 5.695794863671627e-01
703 5.695794863671638e-01
704 5.695794863671617e-01
705 5.695794863671632e-01
706 5.695794863671644e-01
707 5.695794863671629e-01
708 5.695794863671613e-01
709 5.695794863671665e-01
710 5.695794863671628e-01
711 5.695794863671627e-01
712 5.695794863671640e-01
713 5.695794863671638e-01
714 5.695794863671615e-01
715 5.695794863671595e-01
716 5.695794863671643e-01
717 5.695794863671623e-01
718 5.695794863671622e-01
719 5.695794863671551e-01
720 5.695794863671690e-01
721 5.695794863671680e-01
722 5.695794863671676e-01
723 5.695794863671700e-01
724 5.695794863671602e-01
725 5.695794863671615e-01
726 5.695794863671655e-01
727 5.695794863671636e-01
728 5.695794863671635e-01
729 5.695794863671638e-01
730 5.695794863671584e-01
731 5.695794863671663e-01
732 5.695794863671645e-01
733 5.695794863671596e-01
734 5.695794863671654e-01
735 5.695794863671614e-01
736 5.695794863671614e-01
737 5.695794863671665e-01
738 5.695794863671638e-01
739 5.695794863671606e-01
740 5.695794863671612e-01
741 5.695794863671682e-01
742 5.695794863671608e-01
743 5.695794863671630e-01
744 5.695794863671628e-01
745 5.695794863671657e-01
746 5.695794863671586e-01
747 5.695794863671670e-01
748 5.695794863671642e-01
749 5.695794863671657e-01
750 5.695794863671634e-01
751 5.695794863671672e-01
752 5.695794863671654e-01
753 5.695794863671667e-01
754 5.695794863671635e-01
755 5.695794863671645e-01
756 5.695794863671622e-01
757 5.695794863671626e-01
758 5.695794863671632e-01
759 5.695794863671634e-01
760 5.695794863671633e-01
761 5.695794863671629e-01
762 5.695794863671634e-01
763 5.695794863671638e-01
764 5.695794863671638e-01
765 5.695794863671633e-01


#a = 2.000000
1 5.117560366876530e-01
2 5.117560366876532e-01
3 5.117560366876535e-01
4 5.138212876820432e-01
5 5.138212876820429e-01
6 5.138212876820430e-01
7 5.138212876820423e-01
8 5.138212876820422e-01
9 5.138212876820423e-01
10 5.160897169744216e-01
11 5.160897169744211e-01
12 5.160897169744203e-01
13 5.160897169744212e-01
14 5.160897169744197e-01
15 5.160897169744200e-01
16 5.160897169744210e-01
17 5.160897169744214e-01
18 5.160897169744204e-01
19 5.160897169744201e-01
20 5.160897169744201e-01
21 5.160897169744204e-01
22 5.182759284794993e-01
23 5.182759284794997e-01
24 5.182759284794984e-01
25 5.182759284794985e-01
26 5.182759284794988e-01
27 5.182759284794980e-01
28 5.182759284794987e-01
29 5.182759284794982e-01
30 5.182759284794977e-01
31 5.182759284794979e-01
32 5.182759284794978e-01
33 5.182759284794983e-01
34 5.182759284794981e-01
35 5.182759284794981e-01
36 5.182759284794978e-01
37 5.182759284794979e-01
38 5.182759284794981e-01
39 5.182759284794984e-01
40 5.182759284794987e-01
41 5.182759284794984e-01
42 5.182759284794987e-01
43 5.182759284794984e-01
44 5.182759284794979e-01
45 5.182759284794980e-01
46 5.222252308021935e-01
47 5.222252308021931e-01
48 5.222252308021926e-01
49 5.222252308021921e-01
50 5.222252308021911e-01
51 5.222252308021913e-01
52 5.222252308021910e-01
53 5.222252308021909e-01
54 5.222252308021931e-01
55 5.222252308021933e-01
56 5.222252308021915e-01
57 5.222252308021917e-01
58 5.222252308021917e-01
59 5.222252308021925e-01
60 5.222252308021922e-01
61 5.222252308021924e-01
62 5.222252308021919e-01
63 5.222252308021917e-01
64 5.222252308021924e-01
65 5.222252308021917e-01
66 5.222252308021914e-01
67 5.222252308021913e-01
68 5.222252308021912e-01
69 5.222252308021915e-01
70 5.222252308021892e-01
71 5.222252308021885e-01
72 5.222252308021891e-01
73 5.222252308021892e-01
74 5.222252308021913e-01
75 5.222252308021916e-01
76 5.222252308021906e-01
77 5.222252308021912e-01
78 5.222252308021893e-01
79 5.222252308021901e-01
80 5.222252308021902e-01
81 5.222252308021904e-01
82 5.222252308021882e-01
83 5.222252308021895e-01
84 5.222252308021906e-01
85 5.222252308021902e-01
86 5.222252308021907e-01
87 5.222252308021912e-01
88 5.222252308021914e-01
89 5.222252308021931e-01
90 5.222252308021920e-01
91 5.222252308021902e-01
92 5.222252308021897e-01
93 5.222252308021907e-01
94 5.258728723389681e-01
95 5.258728723389683e-01
96 5.258728723389684e-01
97 5.258728723389688e-01
98 5.258728723389694e-01
99 5.258728723389686e-01
100 5.258728723389688e-01
101 5.258728723389693e-01
102 5.258728723389680e-01
103 5.258728723389681e-01
104 5.258728723389678e-01
105 5.258728723389678e-01
106 5.258728723389687e-01
107 5.258728723389683e-01
108 5.258728723389700e-01
109 5.258728723389692e-01
110 5.258728723389680e-01
111 5.258728723389676e-01
112 5.258728723389678e-01
113 5.258728723389678e-01
114 5.258728723389685e-01
115 5.258728723389690e-01
116 5.258728723389694e-01
117 5.258728723389691e-01
118 5.258728723389675e-01
119 5.258728723389676e-01
120 5.258728723389674e-01
121 5.258728723389671e-01
122 5.258728723389678e-01
123 5.258728723389674e-01
124 5.258728723389670e-01
125 5.258728723389676e-01
126 5.258728723389687e-01
127 5.258728723389685e-01
128 5.258728723389683e-01
129 5.258728723389686e-01
130 5.258728723389683e-01
131 5.258728723389687e-01
132 5.258728723389688e-01
133 5.258728723389692e-01
134 5.258728723389677e-01
135 5.258728723389676e-01
136 5.258728723389672e-01
137 5.258728723389672e-01
138 5.258728723389683e-01
139 5.258728723389683e-01
140 5.258728723389681e-01
141 5.258728723389686e-01
142 5.258728723389670e-01
143 5.258728723389680e-01
144 5.258728723389673e-01
145 5.258728723389675e-01
146 5.258728723389682e-01
147 5.258728723389678e-01
148 5.258728723389672e-01
149 5.258728723389667e-01
150 5.258728723389685e-01
151 5.258728723389680e-01
152 5.258728723389676e-01
153 5.258728723389675e-01
154 5.258728723389674e-01
155 5.258728723389677e-01
156 5.258728723389678e-01
157 5.258728723389676e-01
158 5.258728723389677e-01
159 5.258728723389676e-01
160 5.258728723389674e-01
161 5.258728723389674e-01
162 5.258728723389678e-01
163 5.258728723389674e-01
164 5.258728723389677e-01
165 5.258728723389671e-01
166 5.258728723389673e-01
167 5.258728723389670e-01
168 5.258728723389683e-01
169 5.258728723389681e-01
170 5.258728723389677e-01
171 5.258728723389683e-01
172 5.258728723389681e-01
173 5.258728723389675e-01
174 5.258728723389644e-01
175 5.258728723389683e-01
176 5.258728723389670e-01
177 5.258728723389675e-01
178 5.258728723389725e-01
179 5.258728723389714e-01
180 5.258728723389667e-01
181 5.258728723389672e-01
182 5.258728723389696e-01
183 5.258728723389663e-01
184 5.258728723389674e-01
185 5.258728723389725e-01
186 5.258728723389690e-01
187 5.258728723389666e-01
188 5.258728723389667e-01
189 5.258728723389673e-01
190 5.382304122686731e-01
191 5.382304122686732e-01
192 5.382304122686732e-01
193 5.382304122686734e-01
194 5.382304122686742e-01
195 5.382304122686741e-01
196 5.382304122686742e-01
197 5.382304122686742e-01
198 5.382304122686736e-01
199 5.382304122686731e-01
200 5.382304122686736e-01
201 5.382304122686736e-01
202 5.382304122686734e-01
203 5.382304122686737e-01
204 5.382304122686739e-01
205 5.382304122686739e-01
206 5.382304122686734e-01
207 5.382304122686730e-01
208 5.382304122686730e-01
209 5.382304122686730e-01
210 5.382304122686732e-01
211 5.382304122686736e-01
212 5.382304122686727e-01
213 5.382304122686727e-01
214 5.382304122686732e-01
215 5.382304122686735e-01
216 5.382304122686734e-01
217 5.382304122686733e-01
218 5.382304122686736e-01
219 5.382304122686732e-01
220 5.382304122686730e-01
221 5.382304122686732e-01
222 5.382304122686730e-01
223 5.382304122686730e-01
224 5.382304122686730e-01
225 5.382304122686731e-01
226 5.382304122686731e-01
227 5.382304122686729e-01
228 5.382304122686731e-01
229 5.382304122686730e-01
230 5.382304122686737e-01
231 5.382304122686739e-01
232 5.382304122686739e-01
233 5.382304122686735e-01
234 5.382304122686736e-01
235 5.382304122686739e-01
236 5.382304122686740e-01
237 5.382304122686739e-01
238 5.382304122686736e-01
239 5.382304122686734e-01
240 5.382304122686730e-01
241 5.382304122686730e-01
242 5.382304122686731e-01
243 5.382304122686737e-01
244 5.382304122686729e-01
245 5.382304122686725e-01
246 5.382304122686734e-01
247 5.382304122686730e-01
248 5.382304122686729e-01
249 5.382304122686730e-01
250 5.382304122686730e-01
251 5.382304122686731e-01
252 5.382304122686732e-01
253 5.382304122686733e-01
254 5.382304122686736e-01
255 5.382304122686732e-01
256 5.382304122686740e-01
257 5.382304122686736e-01
258 5.382304122686734e-01
259 5.382304122686736e-01
260 5.382304122686736e-01
261 5.382304122686736e-01
262 5.382304122686733e-01
263 5.382304122686740e-01
264 5.382304122686743e-01
265 5.382304122686740e-01
266 5.382304122686732e-01
267 5.382304122686732e-01
268 5.382304122686733e-01
269 5.382304122686735e-01
270 5.382304122686735e-01
271 5.382304122686734e-01
272 5.382304122686736e-01
273 5.382304122686730e-01
274 5.382304122686732e-01
275 5.382304122686724e-01
276 5.382304122686736e-01
277 5.382304122686736e-01
278 5.382304122686732e-01
279 5.382304122686733e-01
280 5.382304122686737e-01
281 5.382304122686732e-01
282 5.382304122686741e-01
283 5.382304122686736e-01
284 5.382304122686736e-01
285 5.382304122686739e-01
286 5.382304122686740e-01
287 5.382304122686719e-01
288 5.382304122686725e-01
289 5.382304122686725e-01
290 5.382304122686727e-01
291 5.382304122686727e-01
292 5.382304122686723e-01
293 5.382304122686723e-01
294 5.382304122686723e-01
295 5.382304122686721e-01
296 5.382304122686725e-01
297 5.382304122686727e-01
298 5.382304122686733e-01
299 5.382304122686731e-01
300 5.382304122686727e-01
301 5.382304122686732e-01
302 5.382304122686723e-01
303 5.382304122686741e-01
304 5.382304122686737e-01
305 5.382304122686732e-01
306 5.382304122686730e-01
307 5.382304122686735e-01
308 5.382304122686734e-01
309 5.382304122686727e-01
310 5.382304122686741e-01
311 5.382304122686731e-01
312 5.382304122686734e-01
313 5.382304122686732e-01
314 5.382304122686724e-01
315 5.382304122686730e-01
316 5.382304122686730e-01
317 5.382304122686736e-01
318 5.382304122686731e-01
319 5.382304122686733e-01
320 5.382304122686734e-01
321 5.382304122686735e-01
322 5.382304122686732e-01
323 5.382304122686732e-01
324 5.382304122686737e-01
325 5.382304122686723e-01
326 5.382304122686732e-01
327 5.382304122686731e-01
328 5.382304122686732e-01
329 5.382304122686739e-01
330 5.382304122686735e-01
331 5.382304122686727e-01
332 5.382304122686735e-01
333 5.382304122686739e-01
334 5.382304122686732e-01
335 5.382304122686732e-01
336 5.382304122686735e-01
337 5.382304122686727e-01
338 5.382304122686723e-01
339 5.382304122686735e-01
340 5.382304122686730e-01
341 5.382304122686736e-01
342 5.382304122686734e-01
343 5.382304122686745e-01
344 5.382304122686743e-01
345 5.382304122686730e-01
346 5.382304122686739e-01
347 5.382304122686712e-01
348 5.382304122686735e-01
349 5.382304122686741e-01
350 5.382304122686721e-01
351 5.382304122686721e-01
352 5.382304122686749e-01
353 5.382304122686713e-01
354 5.382304122686685e-01
355 5.382304122686778e-01
356 5.382304122686723e-01
357 5.382304122686756e-01
358 5.382304122686705e-01
359 5.382304122686759e-01
360 5.382304122686756e-01
361 5.382304122686706e-01
362 5.382304122686753e-01
363 5.382304122686752e-01
364 5.382304122686725e-01
365 5.382304122686750e-01
366 5.382304122686739e-01
367 5.382304122686714e-01
368 5.382304122686755e-01
369 5.382304122686776e-01
370 5.382304122686733e-01
371 5.382304122686780e-01
372 5.382304122686694e-01
373 5.382304122686727e-01
374 5.382304122686681e-01
375 5.382304122686743e-01
376 5.382304122686736e-01
377 5.382304122686721e-01
378 5.382304122686725e-01
379 5.382304122686730e-01
380 5.382304122686697e-01
381 5.382304122686714e-01
382 5.228685692968111e-01
383 5.228685692968109e-01
384 5.228685692968116e-01
385 5.228685692968107e-01
386 5.228685692968109e-01
387 5.228685692968109e-01
388 5.228685692968107e-01
389 5.228685692968105e-01
390 5.228685692968114e-01
391 5.228685692968111e-01
392 5.228685692968111e-01
393 5.228685692968118e-01
394 5.228685692968114e-01
395 5.228685692968111e-01
396 5.228685692968109e-01
397 5.228685692968109e-01
398 5.228685692968107e-01
399 5.228685692968102e-01
400 5.228685692968109e-01
401 5.228685692968107e-01
402 5.228685692968106e-01
403 5.228685692968104e-01
404 5.228685692968109e-01
405 5.228685692968098e-01
406 5.228685692968111e-01
407 5.228685692968109e-01
408 5.228685692968108e-01
409 5.228685692968111e-01
410 5.228685692968110e-01
411 5.228685692968111e-01
412 5.228685692968104e-01
413 5.228685692968107e-01
414 5.228685692968108e-01
415 5.228685692968117e-01
416 5.228685692968112e-01
417 5.228685692968107e-01
418 5.228685692968109e-01
419 5.228685692968114e-01
420 5.228685692968111e-01
421 5.228685692968110e-01
422 5.228685692968112e-01
423 5.228685692968116e-01
424 5.228685692968111e-01
425 5.228685692968111e-01
426 5.228685692968118e-01
427 5.228685692968115e-01
428 5.228685692968118e-01
429 5.228685692968112e-01
430 5.228685692968109e-01
431 5.228685692968116e-01
432 5.228685692968108e-01
433 5.228685692968108e-01
434 5.228685692968111e-01
435 5.228685692968110e-01
436 5.228685692968110e-01
437 5.228685692968109e-01
438 5.228685692968107e-01
439 5.228685692968114e-01
440 5.228685692968107e-01
441 5.228685692968108e-01
442 5.228685692968111e-01
443 5.228685692968111e-01
444 5.228685692968107e-01
445 5.228685692968114e-01
446 5.228685692968109e-01
447 5.228685692968106e-01
448 5.228685692968105e-01
449 5.228685692968111e-01
450 5.228685692968102e-01
451 5.228685692968098e-01
452 5.228685692968102e-01
453 5.228685692968106e-01
454 5.228685692968105e-01
455 5.228685692968100e-01
456 5.228685692968102e-01
457 5.228685692968102e-01
458 5.228685692968107e-01
459 5.228685692968104e-01
460 5.228685692968107e-01
461 5.228685692968110e-01
462 5.228685692968104e-01
463 5.228685692968106e-01
464 5.228685692968100e-01
465 5.228685692968097e-01
466 5.228685692968106e-01
467 5.228685692968111e-01
468 5.228685692968109e-01
469 5.228685692968107e-01
470 5.228685692968109e-01
471 5.228685692968107e-01
472 5.228685692968107e-01
473 5.228685692968105e-01
474 5.228685692968111e-01
475 5.228685692968110e-01
476 5.228685692968114e-01
477 5.228685692968104e-01
478 5.228685692968110e-01
479 5.228685692968106e-01
480 5.228685692968108e-01
481 5.228685692968114e-01
482 5.228685692968114e-01
483 5.228685692968115e-01
484 5.228685692968111e-01
485 5.228685692968102e-01
486 5.228685692968114e-01
487 5.228685692968112e-01
488 5.228685692968114e-01
489 5.228685692968107e-01
490 5.228685692968105e-01
491 5.228685692968102e-01
492 5.228685692968111e-01
493 5.228685692968110e-01
494 5.228685692968104e-01
495 5.228685692968105e-01
496 5.228685692968112e-01
497 5.228685692968105e-01
498 5.228685692968114e-01
499 5.228685692968114e-01
500 5.228685692968108e-01
501 5.228685692968109e-01
502 5.228685692968109e-01
503 5.228685692968104e-01
504 5.228685692968111e-01
505 5.228685692968109e-01
506 5.228685692968105e-01
507 5.228685692968109e-01
508 5.228685692968104e-01
509 5.228685692968106e-01
510 5.228685692968102e-01
511 5.228685692968098e-01
512 5.228685692968111e-01
513 5.228685692968114e-01
514 5.228685692968106e-01
515 5.228685692968107e-01
516 5.228685692968106e-01
517 5.228685692968114e-01
518 5.228685692968096e-01
519 5.228685692968111e-01
520 5.228685692968107e-01
521 5.228685692968105e-01
522 5.228685692968105e-01
523 5.228685692968106e-01
524 5.228685692968107e-01
525 5.228685692968111e-01
526 5.228685692968114e-01
527 5.228685692968111e-01
528 5.228685692968094e-01
529 5.228685692968100e-01
530 5.228685692968110e-01
531 5.228685692968109e-01
532 5.228685692968115e-01
533 5.228685692968105e-01
534 5.228685692968110e-01
535 5.228685692968115e-01
536 5.228685692968116e-01
537 5.228685692968108e-01
538 5.228685692968117e-01
539 5.228685692968105e-01
540 5.228685692968109e-01
541 5.228685692968118e-01
542 5.228685692968108e-01
543 5.228685692968110e-01
544 5.228685692968109e-01
545 5.228685692968107e-01
546 5.228685692968109e-01
547 5.228685692968102e-01
548 5.228685692968122e-01
549 5.228685692968114e-01
550 5.228685692968105e-01
551 5.228685692968105e-01
552 5.228685692968109e-01
553 5.228685692968109e-01
554 5.228685692968107e-01
555 5.228685692968109e-01
556 5.228685692968105e-01
557 5.228685692968120e-01
558 5.228685692968111e-01
559 5.228685692968106e-01
560 5.228685692968106e-01
561 5.228685692968102e-01
562 5.228685692968097e-01
563 5.228685692968116e-01
564 5.228685692968114e-01
565 5.228685692968090e-01
566 5.228685692968116e-01
567 5.228685692968111e-01
568 5.228685692968109e-01
569 5.228685692968120e-01
570 5.228685692968116e-01
571 5.228685692968119e-01
572 5.228685692968111e-01
573 5.228685692968107e-01
574 5.228685692968081e-01
575 5.228685692968081e-01
576 5.228685692968126e-01
577 5.228685692968130e-01
578 5.228685692968120e-01
579 5.228685692968109e-01
580 5.228685692968118e-01
581 5.228685692968114e-01
582 5.228685692968096e-01
583 5.228685692968111e-01
584 5.228685692968107e-01
585 5.228685692968100e-01
586 5.228685692968107e-01
587 5.228685692968114e-01
588 5.228685692968114e-01
589 5.228685692968119e-01
590 5.228685692968126e-01
591 5.228685692968102e-01
592 5.228685692968100e-01
593 5.228685692968144e-01
594 5.228685692968120e-01
595 5.228685692968087e-01
596 5.228685692968106e-01
597 5.228685692968107e-01
598 5.228685692968102e-01
599 5.228685692968107e-01
600 5.228685692968102e-01
601 5.228685692968109e-01
602 5.228685692968116e-01
603 5.228685692968119e-01
604 5.228685692968118e-01
605 5.228685692968107e-01
606 5.228685692968111e-01
607 5.228685692968135e-01
608 5.228685692968096e-01
609 5.228685692968098e-01
610 5.228685692968100e-01
611 5.228685692968102e-01
612 5.228685692968105e-01
613 5.228685692968115e-01
614 5.228685692968110e-01
615 5.228685692968116e-01
616 5.228685692968101e-01
617 5.228685692968105e-01
618 5.228685692968089e-01
619 5.228685692968112e-01
620 5.228685692968102e-01
621 5.228685692968116e-01
622 5.228685692968101e-01
623 5.228685692968097e-01
624 5.228685692968107e-01
625 5.228685692968111e-01
626 5.228685692968144e-01
627 5.228685692968076e-01
628 5.228685692968110e-01
629 5.228685692968115e-01
630 5.228685692968105e-01
631 5.228685692968119e-01
632 5.228685692968110e-01
633 5.228685692968095e-01
634 5.228685692968105e-01
635 5.228685692968111e-01
636 5.228685692968100e-01
637 5.228685692968096e-01
638 5.228685692968091e-01
639 5.228685692968118e-01
640 5.228685692968071e-01
641 5.228685692968137e-01
642 5.228685692968109e-01
643 5.228685692968105e-01
644 5.228685692968102e-01
645 5.228685692968101e-01
646 5.228685692968102e-01
647 5.228685692968101e-01
648 5.228685692968082e-01
649 5.228685692968121e-01
650 5.228685692968089e-01
651 5.228685692968100e-01
652 5.228685692968117e-01
653 5.228685692968112e-01
654 5.228685692968092e-01
655 5.228685692968128e-01
656 5.228685692968111e-01
657 5.228685692968109e-01
658 5.228685692968105e-01
659 5.228685692968111e-01
660 5.228685692968098e-01
661 5.228685692968099e-01
662 5.228685692968115e-01
663 5.228685692968094e-01
664 5.228685692968114e-01
665 5.228685692968125e-01
666 5.228685692968105e-01
667 5.228685692968102e-01
668 5.228685692968099e-01
669 5.228685692968106e-01
670 5.228685692968115e-01
671 5.228685692968071e-01
672 5.228685692968106e-01
673 5.228685692968098e-01
674 5.228685692968078e-01
675 5.228685692968136e-01
676 5.228685692968100e-01
677 5.228685692968125e-01
678 5.228685692968114e-01
679 5.228685692968118e-01
680 5.228685692968086e-01
681 5.228685692968108e-01
682 5.228685692968094e-01
683 5.228685692968102e-01
684 5.228685692968105e-01
685 5.228685692968094e-01
686 5.228685692968106e-01
687 5.228685692968107e-01
688 5.228685692968134e-01
689 5.228685692968050e-01
690 5.228685692968111e-01
691 5.228685692968091e-01
692 5.228685692968125e-01
693 5.228685692968104e-01
694 5.228685692968041e-01
695 5.228685692968135e-01
696 5.228685692968140e-01
697 5.228685692968142e-01
698 5.228685692968107e-01
699 5.228685692968096e-01
700 5.228685692968096e-01
701 5.228685692968105e-01
702 5.228685692968094e-01
703 5.228685692968114e-01
704 5.228685692968194e-01
705 5.228685692968106e-01
706 5.228685692968057e-01
707 5.228685692968074e-01
708 5.228685692968169e-01
709 5.228685692968071e-01
710 5.228685692968233e-01
711 5.228685692968231e-01
712 5.228685692967971e-01
713 5.228685692968071e-01
714 5.228685692968034e-01
715 5.228685692968188e-01
716 5.228685692968075e-01
717 5.228685692968026e-01
718 5.228685692968152e-01
719 5.228685692968146e-01
720 5.228685692967994e-01
721 5.228685692968120e-01
722 5.228685692968235e-01
723 5.228685692967947e-01
724 5.228685692968071e-01
725 5.228685692968259e-01
726 5.228685692968131e-01
727 5.228685692968096e-01
728 5.228685692968081e-01
729 5.228685692968101e-01
730 5.228685692968110e-01
731 5.228685692968110e-01
732 5.228685692968069e-01
733 5.228685692968068e-01
734 5.228685692968158e-01
735 5.228685692968030e-01
736 5.228685692968065e-01
737 5.228685692968208e-01
738 5.228685692968074e-01
739 5.228685692968073e-01
740 5.228685692967965e-01
741 5.228685692968063e-01
742 5.228685692968089e-01
743 5.228685692968111e-01
744 5.228685692968076e-01
745 5.228685692967978e-01
746 5.228685692968370e-01
747 5.228685692968041e-01
748 5.228685692968089e-01
749 5.228685692968209e-01
750 5.228685692968198e-01
751 5.228685692968198e-01
752 5.228685692967932e-01
753 5.228685692968237e-01
754 5.228685692968084e-01
755 5.228685692968070e-01
756 5.228685692968105e-01
757 5.228685692968111e-01
758 5.228685692968109e-01
759 5.228685692968111e-01
760 5.228685692968099e-01
761 5.228685692968096e-01
762 5.228685692968078e-01
763 5.228685692968090e-01
764 5.228685692968074e-01
765 5.228685692968073e-01


#a = 3.000000
1 5.133293857082326e-01
2 5.133293857082319e-01
3 5.133293857082328e-01
4 5.165388117086918e-01
5 5.165388117086902e-01
6 5.165388117086902e-01
7 5.165388117086910e-01
8 5.165388117086931e-01
9 5.165388117086909e-01
10 5.192308615390979e-01
11 5.192308615390950e-01
12 5.192308615390944e-01
13 5.192308615390955e-01
14 5.192308615390959e-01
15 5.192308615390944e-01
16 5.192308615390937e-01
17 5.192308615390946e-01
18 5.192308615390960e-01
19 5.192308615390956e-01
20 5.192308615390954e-01
21 5.192308615390946e-01
22 5.225380969113967e-01
23 5.225380969113971e-01
24 5.225380969113957e-01
25 5.225380969113955e-01
26 5.225380969113949e-01
27 5.225380969113939e-01
28 5.225380969113950e-01
29 5.225380969113945e-01
30 5.225380969113939e-01
31 5.225380969113957e-01
32 5.225380969113946e-01
33 5.225380969113939e-01
34 5.225380969113937e-01
35 5.225380969113930e-01
36 5.225380969113943e-01
37 5.225380969113937e-01
38 5.225380969113949e-01
39 5.225380969113953e-01
40 5.225380969113955e-01
41 5.225380969113944e-01
42 5.225380969113934e-01
43 5.225380969113940e-01
44 5.225380969113981e-01
45 5.225380969113977e-01
46 5.261010694410173e-01
47 5.261010694410179e-01
48 5.261010694410171e-01
49 5.261010694410166e-01
50 5.261010694410173e-01
51 5.261010694410166e-01
52 5.261010694410169e-01
53 5.261010694410174e-01
54 5.261010694410162e-01
55 5.261010694410162e-01
56 5.261010694410162e-01
57 5.261010694410159e-01
58 5.261010694410173e-01
59 5.261010694410169e-01
60 5.261010694410175e-01
61 5.261010694410178e-01
62 5.261010694410155e-01
63 5.261010694410155e-01
64 5.261010694410160e-01
65 5.261010694410155e-01
66 5.261010694410146e-01
67 5.261010694410152e-01
68 5.261010694410154e-01
69 5.261010694410155e-01
70 5.261010694410173e-01
71 5.261010694410178e-01
72 5.261010694410166e-01
73 5.261010694410165e-01
74 5.261010694410160e-01
75 5.261010694410158e-01
76 5.261010694410152e-01
77 5.261010694410155e-01
78 5.261010694410158e-01
79 5.261010694410156e-01
80 5.261010694410163e-01
81 5.261010694410144e-01
82 5.261010694410175e-01
83 5.261010694410171e-01
84 5.261010694410179e-01
85 5.261010694410166e-01
86 5.261010694410166e-01
87 5.261010694410155e-01
88 5.261010694410163e-01
89 5.261010694410155e-01
90 5.261010694410174e-01
91 5.261010694410193e-01
92 5.261010694410195e-01
93 5.261010694410175e-01
94 5.310799194746073e-01
95 5.310799194746079e-01
96 5.310799194746074e-01
97 5.310799194746072e-01
98 5.310799194746078e-01
99 5.310799194746074e-01
100 5.310799194746075e-01
101 5.310799194746075e-01
102 5.310799194746061e-01
103 5.310799194746059e-01
104 5.310799194746063e-01
105 5.310799194746070e-01
106 5.310799194746068e-01
107 5.310799194746066e-01
108 5.310799194746079e-01
109 5.310799194746075e-01
110 5.310799194746072e-01
111 5.310799194746070e-01
112 5.310799194746069e-01
113 5.310799194746070e-01
114 5.310799194746070e-01
115 5.310799194746066e-01
116 5.310799194746065e-01
117 5.310799194746064e-01
118 5.310799194746075e-01
119 5.310799194746076e-01
120 5.310799194746074e-01
121 5.310799194746070e-01
122 5.310799194746074e-01
123 5.310799194746076e-01
124 5.310799194746084e-01
125 5.310799194746090e-01
126 5.310799194746062e-01
127 5.310799194746066e-01
128 5.310799194746072e-01
129 5.310799194746068e-01
130 5.310799194746074e-01
131 5.310799194746074e-01
132 5.310799194746061e-01
133 5.310799194746064e-01
134 5.310799194746065e-01
135 5.310799194746063e-01
136 5.310799194746068e-01
137 5.310799194746076e-01
138 5.310799194746074e-01
139 5.310799194746076e-01
140 5.310799194746079e-01
141 5.310799194746074e-01
142 5.310799194746079e-01
143 5.310799194746075e-01
144 5.310799194746071e-01
145 5.310799194746070e-01
146 5.310799194746084e-01
147 5.310799194746076e-01
148 5.310799194746079e-01
149 5.310799194746083e-01
150 5.310799194746070e-01
151 5.310799194746074e-01
152 5.310799194746068e-01
153 5.310799194746070e-01
154 5.310799194746084e-01
155 5.310799194746086e-01
156 5.310799194746082e-01
157 5.310799194746083e-01
158 5.310799194746073e-01
159 5.310799194746074e-01
160 5.310799194746062e-01
161 5.310799194746070e-01
162 5.310799194746061e-01
163 5.310799194746065e-01
164 5.310799194746064e-01
165 5.310799194746074e-01
166 5.310799194746071e-01
167 5.310799194746068e-01
168 5.310799194746075e-01
169 5.310799194746074e-01
170 5.310799194746083e-01
171 5.310799194746061e-01
172 5.310799194746066e-01
173 5.310799194746092e-01
174 5.310799194746119e-01
175 5.310799194746119e-01
176 5.310799194746032e-01
177 5.310799194746018e-01
178 5.310799194746050e-01
179 5.310799194746048e-01
180 5.310799194746041e-01
181 5.310799194746042e-01
182 5.310799194746063e-01
183 5.310799194746076e-01
184 5.310799194746032e-01
185 5.310799194746075e-01
186 5.310799194746058e-01
187 5.310799194746073e-01
188 5.310799194746104e-01
189 5.310799194746098e-01
190 5.299077282768569e-01
191 5.299077282768569e-01
192 5.299077282768569e-01
193 5.299077282768572e-01
194 5.299077282768561e-01
195 5.299077282768563e-01
196 5.299077282768553e-01
197 5.299077282768556e-01
198 5.299077282768564e-01
199 5.299077282768567e-01
200 5.299077282768574e-01
201 5.299077282768573e-01
202 5.299077282768576e-01
203 5.299077282768578e-01
204 5.299077282768574e-01
205 5.299077282768571e-01
206 5.299077282768564e-01
207 5.299077282768565e-01
208 5.299077282768561e-01
209 5.299077282768564e-01
210 5.299077282768557e-01
211 5.299077282768554e-01
212 5.299077282768559e-01
213 5.299077282768558e-01
214 5.299077282768569e-01
215 5.299077282768568e-01
216 5.299077282768565e-01
217 5.299077282768572e-01
218 5.299077282768563e-01
219 5.299077282768563e-01
220 5.299077282768555e-01
221 5.299077282768556e-01
222 5.299077282768554e-01
223 5.299077282768553e-01
224 5.299077282768561e-01
225 5.299077282768561e-01
226 5.299077282768559e-01
227 5.299077282768554e-01
228 5.299077282768557e-01
229 5.299077282768555e-01
230 5.299077282768568e-01
231 5.299077282768562e-01
232 5.299077282768573e-01
233 5.299077282768571e-01
234 5.299077282768563e-01
235 5.299077282768565e-01
236 5.299077282768563e-01
237 5.299077282768569e-01
238 5.299077282768564e-01
239 5.299077282768558e-01
240 5.299077282768562e-01
241 5.299077282768561e-01
242 5.299077282768558e-01
243 5.299077282768561e-01
244 5.299077282768563e-01
245 5.299077282768561e-01
246 5.299077282768569e-01
247 5.299077282768561e-01
248 5.299077282768566e-01
249 5.299077282768564e-01
250 5.299077282768561e-01
251 5.299077282768559e-01
252 5.299077282768561e-01
253 5.299077282768557e-01
254 5.299077282768556e-01
255 5.299077282768556e-01
256 5.299077282768555e-01
257 5.299077282768559e-01
258 5.299077282768552e-01
259 5.299077282768553e-01
260 5.299077282768556e-01
261 5.299077282768561e-01
262 5.299077282768562e-01
263 5.299077282768561e-01
264 5.299077282768556e-01
265 5.299077282768554e-01
266 5.299077282768555e-01
267 5.299077282768556e-01
268 5.299077282768551e-01
269 5.299077282768556e-01
270 5.299077282768552e-01
271 5.299077282768552e-01
272 5.299077282768556e-01
273 5.299077282768559e-01
274 5.299077282768546e-01
275 5.299077282768545e-01
276 5.299077282768552e-01
277 5.299077282768554e-01
278 5.299077282768569e-01
279 5.299077282768568e-01
280 5.299077282768565e-01
281 5.299077282768564e-01
282 5.299077282768557e-01
283 5.299077282768562e-01
284 5.299077282768558e-01
285 5.299077282768554e-01
286 5.299077282768565e-01
287 5.299077282768557e-01
288 5.299077282768567e-01
289 5.299077282768564e-01
290 5.299077282768564e-01
291 5.299077282768565e-01
292 5.299077282768562e-01
293 5.299077282768569e-01
294 5.299077282768554e-01
295 5.299077282768568e-01
296 5.299077282768563e-01
297 5.299077282768565e-01
298 5.299077282768563e-01
299 5.299077282768556e-01
300 5.299077282768565e-01
301 5.299077282768563e-01
302 5.299077282768576e-01
303 5.299077282768552e-01
304 5.299077282768557e-01
305 5.299077282768558e-01
306 5.299077282768575e-01
307 5.299077282768554e-01
308 5.299077282768563e-01
309 5.299077282768564e-01
310 5.299077282768554e-01
311 5.299077282768554e-01
312 5.299077282768563e-01
313 5.299077282768566e-01
314 5.299077282768561e-01
315 5.299077282768569e-01
316 5.299077282768551e-01
317 5.299077282768554e-01
318 5.299077282768569e-01
319 5.299077282768557e-01
320 5.299077282768565e-01
321 5.299077282768557e-01
322 5.299077282768558e-01
323 5.299077282768585e-01
324 5.299077282768576e-01
325 5.299077282768545e-01
326 5.299077282768572e-01
327 5.299077282768563e-01
328 5.299077282768572e-01
329 5.299077282768567e-01
330 5.299077282768576e-01
331 5.299077282768561e-01
332 5.299077282768562e-01
333 5.299077282768555e-01
334 5.299077282768572e-01
335 5.299077282768553e-01
336 5.299077282768574e-01
337 5.299077282768569e-01
338 5.299077282768578e-01
339 5.299077282768563e-01
340 5.299077282768567e-01
341 5.299077282768552e-01
342 5.299077282768591e-01
343 5.299077282768521e-01
344 5.299077282768528e-01
345 5.299077282768647e-01
346 5.299077282768461e-01
347 5.299077282768708e-01
348 5.299077282768552e-01
349 5.299077282768532e-01
350 5.299077282768567e-01
351 5.299077282768567e-01
352 5.299077282768568e-01
353 5.299077282768567e-01
354 5.299077282768576e-01
355 5.299077282768528e-01
356 5.299077282768605e-01
357 5.299077282768586e-01
358 5.299077282768557e-01
359 5.299077282768587e-01
360 5.299077282768592e-01
361 5.299077282768540e-01
362 5.299077282768592e-01
363 5.299077282768565e-01
364 5.299077282768563e-01
365 5.299077282768566e-01
366 5.299077282768583e-01
367 5.299077282768579e-01
368 5.299077282768576e-01
369 5.299077282768561e-01
370 5.299077282768642e-01
371 5.299077282768562e-01
372 5.299077282768655e-01
373 5.299077282768421e-01
374 5.299077282768573e-01
375 5.299077282768612e-01
376 5.299077282768604e-01
377 5.299077282768516e-01
378 5.299077282768573e-01
379 5.299077282768572e-01
380 5.299077282768585e-01
381 5.299077282768588e-01
382 4.973055751947356e-01
383 4.973055751947357e-01
384 4.973055751947353e-01
385 4.973055751947353e-01
386 4.973055751947368e-01
387 4.973055751947361e-01
388 4.973055751947358e-01
389 4.973055751947358e-01
390 4.973055751947366e-01
391 4.973055751947371e-01
392 4.973055751947368e-01
393 4.973055751947364e-01
394 4.973055751947354e-01
395 4.973055751947352e-01
396 4.973055751947359e-01
397 4.973055751947353e-01
398 4.973055751947353e-01
399 4.973055751947345e-01
400 4.973055751947343e-01
401 4.973055751947359e-01
402 4.973055751947350e-01
403 4.973055751947350e-01
404 4.973055751947351e-01
405 4.973055751947360e-01
406 4.973055751947354e-01
407 4.973055751947364e-01
408 4.973055751947352e-01
409 4.973055751947357e-01
410 4.973055751947367e-01
411 4.973055751947369e-01
412 4.973055751947369e-01
413 4.973055751947364e-01
414 4.973055751947348e-01
415 4.973055751947345e-01
416 4.973055751947343e-01
417 4.973055751947338e-01
418 4.973055751947361e-01
419 4.973055751947357e-01
420 4.973055751947359e-01
421 4.973055751947363e-01
422 4.973055751947367e-01
423 4.973055751947369e-01
424 4.973055751947366e-01
425 4.973055751947380e-01
426 4.973055751947380e-01
427 4.973055751947374e-01
428 4.973055751947374e-01
429 4.973055751947369e-01
430 4.973055751947356e-01
431 4.973055751947343e-01
432 4.973055751947356e-01
433 4.973055751947356e-01
434 4.973055751947351e-01
435 4.973055751947353e-01
436 4.973055751947353e-01
437 4.973055751947357e-01
438 4.973055751947362e-01
439 4.973055751947361e-01
440 4.973055751947365e-01
441 4.973055751947359e-01
442 4.973055751947360e-01
443 4.973055751947358e-01
444 4.973055751947353e-01
445 4.973055751947363e-01
446 4.973055751947347e-01
447 4.973055751947341e-01
448 4.973055751947351e-01
449 4.973055751947341e-01
450 4.973055751947368e-01
451 4.973055751947364e-01
452 4.973055751947367e-01
453 4.973055751947368e-01
454 4.973055751947360e-01
455 4.973055751947353e-01
456 4.973055751947362e-01
457 4.973055751947363e-01
458 4.973055751947376e-01
459 4.973055751947377e-01
460 4.973055751947372e-01
461 4.973055751947369e-01
462 4.973055751947371e-01
463 4.973055751947360e-01
464 4.973055751947367e-01
465 4.973055751947371e-01
466 4.973055751947352e-01
467 4.973055751947354e-01
468 4.973055751947359e-01
469 4.973055751947348e-01
470 4.973055751947369e-01
471 4.973055751947368e-01
472 4.973055751947367e-01
473 4.973055751947368e-01
474 4.973055751947363e-01
475 4.973055751947365e-01
476 4.973055751947371e-01
477 4.973055751947374e-01
478 4.973055751947352e-01
479 4.973055751947349e-01
480 4.973055751947353e-01
481 4.973055751947386e-01
482 4.973055751947372e-01
483 4.973055751947376e-01
484 4.973055751947362e-01
485 4.973055751947359e-01
486 4.973055751947364e-01
487 4.973055751947346e-01
488 4.973055751947361e-01
489 4.973055751947361e-01
490 4.973055751947370e-01
491 4.973055751947371e-01
492 4.973055751947359e-01
493 4.973055751947359e-01
494 4.973055751947325e-01
495 4.973055751947353e-01
496 4.973055751947358e-01
497 4.973055751947361e-01
498 4.973055751947362e-01
499 4.973055751947359e-01
500 4.973055751947372e-01
501 4.973055751947373e-01
502 4.973055751947352e-01
503 4.973055751947377e-01
504 4.973055751947373e-01
505 4.973055751947368e-01
506 4.973055751947359e-01
507 4.973055751947354e-01
508 4.973055751947389e-01
509 4.973055751947348e-01
510 4.973055751947346e-01
511 4.973055751947361e-01
512 4.973055751947359e-01
513 4.973055751947356e-01
514 4.973055751947350e-01
515 4.973055751947384e-01
516 4.973055751947322e-01
517 4.973055751947356e-01
518 4.973055751947338e-01
519 4.973055751947346e-01
520 4.973055751947340e-01
521 4.973055751947346e-01
522 4.973055751947378e-01
523 4.973055751947357e-01
524 4.973055751947351e-01
525 4.973055751947362e-01
526 4.973055751947374e-01
527 4.973055751947374e-01
528 4.973055751947376e-01
529 4.973055751947386e-01
530 4.973055751947317e-01
531 4.973055751947397e-01
532 4.973055751947389e-01
533 4.973055751947328e-01
534 4.973055751947364e-01
535 4.973055751947357e-01
536 4.973055751947357e-01
537 4.973055751947367e-01
538 4.973055751947360e-01
539 4.973055751947373e-01
540 4.973055751947333e-01
541 4.973055751947398e-01
542 4.973055751947343e-01
543 4.973055751947371e-01
544 4.973055751947367e-01
545 4.973055751947363e-01
546 4.973055751947336e-01
547 4.973055751947350e-01
548 4.973055751947316e-01
549 4.973055751947307e-01
550 4.973055751947371e-01
551 4.973055751947379e-01
552 4.973055751947381e-01
553 4.973055751947387e-01
554 4.973055751947371e-01
555 4.973055751947379e-01
556 4.973055751947358e-01
557 4.973055751947359e-01
558 4.973055751947358e-01
559 4.973055751947341e-01
560 4.973055751947343e-01
561 4.973055751947343e-01
562 4.973055751947362e-01
563 4.973055751947379e-01
564 4.973055751947370e-01
565 4.973055751947363e-01
566 4.973055751947348e-01
567 4.973055751947364e-01
568 4.973055751947342e-01
569 4.973055751947354e-01
570 4.973055751947345e-01
571 4.973055751947342e-01
572 4.973055751947364e-01
573 4.973055751947352e-01
574 4.973055751947431e-01
575 4.973055751947248e-01
576 4.973055751947374e-01
577 4.973055751947405e-01
578 4.973055751947312e-01
579 4.973055751947385e-01
580 4.973055751947374e-01
581 4.973055751947348e-01
582 4.973055751947357e-01
583 4.973055751947372e-01
584 4.973055751947386e-01
585 4.973055751947318e-01
586 4.973055751947366e-01
587 4.973055751947374e-01
588 4.973055751947365e-01
589 4.973055751947339e-01
590 4.973055751947373e-01
591 4.973055751947366e-01
592 4.973055751947356e-01
593 4.973055751947350e-01
594 4.973055751947344e-01
595 4.973055751947339e-01
596 4.973055751947355e-01
597 4.973055751947344e-01
598 4.973055751947338e-01
599 4.973055751947325e-01
600 4.973055751947372e-01
601 4.973055751947353e-01
602 4.973055751947358e-01
603 4.973055751947384e-01
604 4.973055751947391e-01
605 4.973055751947319e-01
606 4.973055751947159e-01
607 4.973055751947442e-01
608 4.973055751947383e-01
609 4.973055751947404e-01
610 4.973055751947350e-01
611 4.973055751947380e-01
612 4.973055751947362e-01
613 4.973055751947351e-01
614 4.973055751947292e-01
615 4.973055751947334e-01
616 4.973055751947388e-01
617 4.973055751947376e-01
618 4.973055751947356e-01
619 4.973055751947369e-01
620 4.973055751947405e-01
621 4.973055751947335e-01
622 4.973055751947323e-01
623 4.973055751947382e-01
624 4.973055751947366e-01
625 4.973055751947367e-01
626 4.973055751947357e-01
627 4.973055751947375e-01
628 4.973055751947413e-01
629 4.973055751947298e-01
630 4.973055751947350e-01
631 4.973055751947367e-01
632 4.973055751947354e-01
633 4.973055751947306e-01
634 4.973055751947322e-01
635 4.973055751947436e-01
636 4.973055751947361e-01
637 4.973055751947381e-01
638 4.973055751947303e-01
639 4.973055751947354e-01
640 4.973055751947381e-01
641 4.973055751947361e-01
642 4.973055751947327e-01
643 4.973055751947343e-01
644 4.973055751947366e-01
645 4.973055751947350e-01
646 4.973055751947303e-01
647 4.973055751947504e-01
648 4.973055751947268e-01
649 4.973055751947347e-01
650 4.973055751947357e-01
651 4.973055751947297e-01
652 4.973055751947416e-01
653 4.973055751947458e-01
654 4.973055751947371e-01
655 4.973055751947341e-01
656 4.973055751947399e-01
657 4.973055751947348e-01
658 4.973055751947304e-01
659 4.973055751947337e-01
660 4.973055751947405e-01
661 4.973055751947318e-01
662 4.973055751947329e-01
663 4.973055751947325e-01
664 4.973055751947366e-01
665 4.973055751947364e-01
666 4.973055751947390e-01
667 4.973055751947362e-01
668 4.973055751947406e-01
669 4.973055751947386e-01
670 4.973055751947342e-01
671 4.973055751947335e-01
672 4.973055751947424e-01
673 4.973055751947380e-01
674 4.973055751947260e-01
675 4.973055751947440e-01
676 4.973055751947368e-01
677 4.973055751947340e-01
678 4.973055751947326e-01
679 4.973055751947386e-01
680 4.973055751947345e-01
681 4.973055751947430e-01
682 4.973055751947320e-01
683 4.973055751947379e-01
684 4.973055751947412e-01
685 4.973055751947392e-01
686 4.973055751947244e-01
687 4.973055751947316e-01
688 4.973055751947522e-01
689 4.973055751947479e-01
690 4.973055751947549e-01
691 4.973055751947428e-01
692 4.973055751947085e-01
693 4.973055751947031e-01
694 4.973055751948044e-01
695 4.973055751947435e-01
696 4.973055751947448e-01
697 4.973055751946164e-01
698 4.973055751947357e-01
699 4.973055751947467e-01
700 4.973055751947500e-01
701 4.973055751947457e-01
702 4.973055751947382e-01
703 4.973055751947370e-01
704 4.973055751947398e-01
705 4.973055751947306e-01
706 4.973055751947510e-01
707 4.973055751947197e-01
708 4.973055751947367e-01
709 4.973055751947330e-01
710 4.973055751947372e-01
711 4.973055751947248e-01
712 4.973055751947553e-01
713 4.973055751947541e-01
714 4.973055751947224e-01
715 4.973055751947303e-01
716 4.973055751947299e-01
717 4.973055751947339e-01
718 4.973055751947259e-01
719 4.973055751947412e-01
720 4.973055751947522e-01
721 4.973055751947223e-01
722 4.973055751947008e-01
723 4.973055751947463e-01
724 4.973055751947500e-01
725 4.973055751947440e-01
726 4.973055751947424e-01
727 4.973055751947239e-01
728 4.973055751947399e-01
729 4.973055751947369e-01
730 4.973055751947326e-01
731 4.973055751947463e-01
732 4.973055751947368e-01
733 4.973055751947349e-01
734 4.973055751947472e-01
735 4.973055751947309e-01
736 4.973055751947357e-01
737 4.973055751947538e-01
738 4.973055751947611e-01
739 4.973055751947297e-01
740 4.973055751947424e-01
741 4.973055751947396e-01
742 4.973055751947138e-01
743 4.973055751947006e-01
744 4.973055751947065e-01
745 4.973055751947825e-01
746 4.973055751947263e-01
747 4.973055751946875e-01
748 4.973055751947985e-01
749 4.973055751947755e-01
750 4.973055751947192e-01
751 4.973055751947374e-01
752 4.973055751947248e-01
753 4.973055751947217e-01
754 4.973055751947310e-01
755 4.973055751947175e-01
756 4.973055751947613e-01
757 4.973055751947542e-01
758 4.973055751947398e-01
759 4.973055751947377e-01
760 4.973055751947306e-01
761 4.973055751947438e-01
762 4.973055751947384e-01
763 4.973055751947375e-01
764 4.973055751947298e-01
765 4.973055751947264e-01


#a = 4.000000
1 5.149589970124847e-01
2 5.149589970124848e-01
3 5.149589970124826e-01
4 5.190300768093594e-01
5 5.190300768093620e-01
6 5.190300768093611e-01
7 5.190300768093609e-01
8 5.190300768093591e-01
9 5.190300768093613e-01
10 5.222744952971446e-01
11 5.222744952971460e-01
12 5.222744952971449e-01
13 5.222744952971468e-01
14 5.222744952971452e-01
15 5.222744952971449e-01
16 5.222744952971443e-01
17 5.222744952971444e-01
18 5.222744952971438e-01
19 5.222744952971439e-01
20 5.222744952971448e-01
21 5.222744952971444e-01
22 5.256627374591122e-01
23 5.256627374591125e-01
24 5.256627374591123e-01
25 5.256627374591119e-01
26 5.256627374591103e-01
27 5.256627374591097e-01
28 5.256627374591104e-01
29 5.256627374591121e-01
30 5.256627374591102e-01
31 5.256627374591109e-01
32 5.256627374591105e-01
33 5.256627374591101e-01
34 5.256627374591127e-01
35 5.256627374591116e-01
36 5.256627374591114e-01
37 5.256627374591121e-01
38 5.256627374591127e-01
39 5.256627374591143e-01
40 5.256627374591131e-01
41 5.256627374591130e-01
42 5.256627374591124e-01
43 5.256627374591122e-01
44 5.256627374591131e-01
45 5.256627374591105e-01
46 5.289272153712306e-01
47 5.289272153712316e-01
48 5.289272153712308e-01
49 5.289272153712306e-01
50 5.289272153712323e-01
51 5.289272153712317e-01
52 5.289272153712317e-01
53 5.289272153712313e-01
54 5.289272153712300e-01
55 5.289272153712297e-01
56 5.289272153712298e-01
57 5.289272153712300e-01
58 5.289272153712287e-01
59 5.289272153712287e-01
60 5.289272153712292e-01
61 5.289272153712296e-01
62 5.289272153712299e-01
63 5.289272153712303e-01
64 5.289272153712301e-01
65 5.289272153712301e-01
66 5.289272153712303e-01
67 5.289272153712301e-01
68 5.289272153712303e-01
69 5.289272153712297e-01
70 5.289272153712309e-01
71 5.289272153712309e-01
72 5.289272153712309e-01
73 5.289272153712308e-01
74 5.289272153712312e-01
75 5.289272153712310e-01
76 5.289272153712319e-01
77 5.289272153712323e-01
78 5.289272153712297e-01
79 5.289272153712299e-01
80 5.289272153712292e-01
81 5.289272153712310e-01
82 5.289272153712316e-01
83 5.289272153712326e-01
84 5.289272153712321e-01
85 5.289272153712323e-01
86 5.289272153712316e-01
87 5.289272153712308e-01
88 5.289272153712299e-01
89 5.289272153712304e-01
90 5.289272153712304e-01
91 5.289272153712299e-01
92 5.289272153712319e-01
93 5.289272153712310e-01
94 5.295164234670409e-01
95 5.295164234670406e-01
96 5.295164234670408e-01
97 5.295164234670409e-01
98 5.295164234670415e-01
99 5.295164234670413e-01
100 5.295164234670409e-01
101 5.295164234670410e-01
102 5.295164234670418e-01
103 5.295164234670415e-01
104 5.295164234670422e-01
105 5.295164234670422e-01
106 5.295164234670411e-01
107 5.295164234670413e-01
108 5.295164234670413e-01
109 5.295164234670412e-01
110 5.295164234670418e-01
111 5.295164234670414e-01
112 5.295164234670413e-01
113 5.295164234670411e-01
114 5.295164234670411e-01
115 5.295164234670410e-01
116 5.295164234670404e-01
117 5.295164234670401e-01
118 5.295164234670415e-01
119 5.295164234670409e-01
120 5.295164234670416e-01
121 5.295164234670418e-01
122 5.295164234670418e-01
123 5.295164234670404e-01
124 5.295164234670412e-01
125 5.295164234670410e-01
126 5.295164234670413e-01
127 5.295164234670413e-01
128 5.295164234670413e-01
129 5.295164234670415e-01
130 5.295164234670420e-01
131 5.295164234670413e-01
132 5.295164234670413e-01
133 5.295164234670416e-01
134 5.295164234670432e-01
135 5.295164234670429e-01
136 5.295164234670414e-01
137 5.295164234670412e-01
138 5.295164234670411e-01
139 5.295164234670411e-01
140 5.295164234670415e-01
141 5.295164234670414e-01
142 5.295164234670412e-01
143 5.295164234670415e-01
144 5.295164234670416e-01
145 5.295164234670416e-01
146 5.295164234670422e-01
147 5.295164234670419e-01
148 5.295164234670430e-01
149 5.295164234670420e-01
150 5.295164234670412e-01
151 5.295164234670406e-01
152 5.295164234670405e-01
153 5.295164234670406e-01
154 5.295164234670405e-01
155 5.295164234670405e-01
156 5.295164234670415e-01
157 5.295164234670414e-01
158 5.295164234670424e-01
159 5.295164234670425e-01
160 5.295164234670428e-01
161 5.295164234670425e-01
162 5.295164234670405e-01
163 5.295164234670418e-01
164 5.295164234670403e-01
165 5.295164234670415e-01
166 5.295164234670424e-01
167 5.295164234670445e-01
168 5.295164234670418e-01
169 5.295164234670429e-01
170 5.295164234670440e-01
171 5.295164234670412e-01
172 5.295164234670386e-01
173 5.295164234670431e-01
174 5.295164234670411e-01
175 5.295164234670429e-01
176 5.295164234670411e-01
177 5.295164234670409e-01
178 5.295164234670392e-01
179 5.295164234670422e-01
180 5.295164234670380e-01
181 5.295164234670384e-01
182 5.295164234670405e-01
183 5.295164234670396e-01
184 5.295164234670455e-01
185 5.295164234670412e-01
186 5.295164234670430e-01
187 5.295164234670400e-01
188 5.295164234670444e-01
189 5.295164234670449e-01
190 5.152122831760351e-01
191 5.152122831760353e-01
192 5.152122831760346e-01
193 5.152122831760344e-01
194 5.152122831760350e-01
195 5.152122831760347e-01
196 5.152122831760350e-01
197 5.152122831760347e-01
198 5.152122831760356e-01
199 5.152122831760352e-01
200 5.152122831760346e-01
201 5.152122831760346e-01
202 5.152122831760356e-01
203 5.152122831760357e-01
204 5.152122831760350e-01
205 5.152122831760351e-01
206 5.152122831760347e-01
207 5.152122831760350e-01
208 5.152122831760360e-01
209 5.152122831760353e-01
210 5.152122831760355e-01
211 5.152122831760357e-01
212 5.152122831760355e-01
213 5.152122831760358e-01
214 5.152122831760355e-01
215 5.152122831760355e-01
216 5.152122831760351e-01
217 5.152122831760352e-01
218 5.152122831760347e-01
219 5.152122831760351e-01
220 5.152122831760343e-01
221 5.152122831760348e-01
222 5.152122831760351e-01
223 5.152122831760351e-01
224 5.152122831760350e-01
225 5.152122831760353e-01
226 5.152122831760351e-01
227 5.152122831760351e-01
228 5.152122831760353e-01
229 5.152122831760347e-01
230 5.152122831760348e-01
231 5.152122831760346e-01
232 5.152122831760351e-01
233 5.152122831760353e-01
234 5.152122831760357e-01
235 5.152122831760357e-01
236 5.152122831760354e-01
237 5.152122831760352e-01
238 5.152122831760344e-01
239 5.152122831760351e-01
240 5.152122831760348e-01
241 5.152122831760348e-01
242 5.152122831760344e-01
243 5.152122831760346e-01
244 5.152122831760343e-01
245 5.152122831760346e-01
246 5.152122831760348e-01
247 5.152122831760348e-01
248 5.152122831760348e-01
249 5.152122831760347e-01
250 5.152122831760343e-01
251 5.152122831760353e-01
252 5.152122831760346e-01
253 5.152122831760346e-01
254 5.152122831760357e-01
255 5.152122831760361e-01
256 5.152122831760361e-01
257 5.152122831760358e-01
258 5.152122831760356e-01
259 5.152122831760357e-01
260 5.152122831760350e-01
261 5.152122831760356e-01
262 5.152122831760360e-01
263 5.152122831760357e-01
264 5.152122831760353e-01
265 5.152122831760350e-01
266 5.152122831760352e-01
267 5.152122831760348e-01
268 5.152122831760362e-01
269 5.152122831760348e-01
270 5.152122831760357e-01
271 5.152122831760360e-01
272 5.152122831760350e-01
273 5.152122831760348e-01
274 5.152122831760351e-01
275 5.152122831760353e-01
276 5.152122831760355e-01
277 5.152122831760346e-01
278 5.152122831760348e-01
279 5.152122831760354e-01
280 5.152122831760351e-01
281 5.152122831760354e-01
282 5.152122831760358e-01
283 5.152122831760356e-01
284 5.152122831760353e-01
285 5.152122831760368e-01
286 5.152122831760360e-01
287 5.152122831760357e-01
288 5.152122831760362e-01
289 5.152122831760356e-01
290 5.152122831760352e-01
291 5.152122831760344e-01
292 5.152122831760353e-01
293 5.152122831760353e-01
294 5.152122831760362e-01
295 5.152122831760348e-01
296 5.152122831760402e-01
297 5.152122831760337e-01
298 5.152122831760358e-01
299 5.152122831760334e-01
300 5.152122831760361e-01
301 5.152122831760353e-01
302 5.152122831760353e-01
303 5.152122831760360e-01
304 5.152122831760380e-01
305 5.152122831760344e-01
306 5.152122831760357e-01
307 5.152122831760344e-01
308 5.152122831760360e-01
309 5.152122831760338e-01
310 5.152122831760357e-01
311 5.152122831760357e-01
312 5.152122831760353e-01
313 5.152122831760368e-01
314 5.152122831760363e-01
315 5.152122831760327e-01
316 5.152122831760353e-01
317 5.152122831760351e-01
318 5.152122831760331e-01
319 5.152122831760364e-01
320 5.152122831760342e-01
321 5.152122831760357e-01
322 5.152122831760348e-01
323 5.152122831760363e-01
324 5.152122831760324e-01
325 5.152122831760383e-01
326 5.152122831760357e-01
327 5.152122831760357e-01
328 5.152122831760351e-01
329 5.152122831760345e-01
330 5.152122831760393e-01
331 5.152122831760377e-01
332 5.152122831760333e-01
333 5.152122831760348e-01
334 5.152122831760373e-01
335 5.152122831760365e-01
336 5.152122831760274e-01
337 5.152122831760385e-01
338 5.152122831760394e-01
339 5.152122831760336e-01
340 5.152122831760276e-01
341 5.152122831760385e-01
342 5.152122831760340e-01
343 5.152122831760267e-01
344 5.152122831760361e-01
345 5.152122831760375e-01
346 5.152122831760316e-01
347 5.152122831760534e-01
348 5.152122831760380e-01
349 5.152122831760252e-01
350 5.152122831760393e-01
351 5.152122831760355e-01
352 5.152122831760262e-01
353 5.152122831760418e-01
354 5.152122831760422e-01
355 5.152122831760302e-01
356 5.152122831760392e-01
357 5.152122831760342e-01
358 5.152122831760370e-01
359 5.152122831760378e-01
360 5.152122831760053e-01
361 5.152122831760531e-01
362 5.152122831760372e-01
363 5.152122831760378e-01
364 5.152122831760357e-01
365 5.152122831760345e-01
366 5.152122831760375e-01
367 5.152122831760392e-01
368 5.152122831760398e-01
369 5.152122831760335e-01
370 5.152122831760158e-01
371 5.152122831760484e-01
372 5.152122831760446e-01
373 5.152122831760315e-01
374 5.152122831760197e-01
375 5.152122831760505e-01
376 5.152122831760515e-01
377 5.152122831760225e-01
378 5.152122831760351e-01
379 5.152122831760371e-01
380 5.152122831760332e-01
381 5.152122831760322e-01
382 4.845346238298061e-01
383 4.845346238298069e-01
384 4.845346238298065e-01
385 4.845346238298067e-01
386 4.845346238298058e-01
387 4.845346238298077e-01
388 4.845346238298061e-01
389 4.845346238298072e-01
390 4.845346238298058e-01
391 4.845346238298052e-01
392 4.845346238298063e-01
393 4.845346238298060e-01
394 4.845346238298066e-01
395 4.845346238298068e-01
396 4.845346238298081e-01
397 4.845346238298078e-01
398 4.845346238298081e-01
399 4.845346238298066e-01
400 4.845346238298075e-01
401 4.845346238298069e-01
402 4.845346238298058e-01
403 4.845346238298065e-01
404 4.845346238298067e-01
405 4.845346238298047e-01
406 4.845346238298066e-01
407 4.845346238298062e-01
408 4.845346238298051e-01
409 4.845346238298046e-01
410 4.845346238298071e-01
411 4.845346238298053e-01
412 4.845346238298053e-01
413 4.845346238298056e-01
414 4.845346238298057e-01
415 4.845346238298052e-01
416 4.845346238298063e-01
417 4.845346238298061e-01
418 4.845346238298082e-01
419 4.845346238298079e-01
420 4.845346238298086e-01
421 4.845346238298079e-01
422 4.845346238298048e-01
423 4.845346238298067e-01
424 4.845346238298057e-01
425 4.845346238298060e-01
426 4.845346238298069e-01
427 4.845346238298061e-01
428 4.845346238298061e-01
429 4.845346238298068e-01
430 4.845346238298046e-01
431 4.845346238298045e-01
432 4.845346238298042e-01
433 4.845346238298047e-01
434 4.845346238298046e-01
435 4.845346238298063e-01
436 4.845346238298068e-01
437 4.845346238298058e-01
438 4.845346238298064e-01
439 4.845346238298059e-01
440 4.845346238298074e-01
441 4.845346238298063e-01
442 4.845346238298082e-01
443 4.845346238298082e-01
444 4.845346238298077e-01
445 4.845346238298073e-01
446 4.845346238298063e-01
447 4.845346238298060e-01
448 4.845346238298061e-01
449 4.845346238298062e-01
450 4.845346238298072e-01
451 4.845346238298038e-01
452 4.845346238298073e-01
453 4.845346238298057e-01
454 4.845346238298063e-01
455 4.845346238298069e-01
456 4.845346238298055e-01
457 4.845346238298072e-01
458 4.845346238298068e-01
459 4.845346238298083e-01
460 4.845346238298081e-01
461 4.845346238298088e-01
462 4.845346238298072e-01
463 4.845346238298055e-01
464 4.845346238298059e-01
465 4.845346238298058e-01
466 4.845346238298053e-01
467 4.845346238298049e-01
468 4.845346238298046e-01
469 4.845346238298048e-01
470 4.845346238298063e-01
471 4.845346238298066e-01
472 4.845346238298052e-01
473 4.845346238298062e-01
474 4.845346238298077e-01
475 4.845346238298087e-01
476 4.845346238298098e-01
477 4.845346238298064e-01
478 4.845346238298073e-01
479 4.845346238298083e-01
480 4.845346238298078e-01
481 4.845346238298059e-01
482 4.845346238298073e-01
483 4.845346238298063e-01
484 4.845346238298059e-01
485 4.845346238298074e-01
486 4.845346238298051e-01
487 4.845346238298061e-01
488 4.845346238298030e-01
489 4.845346238298128e-01
490 4.845346238298130e-01
491 4.845346238298029e-01
492 4.845346238298068e-01
493 4.845346238298067e-01
494 4.845346238298024e-01
495 4.845346238298068e-01
496 4.845346238298088e-01
497 4.845346238298076e-01
498 4.845346238298077e-01
499 4.845346238298059e-01
500 4.845346238298051e-01
501 4.845346238298039e-01
502 4.845346238298061e-01
503 4.845346238298099e-01
504 4.845346238298013e-01
505 4.845346238298081e-01
506 4.845346238298024e-01
507 4.845346238298084e-01
508 4.845346238298080e-01
509 4.845346238298077e-01
510 4.845346238298091e-01
511 4.845346238298063e-01
512 4.845346238298084e-01
513 4.845346238298063e-01
514 4.845346238298064e-01
515 4.845346238298036e-01
516 4.845346238298083e-01
517 4.845346238298050e-01
518 4.845346238298073e-01
519 4.845346238298078e-01
520 4.845346238298079e-01
521 4.845346238298058e-01
522 4.845346238298048e-01
523 4.845346238298099e-01
524 4.845346238298016e-01
525 4.845346238298088e-01
526 4.845346238298068e-01
527 4.845346238298073e-01
528 4.845346238298074e-01
529 4.845346238298078e-01
530 4.845346238298050e-01
531 4.845346238298075e-01
532 4.845346238298028e-01
533 4.845346238298127e-01
534 4.845346238298046e-01
535 4.845346238298066e-01
536 4.845346238298067e-01
537 4.845346238298072e-01
538 4.845346238298035e-01
539 4.845346238298046e-01
540 4.845346238298083e-01
541 4.845346238298116e-01
542 4.845346238298092e-01
543 4.845346238298069e-01
544 4.845346238298060e-01
545 4.845346238298043e-01
546 4.845346238298074e-01
547 4.845346238298069e-01
548 4.845346238297999e-01
549 4.845346238298125e-01
550 4.845346238298036e-01
551 4.845346238298062e-01
552 4.845346238298043e-01
553 4.845346238298059e-01
554 4.845346238298050e-01
555 4.845346238298056e-01
556 4.845346238298022e-01
557 4.845346238298137e-01
558 4.845346238298068e-01
559 4.845346238298063e-01
560 4.845346238298054e-01
561 4.845346238298056e-01
562 4.845346238298068e-01
563 4.845346238298091e-01
564 4.845346238298092e-01
565 4.845346238298069e-01
566 4.845346238298007e-01
567 4.845346238298101e-01
568 4.845346238298076e-01
569 4.845346238298071e-01
570 4.845346238298118e-01
571 4.845346238298109e-01
572 4.845346238297936e-01
573 4.845346238298025e-01
574 4.845346238298087e-01
575 4.845346238298064e-01
576 4.845346238298056e-01
577 4.845346238298070e-01
578 4.845346238298027e-01
579 4.845346238298034e-01
580 4.845346238298129e-01
581 4.845346238298068e-01
582 4.845346238298032e-01
583 4.845346238298018e-01
584 4.845346238298033e-01
585 4.845346238298167e-01
586 4.845346238298041e-01
587 4.845346238298036e-01
588 4.845346238298070e-01
589 4.845346238298068e-01
590 4.845346238298039e-01
591 4.845346238298033e-01
592 4.845346238298204e-01
593 4.845346238298136e-01
594 4.845346238297755e-01
595 4.845346238297699e-01
596 4.845346238298193e-01
597 4.845346238298189e-01
598 4.845346238298021e-01
599 4.845346238298022e-01
600 4.845346238298264e-01
601 4.845346238298169e-01
602 4.845346238298148e-01
603 4.845346238297980e-01
604 4.845346238298045e-01
605 4.845346238298168e-01
606 4.845346238298086e-01
607 4.845346238298064e-01
608 4.845346238298098e-01
609 4.845346238298054e-01
610 4.845346238298119e-01
611 4.845346238297704e-01
612 4.845346238298097e-01
613 4.845346238298208e-01
614 4.845346238298028e-01
615 4.845346238298032e-01
616 4.845346238298129e-01
617 4.845346238298107e-01
618 4.845346238298027e-01
619 4.845346238298007e-01
620 4.845346238297686e-01
621 4.845346238298663e-01
622 4.845346238298071e-01
623 4.845346238298077e-01
624 4.845346238298067e-01
625 4.845346238298059e-01
626 4.845346238298167e-01
627 4.845346238298112e-01
628 4.845346238297994e-01
629 4.845346238298003e-01
630 4.845346238298223e-01
631 4.845346238297614e-01
632 4.845346238298003e-01
633 4.845346238298465e-01
634 4.845346238298021e-01
635 4.845346238298112e-01
636 4.845346238298072e-01
637 4.845346238298078e-01
638 4.845346238298437e-01
639 4.845346238297988e-01
640 4.845346238298127e-01
641 4.845346238297679e-01
642 4.845346238298173e-01
643 4.845346238298140e-01
644 4.845346238297875e-01
645 4.845346238298121e-01
646 4.845346238298083e-01
647 4.845346238298155e-01
648 4.845346238298048e-01
649 4.845346238298020e-01
650 4.845346238297700e-01
651 4.845346238298784e-01
652 4.845346238297664e-01
653 4.845346238297987e-01
654 4.845346238297989e-01
655 4.845346238298061e-01
656 4.845346238298164e-01
657 4.845346238298064e-01
658 4.845346238298188e-01
659 4.845346238298076e-01
660 4.845346238298091e-01
661 4.845346238298247e-01
662 4.845346238297134e-01
663 4.845346238298514e-01
664 4.845346238298157e-01
665 4.845346238297697e-01
666 4.845346238298248e-01
667 4.845346238298249e-01
668 4.845346238298179e-01
669 4.845346238298067e-01
670 4.845346238297948e-01
671 4.845346238297947e-01
672 4.845346238298056e-01
673 4.845346238297987e-01
674 4.845346238299447e-01
675 4.845346238298015e-01
676 4.845346238297777e-01
677 4.845346238297872e-01
678 4.845346238297366e-01
679 4.845346238298093e-01
680 4.845346238298079e-01
681 4.845346238298235e-01
682 4.845346238298524e-01
683 4.845346238298542e-01
684 4.845346238297990e-01
685 4.845346238297595e-01
686 4.845346238298404e-01
687 4.845346238297930e-01
688 4.845346238298166e-01
689 4.845346238299064e-01
690 4.845346238297747e-01
691 4.845346238298132e-01
692 4.845346238298341e-01
693 4.845346238297363e-01
694 4.845346238298480e-01
695 4.845346238298083e-01
696 4.845346238297297e-01
697 4.845346238296213e-01
698 4.845346238297134e-01
699 4.845346238298561e-01
700 4.845346238298532e-01
701 4.845346238299027e-01
702 4.845346238298028e-01
703 4.845346238297528e-01
704 4.845346238298170e-01
705 4.845346238297986e-01
706 4.845346238298748e-01
707 4.845346238298943e-01
708 4.845346238297589e-01
709 4.845346238297751e-01
710 4.845346238297266e-01
711 4.845346238297827e-01
712 4.845346238298505e-01
713 4.845346238298447e-01
714 4.845346238298033e-01
715 4.845346238297762e-01
716 4.845346238298064e-01
717 4.845346238298410e-01
718 4.845346238298043e-01
719 4.845346238297730e-01
720 4.845346238298175e-01
721 4.845346238297689e-01
722 4.845346238301180e-01
723 4.845346238299266e-01
724 4.845346238296758e-01
725 4.845346238296537e-01
726 4.845346238297574e-01
727 4.845346238298344e-01
728 4.845346238297543e-01
729 4.845346238298029e-01
730 4.845346238297716e-01
731 4.845346238298154e-01
732 4.845346238298064e-01
733 4.845346238298064e-01
734 4.845346238298312e-01
735 4.845346238297647e-01
736 4.845346238297830e-01
737 4.845346238297812e-01
738 4.845346238297253e-01
739 4.845346238298103e-01
740 4.845346238297930e-01
741 4.845346238298538e-01
742 4.845346238299340e-01
743 4.845346238300322e-01
744 4.845346238296594e-01
745 4.845346238297719e-01
746 4.845346238299290e-01
747 4.845346238295957e-01
748 4.845346238296406e-01
749 4.845346238300353e-01
750 4.845346238297261e-01
751 4.845346238301031e-01
752 4.845346238297798e-01
753 4.845346238296623e-01
754 4.845346238296837e-01
755 4.845346238296716e-01
756 4.845346238298919e-01
757 4.845346238298790e-01
758 4.845346238297953e-01
759 4.845346238298225e-01
760 4.845346238298027e-01
761 4.845346238298017e-01
762 4.845346238298085e-01
763 4.845346238298101e-01
764 4.845346238298033e-01
765 4.845346238298147e-01


