## Parameters ##
# z = 3
# m = 9
# t = 1.000000000000000e+00
# mu = 1.000000000000000e+00
# opt = sc
#
#
#a = 0.000000
1 4.135678217419585e-01
2 4.790778031934113e-01
3 4.873312705816560e-01
4 4.168590783670025e-01
5 5.153429254102677e-01
6 3.492673420820697e-01
7 4.851325913485871e-01
8 5.832136982159497e-01


#a = 1.000000
1 4.426799016756199e-01
2 4.643540751633435e-01
3 4.680400932823542e-01
4 4.468169007181970e-01
5 4.770127960232735e-01
6 4.231811956790251e-01
7 4.772119036975748e-01
8 5.471440501999840e-01


#a = 2.000000
1 4.627927430251073e-01
2 4.612687832495022e-01
3 4.647087272307667e-01
4 4.646775852964778e-01
5 4.665664078171832e-01
6 4.811169680862909e-01
7 4.759969654070169e-01
8 5.084864363370311e-01


#a = 3.000000
1 4.624170078616539e-01
2 4.645179292001326e-01
3 4.654604234851621e-01
4 4.687506389153303e-01
5 4.682775648628085e-01
6 4.774646673093732e-01
7 4.856480839120092e-01
8 4.079219942884825e-01


#a = 4.000000
1 4.639678913415057e-01
2 4.662027175581928e-01
3 4.683866033607479e-01
4 4.697747126408902e-01
5 4.713898486029150e-01
6 4.766884526515409e-01
7 4.672468569789686e-01
8 3.081634730610417e-01


