## Parameters ##
# z = 3
# m = 9
# t = 1.000000000000000e+00
# mu = 1.000000000000000e-10
# opt = sc
#
#
#a = 0.000000
1 5.009065961030784e-01
2 5.186502133344276e-01
3 4.883020369833283e-01
4 5.289827497679824e-01
5 4.716025023586701e-01
6 5.488114197704280e-01
7 4.247225888312866e-01
8 6.301105555290296e-01


#a = 1.000000
1 5.093423992617312e-01
2 5.121858904397429e-01
3 5.104157038313160e-01
4 5.157237538001331e-01
5 5.121293352672943e-01
6 5.233978860286732e-01
7 5.143407017858435e-01
8 5.695794863671634e-01


#a = 2.000000
1 5.117560366876530e-01
2 5.138212876820432e-01
3 5.160897169744216e-01
4 5.182759284794993e-01
5 5.222252308021935e-01
6 5.258728723389681e-01
7 5.382304122686731e-01
8 5.228685692968111e-01


#a = 3.000000
1 5.133293857082326e-01
2 5.165388117086918e-01
3 5.192308615390979e-01
4 5.225380969113967e-01
5 5.261010694410173e-01
6 5.310799194746073e-01
7 5.299077282768569e-01
8 4.973055751947356e-01


#a = 4.000000
1 5.149589970124847e-01
2 5.190300768093594e-01
3 5.222744952971446e-01
4 5.256627374591122e-01
5 5.289272153712306e-01
6 5.295164234670409e-01
7 5.152122831760351e-01
8 4.845346238298061e-01


