## Parameters ##
# z = 3
# m = 9
# t = 1.000000000000000e+00
# mu = 1.000000000000000e+00
# opt = sc
#
#
#a = 0.000000
1 4.135678217419585e-01
2 4.135678217419589e-01
3 4.135678217419598e-01
4 4.790778031934113e-01
5 4.790778031934119e-01
6 4.790778031934109e-01
7 4.790778031934120e-01
8 4.790778031934105e-01
9 4.790778031934111e-01
10 4.873312705816560e-01
11 4.873312705816556e-01
12 4.873312705816549e-01
13 4.873312705816550e-01
14 4.873312705816558e-01
15 4.873312705816555e-01
16 4.873312705816559e-01
17 4.873312705816552e-01
18 4.873312705816549e-01
19 4.873312705816541e-01
20 4.873312705816566e-01
21 4.873312705816559e-01
22 4.168590783670025e-01
23 4.168590783670023e-01
24 4.168590783670021e-01
25 4.168590783670021e-01
26 4.168590783670015e-01
27 4.168590783670017e-01
28 4.168590783670016e-01
29 4.168590783670015e-01
30 4.168590783670011e-01
31 4.168590783670004e-01
32 4.168590783670009e-01
33 4.168590783670006e-01
34 4.168590783670027e-01
35 4.168590783670020e-01
36 4.168590783670033e-01
37 4.168590783670024e-01
38 4.168590783670016e-01
39 4.168590783670016e-01
40 4.168590783670017e-01
41 4.168590783670013e-01
42 4.168590783670033e-01
43 4.168590783670040e-01
44 4.168590783670024e-01
45 4.168590783670034e-01
46 5.153429254102677e-01
47 5.153429254102676e-01
48 5.153429254102675e-01
49 5.153429254102676e-01
50 5.153429254102684e-01
51 5.153429254102677e-01
52 5.153429254102684e-01
53 5.153429254102679e-01
54 5.153429254102679e-01
55 5.153429254102677e-01
56 5.153429254102677e-01
57 5.153429254102682e-01
58 5.153429254102682e-01
59 5.153429254102689e-01
60 5.153429254102679e-01
61 5.153429254102677e-01
62 5.153429254102678e-01
63 5.153429254102684e-01
64 5.153429254102682e-01
65 5.153429254102682e-01
66 5.153429254102677e-01
67 5.153429254102675e-01
68 5.153429254102687e-01
69 5.153429254102682e-01
70 5.153429254102684e-01
71 5.153429254102685e-01
72 5.153429254102687e-01
73 5.153429254102682e-01
74 5.153429254102679e-01
75 5.153429254102684e-01
76 5.153429254102679e-01
77 5.153429254102680e-01
78 5.153429254102673e-01
79 5.153429254102680e-01
80 5.153429254102677e-01
81 5.153429254102677e-01
82 5.153429254102680e-01
83 5.153429254102684e-01
84 5.153429254102677e-01
85 5.153429254102677e-01
86 5.153429254102713e-01
87 5.153429254102657e-01
88 5.153429254102688e-01
89 5.153429254102682e-01
90 5.153429254102670e-01
91 5.153429254102674e-01
92 5.153429254102688e-01
93 5.153429254102686e-01
94 3.492673420820697e-01
95 3.492673420820695e-01
96 3.492673420820698e-01
97 3.492673420820692e-01
98 3.492673420820698e-01
99 3.492673420820698e-01
100 3.492673420820699e-01
101 3.492673420820696e-01
102 3.492673420820699e-01
103 3.492673420820702e-01
104 3.492673420820702e-01
105 3.492673420820702e-01
106 3.492673420820694e-01
107 3.492673420820697e-01
108 3.492673420820698e-01
109 3.492673420820701e-01
110 3.492673420820694e-01
111 3.492673420820696e-01
112 3.492673420820693e-01
113 3.492673420820689e-01
114 3.492673420820694e-01
115 3.492673420820698e-01
116 3.492673420820694e-01
117 3.492673420820693e-01
118 3.492673420820701e-01
119 3.492673420820699e-01
120 3.492673420820703e-01
121 3.492673420820702e-01
122 3.492673420820697e-01
123 3.492673420820702e-01
124 3.492673420820699e-01
125 3.492673420820698e-01
126 3.492673420820699e-01
127 3.492673420820693e-01
128 3.492673420820694e-01
129 3.492673420820694e-01
130 3.492673420820706e-01
131 3.492673420820701e-01
132 3.492673420820688e-01
133 3.492673420820697e-01
134 3.492673420820693e-01
135 3.492673420820690e-01
136 3.492673420820691e-01
137 3.492673420820684e-01
138 3.492673420820694e-01
139 3.492673420820696e-01
140 3.492673420820691e-01
141 3.492673420820693e-01
142 3.492673420820698e-01
143 3.492673420820694e-01
144 3.492673420820691e-01
145 3.492673420820697e-01
146 3.492673420820698e-01
147 3.492673420820697e-01
148 3.492673420820696e-01
149 3.492673420820694e-01
150 3.492673420820696e-01
151 3.492673420820694e-01
152 3.492673420820697e-01
153 3.492673420820698e-01
154 3.492673420820697e-01
155 3.492673420820700e-01
156 3.492673420820689e-01
157 3.492673420820696e-01
158 3.492673420820694e-01
159 3.492673420820688e-01
160 3.492673420820690e-01
161 3.492673420820693e-01
162 3.492673420820697e-01
163 3.492673420820692e-01
164 3.492673420820693e-01
165 3.492673420820694e-01
166 3.492673420820701e-01
167 3.492673420820697e-01
168 3.492673420820702e-01
169 3.492673420820703e-01
170 3.492673420820691e-01
171 3.492673420820697e-01
172 3.492673420820702e-01
173 3.492673420820699e-01
174 3.492673420820722e-01
175 3.492673420820732e-01
176 3.492673420820742e-01
177 3.492673420820715e-01
178 3.492673420820714e-01
179 3.492673420820701e-01
180 3.492673420820699e-01
181 3.492673420820717e-01
182 3.492673420820693e-01
183 3.492673420820690e-01
184 3.492673420820679e-01
185 3.492673420820682e-01
186 3.492673420820693e-01
187 3.492673420820689e-01
188 3.492673420820696e-01
189 3.492673420820699e-01
190 4.851325913485871e-01
191 4.851325913485866e-01
192 4.851325913485872e-01
193 4.851325913485871e-01
194 4.851325913485869e-01
195 4.851325913485872e-01
196 4.851325913485868e-01
197 4.851325913485868e-01
198 4.851325913485875e-01
199 4.851325913485874e-01
200 4.851325913485869e-01
201 4.851325913485871e-01
202 4.851325913485874e-01
203 4.851325913485872e-01
204 4.851325913485871e-01
205 4.851325913485871e-01
206 4.851325913485868e-01
207 4.851325913485871e-01
208 4.851325913485872e-01
209 4.851325913485872e-01
210 4.851325913485869e-01
211 4.851325913485866e-01
212 4.851325913485869e-01
213 4.851325913485867e-01
214 4.851325913485864e-01
215 4.851325913485864e-01
216 4.851325913485869e-01
217 4.851325913485869e-01
218 4.851325913485871e-01
219 4.851325913485868e-01
220 4.851325913485871e-01
221 4.851325913485872e-01
222 4.851325913485873e-01
223 4.851325913485871e-01
224 4.851325913485871e-01
225 4.851325913485873e-01
226 4.851325913485871e-01
227 4.851325913485872e-01
228 4.851325913485871e-01
229 4.851325913485869e-01
230 4.851325913485871e-01
231 4.851325913485869e-01
232 4.851325913485872e-01
233 4.851325913485873e-01
234 4.851325913485873e-01
235 4.851325913485872e-01
236 4.851325913485869e-01
237 4.851325913485869e-01
238 4.851325913485870e-01
239 4.851325913485868e-01
240 4.851325913485871e-01
241 4.851325913485871e-01
242 4.851325913485868e-01
243 4.851325913485870e-01
244 4.851325913485871e-01
245 4.851325913485865e-01
246 4.851325913485872e-01
247 4.851325913485873e-01
248 4.851325913485873e-01
249 4.851325913485875e-01
250 4.851325913485872e-01
251 4.851325913485873e-01
252 4.851325913485874e-01
253 4.851325913485870e-01
254 4.851325913485872e-01
255 4.851325913485870e-01
256 4.851325913485869e-01
257 4.851325913485869e-01
258 4.851325913485868e-01
259 4.851325913485868e-01
260 4.851325913485871e-01
261 4.851325913485871e-01
262 4.851325913485867e-01
263 4.851325913485869e-01
264 4.851325913485863e-01
265 4.851325913485864e-01
266 4.851325913485871e-01
267 4.851325913485873e-01
268 4.851325913485865e-01
269 4.851325913485877e-01
270 4.851325913485872e-01
271 4.851325913485871e-01
272 4.851325913485869e-01
273 4.851325913485872e-01
274 4.851325913485871e-01
275 4.851325913485866e-01
276 4.851325913485869e-01
277 4.851325913485869e-01
278 4.851325913485879e-01
279 4.851325913485873e-01
280 4.851325913485872e-01
281 4.851325913485876e-01
282 4.851325913485877e-01
283 4.851325913485871e-01
284 4.851325913485874e-01
285 4.851325913485878e-01
286 4.851325913485868e-01
287 4.851325913485869e-01
288 4.851325913485866e-01
289 4.851325913485867e-01
290 4.851325913485878e-01
291 4.851325913485874e-01
292 4.851325913485872e-01
293 4.851325913485872e-01
294 4.851325913485875e-01
295 4.851325913485872e-01
296 4.851325913485875e-01
297 4.851325913485878e-01
298 4.851325913485878e-01
299 4.851325913485878e-01
300 4.851325913485875e-01
301 4.851325913485880e-01
302 4.851325913485878e-01
303 4.851325913485875e-01
304 4.851325913485874e-01
305 4.851325913485878e-01
306 4.851325913485872e-01
307 4.851325913485873e-01
308 4.851325913485873e-01
309 4.851325913485871e-01
310 4.851325913485878e-01
311 4.851325913485878e-01
312 4.851325913485874e-01
313 4.851325913485872e-01
314 4.851325913485869e-01
315 4.851325913485870e-01
316 4.851325913485869e-01
317 4.851325913485872e-01
318 4.851325913485867e-01
319 4.851325913485868e-01
320 4.851325913485870e-01
321 4.851325913485871e-01
322 4.851325913485869e-01
323 4.851325913485871e-01
324 4.851325913485869e-01
325 4.851325913485872e-01
326 4.851325913485866e-01
327 4.851325913485868e-01
328 4.851325913485870e-01
329 4.851325913485871e-01
330 4.851325913485869e-01
331 4.851325913485872e-01
332 4.851325913485869e-01
333 4.851325913485872e-01
334 4.851325913485872e-01
335 4.851325913485869e-01
336 4.851325913485873e-01
337 4.851325913485869e-01
338 4.851325913485875e-01
339 4.851325913485874e-01
340 4.851325913485880e-01
341 4.851325913485875e-01
342 4.851325913485878e-01
343 4.851325913485878e-01
344 4.851325913485879e-01
345 4.851325913485878e-01
346 4.851325913485873e-01
347 4.851325913485874e-01
348 4.851325913485875e-01
349 4.851325913485872e-01
350 4.851325913485878e-01
351 4.851325913485872e-01
352 4.851325913485904e-01
353 4.851325913485854e-01
354 4.851325913485871e-01
355 4.851325913485874e-01
356 4.851325913485884e-01
357 4.851325913485885e-01
358 4.851325913485856e-01
359 4.851325913485889e-01
360 4.851325913485890e-01
361 4.851325913485858e-01
362 4.851325913485878e-01
363 4.851325913485844e-01
364 4.851325913485873e-01
365 4.851325913485888e-01
366 4.851325913485857e-01
367 4.851325913485862e-01
368 4.851325913485878e-01
369 4.851325913485869e-01
370 4.851325913485867e-01
371 4.851325913485864e-01
372 4.851325913485846e-01
373 4.851325913485872e-01
374 4.851325913485862e-01
375 4.851325913485870e-01
376 4.851325913485862e-01
377 4.851325913485856e-01
378 4.851325913485868e-01
379 4.851325913485864e-01
380 4.851325913485866e-01
381 4.851325913485869e-01
382 5.832136982159497e-01
383 5.832136982159496e-01
384 5.832136982159490e-01
385 5.832136982159490e-01
386 5.832136982159485e-01
387 5.832136982159483e-01
388 5.832136982159490e-01
389 5.832136982159490e-01
390 5.832136982159486e-01
391 5.832136982159485e-01
392 5.832136982159490e-01
393 5.832136982159490e-01
394 5.832136982159493e-01
395 5.832136982159490e-01
396 5.832136982159492e-01
397 5.832136982159488e-01
398 5.832136982159490e-01
399 5.832136982159493e-01
400 5.832136982159493e-01
401 5.832136982159495e-01
402 5.832136982159492e-01
403 5.832136982159493e-01
404 5.832136982159488e-01
405 5.832136982159490e-01
406 5.832136982159494e-01
407 5.832136982159490e-01
408 5.832136982159496e-01
409 5.832136982159493e-01
410 5.832136982159495e-01
411 5.832136982159488e-01
412 5.832136982159495e-01
413 5.832136982159490e-01
414 5.832136982159490e-01
415 5.832136982159499e-01
416 5.832136982159493e-01
417 5.832136982159490e-01
418 5.832136982159487e-01
419 5.832136982159493e-01
420 5.832136982159493e-01
421 5.832136982159493e-01
422 5.832136982159493e-01
423 5.832136982159492e-01
424 5.832136982159493e-01
425 5.832136982159496e-01
426 5.832136982159488e-01
427 5.832136982159487e-01
428 5.832136982159488e-01
429 5.832136982159492e-01
430 5.832136982159488e-01
431 5.832136982159488e-01
432 5.832136982159493e-01
433 5.832136982159483e-01
434 5.832136982159488e-01
435 5.832136982159492e-01
436 5.832136982159489e-01
437 5.832136982159490e-01
438 5.832136982159486e-01
439 5.832136982159486e-01
440 5.832136982159482e-01
441 5.832136982159485e-01
442 5.832136982159487e-01
443 5.832136982159486e-01
444 5.832136982159489e-01
445 5.832136982159490e-01
446 5.832136982159494e-01
447 5.832136982159489e-01
448 5.832136982159495e-01
449 5.832136982159495e-01
450 5.832136982159493e-01
451 5.832136982159486e-01
452 5.832136982159490e-01
453 5.832136982159492e-01
454 5.832136982159487e-01
455 5.832136982159487e-01
456 5.832136982159488e-01
457 5.832136982159486e-01
458 5.832136982159483e-01
459 5.832136982159486e-01
460 5.832136982159489e-01
461 5.832136982159492e-01
462 5.832136982159482e-01
463 5.832136982159484e-01
464 5.832136982159489e-01
465 5.832136982159490e-01
466 5.832136982159486e-01
467 5.832136982159486e-01
468 5.832136982159488e-01
469 5.832136982159488e-01
470 5.832136982159495e-01
471 5.832136982159493e-01
472 5.832136982159493e-01
473 5.832136982159490e-01
474 5.832136982159488e-01
475 5.832136982159488e-01
476 5.832136982159486e-01
477 5.832136982159490e-01
478 5.832136982159488e-01
479 5.832136982159488e-01
480 5.832136982159489e-01
481 5.832136982159493e-01
482 5.832136982159492e-01
483 5.832136982159490e-01
484 5.832136982159493e-01
485 5.832136982159488e-01
486 5.832136982159488e-01
487 5.832136982159492e-01
488 5.832136982159488e-01
489 5.832136982159489e-01
490 5.832136982159499e-01
491 5.832136982159492e-01
492 5.832136982159494e-01
493 5.832136982159494e-01
494 5.832136982159495e-01
495 5.832136982159492e-01
496 5.832136982159488e-01
497 5.832136982159490e-01
498 5.832136982159497e-01
499 5.832136982159497e-01
500 5.832136982159488e-01
501 5.832136982159490e-01
502 5.832136982159494e-01
503 5.832136982159493e-01
504 5.832136982159493e-01
505 5.832136982159490e-01
506 5.832136982159490e-01
507 5.832136982159493e-01
508 5.832136982159493e-01
509 5.832136982159493e-01
510 5.832136982159487e-01
511 5.832136982159489e-01
512 5.832136982159485e-01
513 5.832136982159492e-01
514 5.832136982159489e-01
515 5.832136982159488e-01
516 5.832136982159488e-01
517 5.832136982159486e-01
518 5.832136982159492e-01
519 5.832136982159490e-01
520 5.832136982159487e-01
521 5.832136982159488e-01
522 5.832136982159486e-01
523 5.832136982159484e-01
524 5.832136982159486e-01
525 5.832136982159488e-01
526 5.832136982159489e-01
527 5.832136982159489e-01
528 5.832136982159493e-01
529 5.832136982159490e-01
530 5.832136982159486e-01
531 5.832136982159488e-01
532 5.832136982159493e-01
533 5.832136982159489e-01
534 5.832136982159490e-01
535 5.832136982159493e-01
536 5.832136982159496e-01
537 5.832136982159493e-01
538 5.832136982159497e-01
539 5.832136982159501e-01
540 5.832136982159497e-01
541 5.832136982159490e-01
542 5.832136982159499e-01
543 5.832136982159494e-01
544 5.832136982159493e-01
545 5.832136982159495e-01
546 5.832136982159486e-01
547 5.832136982159485e-01
548 5.832136982159487e-01
549 5.832136982159489e-01
550 5.832136982159486e-01
551 5.832136982159490e-01
552 5.832136982159490e-01
553 5.832136982159484e-01
554 5.832136982159489e-01
555 5.832136982159493e-01
556 5.832136982159493e-01
557 5.832136982159493e-01
558 5.832136982159494e-01
559 5.832136982159497e-01
560 5.832136982159490e-01
561 5.832136982159496e-01
562 5.832136982159488e-01
563 5.832136982159499e-01
564 5.832136982159494e-01
565 5.832136982159487e-01
566 5.832136982159489e-01
567 5.832136982159488e-01
568 5.832136982159493e-01
569 5.832136982159490e-01
570 5.832136982159490e-01
571 5.832136982159490e-01
572 5.832136982159492e-01
573 5.832136982159493e-01
574 5.832136982159489e-01
575 5.832136982159493e-01
576 5.832136982159490e-01
577 5.832136982159488e-01
578 5.832136982159493e-01
579 5.832136982159493e-01
580 5.832136982159490e-01
581 5.832136982159490e-01
582 5.832136982159493e-01
583 5.832136982159495e-01
584 5.832136982159497e-01
585 5.832136982159493e-01
586 5.832136982159486e-01
587 5.832136982159492e-01
588 5.832136982159488e-01
589 5.832136982159488e-01
590 5.832136982159489e-01
591 5.832136982159484e-01
592 5.832136982159499e-01
593 5.832136982159497e-01
594 5.832136982159496e-01
595 5.832136982159495e-01
596 5.832136982159492e-01
597 5.832136982159493e-01
598 5.832136982159498e-01
599 5.832136982159499e-01
600 5.832136982159490e-01
601 5.832136982159496e-01
602 5.832136982159497e-01
603 5.832136982159498e-01
604 5.832136982159493e-01
605 5.832136982159486e-01
606 5.832136982159488e-01
607 5.832136982159489e-01
608 5.832136982159490e-01
609 5.832136982159487e-01
610 5.832136982159488e-01
611 5.832136982159495e-01
612 5.832136982159501e-01
613 5.832136982159496e-01
614 5.832136982159489e-01
615 5.832136982159490e-01
616 5.832136982159492e-01
617 5.832136982159487e-01
618 5.832136982159488e-01
619 5.832136982159486e-01
620 5.832136982159489e-01
621 5.832136982159494e-01
622 5.832136982159497e-01
623 5.832136982159496e-01
624 5.832136982159479e-01
625 5.832136982159479e-01
626 5.832136982159496e-01
627 5.832136982159493e-01
628 5.832136982159494e-01
629 5.832136982159492e-01
630 5.832136982159486e-01
631 5.832136982159490e-01
632 5.832136982159489e-01
633 5.832136982159490e-01
634 5.832136982159489e-01
635 5.832136982159489e-01
636 5.832136982159487e-01
637 5.832136982159488e-01
638 5.832136982159486e-01
639 5.832136982159482e-01
640 5.832136982159496e-01
641 5.832136982159493e-01
642 5.832136982159482e-01
643 5.832136982159486e-01
644 5.832136982159488e-01
645 5.832136982159488e-01
646 5.832136982159486e-01
647 5.832136982159494e-01
648 5.832136982159493e-01
649 5.832136982159488e-01
650 5.832136982159496e-01
651 5.832136982159490e-01
652 5.832136982159493e-01
653 5.832136982159495e-01
654 5.832136982159494e-01
655 5.832136982159495e-01
656 5.832136982159488e-01
657 5.832136982159490e-01
658 5.832136982159487e-01
659 5.832136982159486e-01
660 5.832136982159487e-01
661 5.832136982159486e-01
662 5.832136982159492e-01
663 5.832136982159498e-01
664 5.832136982159492e-01
665 5.832136982159488e-01
666 5.832136982159487e-01
667 5.832136982159488e-01
668 5.832136982159488e-01
669 5.832136982159490e-01
670 5.832136982159487e-01
671 5.832136982159489e-01
672 5.832136982159494e-01
673 5.832136982159495e-01
674 5.832136982159490e-01
675 5.832136982159493e-01
676 5.832136982159487e-01
677 5.832136982159493e-01
678 5.832136982159498e-01
679 5.832136982159497e-01
680 5.832136982159494e-01
681 5.832136982159493e-01
682 5.832136982159485e-01
683 5.832136982159486e-01
684 5.832136982159492e-01
685 5.832136982159490e-01
686 5.832136982159489e-01
687 5.832136982159492e-01
688 5.832136982159486e-01
689 5.832136982159490e-01
690 5.832136982159494e-01
691 5.832136982159487e-01
692 5.832136982159494e-01
693 5.832136982159498e-01
694 5.832136982159489e-01
695 5.832136982159492e-01
696 5.832136982159492e-01
697 5.832136982159495e-01
698 5.832136982159488e-01
699 5.832136982159489e-01
700 5.832136982159490e-01
701 5.832136982159485e-01
702 5.832136982159509e-01
703 5.832136982159498e-01
704 5.832136982159484e-01
705 5.832136982159497e-01
706 5.832136982159482e-01
707 5.832136982159495e-01
708 5.832136982159480e-01
709 5.832136982159486e-01
710 5.832136982159504e-01
711 5.832136982159492e-01
712 5.832136982159480e-01
713 5.832136982159493e-01
714 5.832136982159474e-01
715 5.832136982159514e-01
716 5.832136982159492e-01
717 5.832136982159484e-01
718 5.832136982159509e-01
719 5.832136982159513e-01
720 5.832136982159490e-01
721 5.832136982159477e-01
722 5.832136982159484e-01
723 5.832136982159498e-01
724 5.832136982159521e-01
725 5.832136982159504e-01
726 5.832136982159430e-01
727 5.832136982159521e-01
728 5.832136982159511e-01
729 5.832136982159513e-01
730 5.832136982159513e-01
731 5.832136982159482e-01
732 5.832136982159517e-01
733 5.832136982159470e-01
734 5.832136982159513e-01
735 5.832136982159488e-01
736 5.832136982159508e-01
737 5.832136982159495e-01
738 5.832136982159497e-01
739 5.832136982159519e-01
740 5.832136982159504e-01
741 5.832136982159499e-01
742 5.832136982159450e-01
743 5.832136982159516e-01
744 5.832136982159477e-01
745 5.832136982159484e-01
746 5.832136982159515e-01
747 5.832136982159509e-01
748 5.832136982159468e-01
749 5.832136982159526e-01
750 5.832136982159457e-01
751 5.832136982159475e-01
752 5.832136982159478e-01
753 5.832136982159467e-01
754 5.832136982159484e-01
755 5.832136982159484e-01
756 5.832136982159486e-01
757 5.832136982159488e-01
758 5.832136982159486e-01
759 5.832136982159488e-01
760 5.832136982159483e-01
761 5.832136982159488e-01
762 5.832136982159486e-01
763 5.832136982159493e-01
764 5.832136982159506e-01
765 5.832136982159493e-01


#a = 1.000000
1 4.426799016756199e-01
2 4.426799016756198e-01
3 4.426799016756194e-01
4 4.643540751633435e-01
5 4.643540751633426e-01
6 4.643540751633423e-01
7 4.643540751633437e-01
8 4.643540751633431e-01
9 4.643540751633417e-01
10 4.680400932823542e-01
11 4.680400932823541e-01
12 4.680400932823537e-01
13 4.680400932823535e-01
14 4.680400932823549e-01
15 4.680400932823546e-01
16 4.680400932823548e-01
17 4.680400932823552e-01
18 4.680400932823549e-01
19 4.680400932823542e-01
20 4.680400932823515e-01
21 4.680400932823497e-01
22 4.468169007181970e-01
23 4.468169007181975e-01
24 4.468169007181969e-01
25 4.468169007181966e-01
26 4.468169007181967e-01
27 4.468169007181976e-01
28 4.468169007181957e-01
29 4.468169007181952e-01
30 4.468169007181962e-01
31 4.468169007181964e-01
32 4.468169007181966e-01
33 4.468169007181976e-01
34 4.468169007181967e-01
35 4.468169007181971e-01
36 4.468169007181975e-01
37 4.468169007181964e-01
38 4.468169007181961e-01
39 4.468169007181958e-01
40 4.468169007181967e-01
41 4.468169007181960e-01
42 4.468169007181976e-01
43 4.468169007181987e-01
44 4.468169007181947e-01
45 4.468169007181952e-01
46 4.770127960232735e-01
47 4.770127960232745e-01
48 4.770127960232734e-01
49 4.770127960232746e-01
50 4.770127960232736e-01
51 4.770127960232732e-01
52 4.770127960232732e-01
53 4.770127960232731e-01
54 4.770127960232752e-01
55 4.770127960232743e-01
56 4.770127960232752e-01
57 4.770127960232751e-01
58 4.770127960232747e-01
59 4.770127960232749e-01
60 4.770127960232743e-01
61 4.770127960232738e-01
62 4.770127960232741e-01
63 4.770127960232745e-01
64 4.770127960232731e-01
65 4.770127960232746e-01
66 4.770127960232729e-01
67 4.770127960232732e-01
68 4.770127960232740e-01
69 4.770127960232749e-01
70 4.770127960232738e-01
71 4.770127960232737e-01
72 4.770127960232748e-01
73 4.770127960232744e-01
74 4.770127960232743e-01
75 4.770127960232745e-01
76 4.770127960232744e-01
77 4.770127960232744e-01
78 4.770127960232744e-01
79 4.770127960232736e-01
80 4.770127960232738e-01
81 4.770127960232725e-01
82 4.770127960232730e-01
83 4.770127960232734e-01
84 4.770127960232741e-01
85 4.770127960232738e-01
86 4.770127960232741e-01
87 4.770127960232752e-01
88 4.770127960232752e-01
89 4.770127960232764e-01
90 4.770127960232766e-01
91 4.770127960232753e-01
92 4.770127960232752e-01
93 4.770127960232743e-01
94 4.231811956790251e-01
95 4.231811956790249e-01
96 4.231811956790248e-01
97 4.231811956790248e-01
98 4.231811956790249e-01
99 4.231811956790258e-01
100 4.231811956790255e-01
101 4.231811956790257e-01
102 4.231811956790239e-01
103 4.231811956790242e-01
104 4.231811956790249e-01
105 4.231811956790248e-01
106 4.231811956790259e-01
107 4.231811956790262e-01
108 4.231811956790257e-01
109 4.231811956790263e-01
110 4.231811956790263e-01
111 4.231811956790261e-01
112 4.231811956790258e-01
113 4.231811956790260e-01
114 4.231811956790267e-01
115 4.231811956790265e-01
116 4.231811956790268e-01
117 4.231811956790263e-01
118 4.231811956790258e-01
119 4.231811956790258e-01
120 4.231811956790262e-01
121 4.231811956790268e-01
122 4.231811956790252e-01
123 4.231811956790253e-01
124 4.231811956790252e-01
125 4.231811956790253e-01
126 4.231811956790259e-01
127 4.231811956790253e-01
128 4.231811956790258e-01
129 4.231811956790261e-01
130 4.231811956790257e-01
131 4.231811956790256e-01
132 4.231811956790253e-01
133 4.231811956790253e-01
134 4.231811956790251e-01
135 4.231811956790256e-01
136 4.231811956790253e-01
137 4.231811956790248e-01
138 4.231811956790246e-01
139 4.231811956790255e-01
140 4.231811956790253e-01
141 4.231811956790249e-01
142 4.231811956790255e-01
143 4.231811956790251e-01
144 4.231811956790253e-01
145 4.231811956790249e-01
146 4.231811956790246e-01
147 4.231811956790248e-01
148 4.231811956790253e-01
149 4.231811956790252e-01
150 4.231811956790248e-01
151 4.231811956790246e-01
152 4.231811956790256e-01
153 4.231811956790245e-01
154 4.231811956790258e-01
155 4.231811956790257e-01
156 4.231811956790255e-01
157 4.231811956790265e-01
158 4.231811956790271e-01
159 4.231811956790262e-01
160 4.231811956790262e-01
161 4.231811956790266e-01
162 4.231811956790233e-01
163 4.231811956790237e-01
164 4.231811956790242e-01
165 4.231811956790235e-01
166 4.231811956790257e-01
167 4.231811956790249e-01
168 4.231811956790251e-01
169 4.231811956790247e-01
170 4.231811956790258e-01
171 4.231811956790271e-01
172 4.231811956790257e-01
173 4.231811956790252e-01
174 4.231811956790240e-01
175 4.231811956790259e-01
176 4.231811956790273e-01
177 4.231811956790272e-01
178 4.231811956790242e-01
179 4.231811956790280e-01
180 4.231811956790252e-01
181 4.231811956790271e-01
182 4.231811956790257e-01
183 4.231811956790260e-01
184 4.231811956790226e-01
185 4.231811956790250e-01
186 4.231811956790247e-01
187 4.231811956790258e-01
188 4.231811956790247e-01
189 4.231811956790256e-01
190 4.772119036975748e-01
191 4.772119036975748e-01
192 4.772119036975742e-01
193 4.772119036975748e-01
194 4.772119036975747e-01
195 4.772119036975740e-01
196 4.772119036975742e-01
197 4.772119036975743e-01
198 4.772119036975757e-01
199 4.772119036975753e-01
200 4.772119036975755e-01
201 4.772119036975757e-01
202 4.772119036975749e-01
203 4.772119036975746e-01
204 4.772119036975749e-01
205 4.772119036975747e-01
206 4.772119036975740e-01
207 4.772119036975738e-01
208 4.772119036975748e-01
209 4.772119036975749e-01
210 4.772119036975748e-01
211 4.772119036975750e-01
212 4.772119036975748e-01
213 4.772119036975745e-01
214 4.772119036975752e-01
215 4.772119036975750e-01
216 4.772119036975753e-01
217 4.772119036975752e-01
218 4.772119036975750e-01
219 4.772119036975743e-01
220 4.772119036975748e-01
221 4.772119036975748e-01
222 4.772119036975744e-01
223 4.772119036975742e-01
224 4.772119036975752e-01
225 4.772119036975747e-01
226 4.772119036975752e-01
227 4.772119036975746e-01
228 4.772119036975749e-01
229 4.772119036975752e-01
230 4.772119036975748e-01
231 4.772119036975743e-01
232 4.772119036975753e-01
233 4.772119036975748e-01
234 4.772119036975742e-01
235 4.772119036975752e-01
236 4.772119036975747e-01
237 4.772119036975743e-01
238 4.772119036975747e-01
239 4.772119036975745e-01
240 4.772119036975747e-01
241 4.772119036975748e-01
242 4.772119036975747e-01
243 4.772119036975753e-01
244 4.772119036975753e-01
245 4.772119036975750e-01
246 4.772119036975755e-01
247 4.772119036975755e-01
248 4.772119036975751e-01
249 4.772119036975749e-01
250 4.772119036975758e-01
251 4.772119036975758e-01
252 4.772119036975757e-01
253 4.772119036975757e-01
254 4.772119036975755e-01
255 4.772119036975756e-01
256 4.772119036975758e-01
257 4.772119036975755e-01
258 4.772119036975750e-01
259 4.772119036975756e-01
260 4.772119036975749e-01
261 4.772119036975746e-01
262 4.772119036975734e-01
263 4.772119036975744e-01
264 4.772119036975742e-01
265 4.772119036975748e-01
266 4.772119036975750e-01
267 4.772119036975757e-01
268 4.772119036975758e-01
269 4.772119036975756e-01
270 4.772119036975756e-01
271 4.772119036975747e-01
272 4.772119036975755e-01
273 4.772119036975761e-01
274 4.772119036975757e-01
275 4.772119036975756e-01
276 4.772119036975750e-01
277 4.772119036975754e-01
278 4.772119036975748e-01
279 4.772119036975749e-01
280 4.772119036975749e-01
281 4.772119036975743e-01
282 4.772119036975756e-01
283 4.772119036975757e-01
284 4.772119036975749e-01
285 4.772119036975754e-01
286 4.772119036975743e-01
287 4.772119036975745e-01
288 4.772119036975742e-01
289 4.772119036975746e-01
290 4.772119036975745e-01
291 4.772119036975753e-01
292 4.772119036975746e-01
293 4.772119036975754e-01
294 4.772119036975753e-01
295 4.772119036975756e-01
296 4.772119036975756e-01
297 4.772119036975754e-01
298 4.772119036975752e-01
299 4.772119036975755e-01
300 4.772119036975752e-01
301 4.772119036975751e-01
302 4.772119036975744e-01
303 4.772119036975743e-01
304 4.772119036975749e-01
305 4.772119036975745e-01
306 4.772119036975753e-01
307 4.772119036975748e-01
308 4.772119036975749e-01
309 4.772119036975752e-01
310 4.772119036975752e-01
311 4.772119036975744e-01
312 4.772119036975747e-01
313 4.772119036975754e-01
314 4.772119036975746e-01
315 4.772119036975738e-01
316 4.772119036975745e-01
317 4.772119036975747e-01
318 4.772119036975760e-01
319 4.772119036975755e-01
320 4.772119036975750e-01
321 4.772119036975758e-01
322 4.772119036975758e-01
323 4.772119036975763e-01
324 4.772119036975759e-01
325 4.772119036975758e-01
326 4.772119036975759e-01
327 4.772119036975750e-01
328 4.772119036975756e-01
329 4.772119036975753e-01
330 4.772119036975755e-01
331 4.772119036975748e-01
332 4.772119036975743e-01
333 4.772119036975750e-01
334 4.772119036975753e-01
335 4.772119036975753e-01
336 4.772119036975748e-01
337 4.772119036975750e-01
338 4.772119036975749e-01
339 4.772119036975748e-01
340 4.772119036975754e-01
341 4.772119036975754e-01
342 4.772119036975763e-01
343 4.772119036975752e-01
344 4.772119036975753e-01
345 4.772119036975763e-01
346 4.772119036975765e-01
347 4.772119036975752e-01
348 4.772119036975760e-01
349 4.772119036975761e-01
350 4.772119036975743e-01
351 4.772119036975758e-01
352 4.772119036975755e-01
353 4.772119036975735e-01
354 4.772119036975744e-01
355 4.772119036975749e-01
356 4.772119036975736e-01
357 4.772119036975790e-01
358 4.772119036975821e-01
359 4.772119036975703e-01
360 4.772119036975775e-01
361 4.772119036975736e-01
362 4.772119036975762e-01
363 4.772119036975737e-01
364 4.772119036975747e-01
365 4.772119036975754e-01
366 4.772119036975747e-01
367 4.772119036975761e-01
368 4.772119036975793e-01
369 4.772119036975734e-01
370 4.772119036975716e-01
371 4.772119036975750e-01
372 4.772119036975772e-01
373 4.772119036975744e-01
374 4.772119036975740e-01
375 4.772119036975738e-01
376 4.772119036975746e-01
377 4.772119036975755e-01
378 4.772119036975733e-01
379 4.772119036975729e-01
380 4.772119036975748e-01
381 4.772119036975726e-01
382 5.471440501999840e-01
383 5.471440501999836e-01
384 5.471440501999836e-01
385 5.471440501999835e-01
386 5.471440501999818e-01
387 5.471440501999819e-01
388 5.471440501999821e-01
389 5.471440501999816e-01
390 5.471440501999829e-01
391 5.471440501999827e-01
392 5.471440501999829e-01
393 5.471440501999830e-01
394 5.471440501999816e-01
395 5.471440501999814e-01
396 5.471440501999816e-01
397 5.471440501999816e-01
398 5.471440501999825e-01
399 5.471440501999815e-01
400 5.471440501999820e-01
401 5.471440501999824e-01
402 5.471440501999829e-01
403 5.471440501999825e-01
404 5.471440501999831e-01
405 5.471440501999830e-01
406 5.471440501999827e-01
407 5.471440501999829e-01
408 5.471440501999829e-01
409 5.471440501999834e-01
410 5.471440501999831e-01
411 5.471440501999835e-01
412 5.471440501999829e-01
413 5.471440501999835e-01
414 5.471440501999825e-01
415 5.471440501999834e-01
416 5.471440501999830e-01
417 5.471440501999831e-01
418 5.471440501999826e-01
419 5.471440501999826e-01
420 5.471440501999825e-01
421 5.471440501999827e-01
422 5.471440501999818e-01
423 5.471440501999819e-01
424 5.471440501999817e-01
425 5.471440501999818e-01
426 5.471440501999840e-01
427 5.471440501999836e-01
428 5.471440501999836e-01
429 5.471440501999837e-01
430 5.471440501999838e-01
431 5.471440501999838e-01
432 5.471440501999839e-01
433 5.471440501999840e-01
434 5.471440501999818e-01
435 5.471440501999814e-01
436 5.471440501999818e-01
437 5.471440501999818e-01
438 5.471440501999842e-01
439 5.471440501999829e-01
440 5.471440501999836e-01
441 5.471440501999832e-01
442 5.471440501999841e-01
443 5.471440501999847e-01
444 5.471440501999851e-01
445 5.471440501999847e-01
446 5.471440501999819e-01
447 5.471440501999820e-01
448 5.471440501999834e-01
449 5.471440501999825e-01
450 5.471440501999831e-01
451 5.471440501999831e-01
452 5.471440501999827e-01
453 5.471440501999827e-01
454 5.471440501999826e-01
455 5.471440501999822e-01
456 5.471440501999826e-01
457 5.471440501999821e-01
458 5.471440501999832e-01
459 5.471440501999834e-01
460 5.471440501999828e-01
461 5.471440501999832e-01
462 5.471440501999834e-01
463 5.471440501999839e-01
464 5.471440501999832e-01
465 5.471440501999832e-01
466 5.471440501999824e-01
467 5.471440501999825e-01
468 5.471440501999827e-01
469 5.471440501999830e-01
470 5.471440501999811e-01
471 5.471440501999841e-01
472 5.471440501999825e-01
473 5.471440501999825e-01
474 5.471440501999826e-01
475 5.471440501999819e-01
476 5.471440501999820e-01
477 5.471440501999820e-01
478 5.471440501999821e-01
479 5.471440501999820e-01
480 5.471440501999821e-01
481 5.471440501999818e-01
482 5.471440501999815e-01
483 5.471440501999820e-01
484 5.471440501999818e-01
485 5.471440501999811e-01
486 5.471440501999826e-01
487 5.471440501999840e-01
488 5.471440501999829e-01
489 5.471440501999836e-01
490 5.471440501999817e-01
491 5.471440501999831e-01
492 5.471440501999834e-01
493 5.471440501999826e-01
494 5.471440501999821e-01
495 5.471440501999831e-01
496 5.471440501999829e-01
497 5.471440501999822e-01
498 5.471440501999830e-01
499 5.471440501999828e-01
500 5.471440501999829e-01
501 5.471440501999829e-01
502 5.471440501999824e-01
503 5.471440501999827e-01
504 5.471440501999825e-01
505 5.471440501999825e-01
506 5.471440501999834e-01
507 5.471440501999836e-01
508 5.471440501999834e-01
509 5.471440501999831e-01
510 5.471440501999809e-01
511 5.471440501999811e-01
512 5.471440501999814e-01
513 5.471440501999812e-01
514 5.471440501999831e-01
515 5.471440501999822e-01
516 5.471440501999830e-01
517 5.471440501999829e-01
518 5.471440501999825e-01
519 5.471440501999838e-01
520 5.471440501999821e-01
521 5.471440501999820e-01
522 5.471440501999834e-01
523 5.471440501999842e-01
524 5.471440501999838e-01
525 5.471440501999836e-01
526 5.471440501999817e-01
527 5.471440501999822e-01
528 5.471440501999809e-01
529 5.471440501999818e-01
530 5.471440501999825e-01
531 5.471440501999834e-01
532 5.471440501999831e-01
533 5.471440501999825e-01
534 5.471440501999837e-01
535 5.471440501999836e-01
536 5.471440501999838e-01
537 5.471440501999835e-01
538 5.471440501999829e-01
539 5.471440501999834e-01
540 5.471440501999827e-01
541 5.471440501999831e-01
542 5.471440501999820e-01
543 5.471440501999825e-01
544 5.471440501999829e-01
545 5.471440501999821e-01
546 5.471440501999838e-01
547 5.471440501999836e-01
548 5.471440501999827e-01
549 5.471440501999831e-01
550 5.471440501999836e-01
551 5.471440501999831e-01
552 5.471440501999840e-01
553 5.471440501999834e-01
554 5.471440501999830e-01
555 5.471440501999827e-01
556 5.471440501999829e-01
557 5.471440501999825e-01
558 5.471440501999826e-01
559 5.471440501999825e-01
560 5.471440501999816e-01
561 5.471440501999828e-01
562 5.471440501999839e-01
563 5.471440501999830e-01
564 5.471440501999838e-01
565 5.471440501999834e-01
566 5.471440501999820e-01
567 5.471440501999820e-01
568 5.471440501999827e-01
569 5.471440501999822e-01
570 5.471440501999825e-01
571 5.471440501999831e-01
572 5.471440501999836e-01
573 5.471440501999822e-01
574 5.471440501999827e-01
575 5.471440501999822e-01
576 5.471440501999820e-01
577 5.471440501999824e-01
578 5.471440501999827e-01
579 5.471440501999829e-01
580 5.471440501999836e-01
581 5.471440501999831e-01
582 5.471440501999829e-01
583 5.471440501999828e-01
584 5.471440501999836e-01
585 5.471440501999819e-01
586 5.471440501999835e-01
587 5.471440501999838e-01
588 5.471440501999826e-01
589 5.471440501999834e-01
590 5.471440501999834e-01
591 5.471440501999827e-01
592 5.471440501999838e-01
593 5.471440501999828e-01
594 5.471440501999836e-01
595 5.471440501999834e-01
596 5.471440501999831e-01
597 5.471440501999845e-01
598 5.471440501999832e-01
599 5.471440501999840e-01
600 5.471440501999832e-01
601 5.471440501999828e-01
602 5.471440501999832e-01
603 5.471440501999829e-01
604 5.471440501999836e-01
605 5.471440501999838e-01
606 5.471440501999824e-01
607 5.471440501999827e-01
608 5.471440501999825e-01
609 5.471440501999829e-01
610 5.471440501999816e-01
611 5.471440501999826e-01
612 5.471440501999831e-01
613 5.471440501999820e-01
614 5.471440501999822e-01
615 5.471440501999836e-01
616 5.471440501999836e-01
617 5.471440501999838e-01
618 5.471440501999828e-01
619 5.471440501999809e-01
620 5.471440501999814e-01
621 5.471440501999816e-01
622 5.471440501999838e-01
623 5.471440501999810e-01
624 5.471440501999832e-01
625 5.471440501999829e-01
626 5.471440501999827e-01
627 5.471440501999807e-01
628 5.471440501999818e-01
629 5.471440501999815e-01
630 5.471440501999821e-01
631 5.471440501999805e-01
632 5.471440501999831e-01
633 5.471440501999835e-01
634 5.471440501999827e-01
635 5.471440501999822e-01
636 5.471440501999826e-01
637 5.471440501999817e-01
638 5.471440501999820e-01
639 5.471440501999825e-01
640 5.471440501999829e-01
641 5.471440501999821e-01
642 5.471440501999826e-01
643 5.471440501999834e-01
644 5.471440501999817e-01
645 5.471440501999825e-01
646 5.471440501999830e-01
647 5.471440501999826e-01
648 5.471440501999826e-01
649 5.471440501999818e-01
650 5.471440501999841e-01
651 5.471440501999839e-01
652 5.471440501999840e-01
653 5.471440501999845e-01
654 5.471440501999822e-01
655 5.471440501999805e-01
656 5.471440501999818e-01
657 5.471440501999816e-01
658 5.471440501999821e-01
659 5.471440501999829e-01
660 5.471440501999829e-01
661 5.471440501999831e-01
662 5.471440501999829e-01
663 5.471440501999831e-01
664 5.471440501999836e-01
665 5.471440501999831e-01
666 5.471440501999840e-01
667 5.471440501999825e-01
668 5.471440501999842e-01
669 5.471440501999828e-01
670 5.471440501999817e-01
671 5.471440501999830e-01
672 5.471440501999822e-01
673 5.471440501999829e-01
674 5.471440501999828e-01
675 5.471440501999837e-01
676 5.471440501999829e-01
677 5.471440501999822e-01
678 5.471440501999832e-01
679 5.471440501999822e-01
680 5.471440501999827e-01
681 5.471440501999827e-01
682 5.471440501999822e-01
683 5.471440501999824e-01
684 5.471440501999814e-01
685 5.471440501999826e-01
686 5.471440501999825e-01
687 5.471440501999830e-01
688 5.471440501999845e-01
689 5.471440501999818e-01
690 5.471440501999851e-01
691 5.471440501999820e-01
692 5.471440501999804e-01
693 5.471440501999835e-01
694 5.471440501999817e-01
695 5.471440501999817e-01
696 5.471440501999826e-01
697 5.471440501999837e-01
698 5.471440501999829e-01
699 5.471440501999820e-01
700 5.471440501999828e-01
701 5.471440501999831e-01
702 5.471440501999785e-01
703 5.471440501999825e-01
704 5.471440501999798e-01
705 5.471440501999852e-01
706 5.471440501999848e-01
707 5.471440501999776e-01
708 5.471440501999807e-01
709 5.471440501999842e-01
710 5.471440501999858e-01
711 5.471440501999794e-01
712 5.471440501999800e-01
713 5.471440501999878e-01
714 5.471440501999835e-01
715 5.471440501999830e-01
716 5.471440501999811e-01
717 5.471440501999800e-01
718 5.471440501999798e-01
719 5.471440501999753e-01
720 5.471440501999894e-01
721 5.471440501999867e-01
722 5.471440501999789e-01
723 5.471440501999804e-01
724 5.471440501999819e-01
725 5.471440501999867e-01
726 5.471440501999836e-01
727 5.471440501999805e-01
728 5.471440501999824e-01
729 5.471440501999832e-01
730 5.471440501999802e-01
731 5.471440501999840e-01
732 5.471440501999807e-01
733 5.471440501999835e-01
734 5.471440501999861e-01
735 5.471440501999810e-01
736 5.471440501999866e-01
737 5.471440501999785e-01
738 5.471440501999889e-01
739 5.471440501999684e-01
740 5.471440501999816e-01
741 5.471440501999867e-01
742 5.471440501999851e-01
743 5.471440501999867e-01
744 5.471440501999827e-01
745 5.471440501999846e-01
746 5.471440501999703e-01
747 5.471440501999856e-01
748 5.471440501999859e-01
749 5.471440501999797e-01
750 5.471440501999847e-01
751 5.471440501999822e-01
752 5.471440501999832e-01
753 5.471440501999860e-01
754 5.471440501999814e-01
755 5.471440501999827e-01
756 5.471440501999818e-01
757 5.471440501999818e-01
758 5.471440501999805e-01
759 5.471440501999805e-01
760 5.471440501999811e-01
761 5.471440501999807e-01
762 5.471440501999828e-01
763 5.471440501999821e-01
764 5.471440501999797e-01
765 5.471440501999789e-01


#a = 2.000000
1 4.627927430251073e-01
2 4.627927430251072e-01
3 4.627927430251082e-01
4 4.612687832495022e-01
5 4.612687832495024e-01
6 4.612687832495020e-01
7 4.612687832495018e-01
8 4.612687832495024e-01
9 4.612687832495015e-01
10 4.647087272307667e-01
11 4.647087272307668e-01
12 4.647087272307683e-01
13 4.647087272307678e-01
14 4.647087272307658e-01
15 4.647087272307642e-01
16 4.647087272307649e-01
17 4.647087272307651e-01
18 4.647087272307697e-01
19 4.647087272307697e-01
20 4.647087272307706e-01
21 4.647087272307704e-01
22 4.646775852964778e-01
23 4.646775852964780e-01
24 4.646775852964790e-01
25 4.646775852964801e-01
26 4.646775852964780e-01
27 4.646775852964775e-01
28 4.646775852964776e-01
29 4.646775852964780e-01
30 4.646775852964773e-01
31 4.646775852964766e-01
32 4.646775852964769e-01
33 4.646775852964763e-01
34 4.646775852964754e-01
35 4.646775852964750e-01
36 4.646775852964760e-01
37 4.646775852964758e-01
38 4.646775852964772e-01
39 4.646775852964778e-01
40 4.646775852964775e-01
41 4.646775852964770e-01
42 4.646775852964768e-01
43 4.646775852964757e-01
44 4.646775852964766e-01
45 4.646775852964771e-01
46 4.665664078171832e-01
47 4.665664078171837e-01
48 4.665664078171849e-01
49 4.665664078171844e-01
50 4.665664078171834e-01
51 4.665664078171848e-01
52 4.665664078171867e-01
53 4.665664078171873e-01
54 4.665664078171847e-01
55 4.665664078171837e-01
56 4.665664078171847e-01
57 4.665664078171849e-01
58 4.665664078171844e-01
59 4.665664078171848e-01
60 4.665664078171855e-01
61 4.665664078171853e-01
62 4.665664078171837e-01
63 4.665664078171837e-01
64 4.665664078171840e-01
65 4.665664078171842e-01
66 4.665664078171840e-01
67 4.665664078171841e-01
68 4.665664078171839e-01
69 4.665664078171837e-01
70 4.665664078171843e-01
71 4.665664078171847e-01
72 4.665664078171838e-01
73 4.665664078171839e-01
74 4.665664078171842e-01
75 4.665664078171841e-01
76 4.665664078171834e-01
77 4.665664078171832e-01
78 4.665664078171850e-01
79 4.665664078171844e-01
80 4.665664078171854e-01
81 4.665664078171851e-01
82 4.665664078171845e-01
83 4.665664078171856e-01
84 4.665664078171841e-01
85 4.665664078171843e-01
86 4.665664078171847e-01
87 4.665664078171864e-01
88 4.665664078171868e-01
89 4.665664078171887e-01
90 4.665664078171853e-01
91 4.665664078171843e-01
92 4.665664078171831e-01
93 4.665664078171863e-01
94 4.811169680862909e-01
95 4.811169680862908e-01
96 4.811169680862906e-01
97 4.811169680862905e-01
98 4.811169680862912e-01
99 4.811169680862912e-01
100 4.811169680862910e-01
101 4.811169680862907e-01
102 4.811169680862902e-01
103 4.811169680862902e-01
104 4.811169680862900e-01
105 4.811169680862903e-01
106 4.811169680862914e-01
107 4.811169680862913e-01
108 4.811169680862913e-01
109 4.811169680862911e-01
110 4.811169680862915e-01
111 4.811169680862915e-01
112 4.811169680862914e-01
113 4.811169680862909e-01
114 4.811169680862920e-01
115 4.811169680862918e-01
116 4.811169680862912e-01
117 4.811169680862913e-01
118 4.811169680862919e-01
119 4.811169680862918e-01
120 4.811169680862922e-01
121 4.811169680862921e-01
122 4.811169680862915e-01
123 4.811169680862920e-01
124 4.811169680862919e-01
125 4.811169680862917e-01
126 4.811169680862912e-01
127 4.811169680862916e-01
128 4.811169680862913e-01
129 4.811169680862916e-01
130 4.811169680862913e-01
131 4.811169680862911e-01
132 4.811169680862923e-01
133 4.811169680862917e-01
134 4.811169680862923e-01
135 4.811169680862928e-01
136 4.811169680862927e-01
137 4.811169680862927e-01
138 4.811169680862915e-01
139 4.811169680862913e-01
140 4.811169680862910e-01
141 4.811169680862910e-01
142 4.811169680862915e-01
143 4.811169680862907e-01
144 4.811169680862916e-01
145 4.811169680862908e-01
146 4.811169680862907e-01
147 4.811169680862907e-01
148 4.811169680862917e-01
149 4.811169680862918e-01
150 4.811169680862922e-01
151 4.811169680862923e-01
152 4.811169680862923e-01
153 4.811169680862917e-01
154 4.811169680862919e-01
155 4.811169680862921e-01
156 4.811169680862917e-01
157 4.811169680862924e-01
158 4.811169680862913e-01
159 4.811169680862912e-01
160 4.811169680862922e-01
161 4.811169680862917e-01
162 4.811169680862921e-01
163 4.811169680862916e-01
164 4.811169680862920e-01
165 4.811169680862918e-01
166 4.811169680862922e-01
167 4.811169680862910e-01
168 4.811169680862923e-01
169 4.811169680862918e-01
170 4.811169680862913e-01
171 4.811169680862919e-01
172 4.811169680862925e-01
173 4.811169680862929e-01
174 4.811169680862912e-01
175 4.811169680862911e-01
176 4.811169680862921e-01
177 4.811169680862932e-01
178 4.811169680862868e-01
179 4.811169680862897e-01
180 4.811169680862905e-01
181 4.811169680862880e-01
182 4.811169680862923e-01
183 4.811169680862982e-01
184 4.811169680862851e-01
185 4.811169680862927e-01
186 4.811169680862928e-01
187 4.811169680862925e-01
188 4.811169680862885e-01
189 4.811169680862891e-01
190 4.759969654070169e-01
191 4.759969654070166e-01
192 4.759969654070173e-01
193 4.759969654070170e-01
194 4.759969654070177e-01
195 4.759969654070179e-01
196 4.759969654070176e-01
197 4.759969654070173e-01
198 4.759969654070180e-01
199 4.759969654070179e-01
200 4.759969654070172e-01
201 4.759969654070177e-01
202 4.759969654070177e-01
203 4.759969654070179e-01
204 4.759969654070177e-01
205 4.759969654070179e-01
206 4.759969654070175e-01
207 4.759969654070179e-01
208 4.759969654070173e-01
209 4.759969654070181e-01
210 4.759969654070179e-01
211 4.759969654070176e-01
212 4.759969654070182e-01
213 4.759969654070178e-01
214 4.759969654070185e-01
215 4.759969654070180e-01
216 4.759969654070185e-01
217 4.759969654070179e-01
218 4.759969654070175e-01
219 4.759969654070168e-01
220 4.759969654070177e-01
221 4.759969654070177e-01
222 4.759969654070179e-01
223 4.759969654070179e-01
224 4.759969654070172e-01
225 4.759969654070176e-01
226 4.759969654070177e-01
227 4.759969654070179e-01
228 4.759969654070182e-01
229 4.759969654070179e-01
230 4.759969654070183e-01
231 4.759969654070179e-01
232 4.759969654070176e-01
233 4.759969654070181e-01
234 4.759969654070181e-01
235 4.759969654070175e-01
236 4.759969654070178e-01
237 4.759969654070179e-01
238 4.759969654070177e-01
239 4.759969654070184e-01
240 4.759969654070180e-01
241 4.759969654070177e-01
242 4.759969654070181e-01
243 4.759969654070183e-01
244 4.759969654070179e-01
245 4.759969654070178e-01
246 4.759969654070170e-01
247 4.759969654070174e-01
248 4.759969654070172e-01
249 4.759969654070177e-01
250 4.759969654070182e-01
251 4.759969654070182e-01
252 4.759969654070180e-01
253 4.759969654070182e-01
254 4.759969654070177e-01
255 4.759969654070175e-01
256 4.759969654070170e-01
257 4.759969654070171e-01
258 4.759969654070179e-01
259 4.759969654070182e-01
260 4.759969654070177e-01
261 4.759969654070179e-01
262 4.759969654070174e-01
263 4.759969654070172e-01
264 4.759969654070175e-01
265 4.759969654070181e-01
266 4.759969654070168e-01
267 4.759969654070170e-01
268 4.759969654070172e-01
269 4.759969654070174e-01
270 4.759969654070182e-01
271 4.759969654070177e-01
272 4.759969654070182e-01
273 4.759969654070178e-01
274 4.759969654070175e-01
275 4.759969654070170e-01
276 4.759969654070174e-01
277 4.759969654070173e-01
278 4.759969654070171e-01
279 4.759969654070182e-01
280 4.759969654070175e-01
281 4.759969654070173e-01
282 4.759969654070173e-01
283 4.759969654070180e-01
284 4.759969654070179e-01
285 4.759969654070185e-01
286 4.759969654070179e-01
287 4.759969654070183e-01
288 4.759969654070190e-01
289 4.759969654070177e-01
290 4.759969654070175e-01
291 4.759969654070176e-01
292 4.759969654070172e-01
293 4.759969654070181e-01
294 4.759969654070184e-01
295 4.759969654070177e-01
296 4.759969654070182e-01
297 4.759969654070181e-01
298 4.759969654070172e-01
299 4.759969654070179e-01
300 4.759969654070174e-01
301 4.759969654070171e-01
302 4.759969654070170e-01
303 4.759969654070168e-01
304 4.759969654070165e-01
305 4.759969654070171e-01
306 4.759969654070176e-01
307 4.759969654070181e-01
308 4.759969654070176e-01
309 4.759969654070177e-01
310 4.759969654070167e-01
311 4.759969654070164e-01
312 4.759969654070166e-01
313 4.759969654070166e-01
314 4.759969654070169e-01
315 4.759969654070181e-01
316 4.759969654070167e-01
317 4.759969654070178e-01
318 4.759969654070160e-01
319 4.759969654070164e-01
320 4.759969654070163e-01
321 4.759969654070181e-01
322 4.759969654070181e-01
323 4.759969654070174e-01
324 4.759969654070168e-01
325 4.759969654070177e-01
326 4.759969654070179e-01
327 4.759969654070174e-01
328 4.759969654070178e-01
329 4.759969654070172e-01
330 4.759969654070178e-01
331 4.759969654070174e-01
332 4.759969654070170e-01
333 4.759969654070180e-01
334 4.759969654070174e-01
335 4.759969654070180e-01
336 4.759969654070179e-01
337 4.759969654070177e-01
338 4.759969654070174e-01
339 4.759969654070165e-01
340 4.759969654070171e-01
341 4.759969654070167e-01
342 4.759969654070190e-01
343 4.759969654070172e-01
344 4.759969654070189e-01
345 4.759969654070175e-01
346 4.759969654070164e-01
347 4.759969654070208e-01
348 4.759969654070200e-01
349 4.759969654070162e-01
350 4.759969654070165e-01
351 4.759969654070210e-01
352 4.759969654070195e-01
353 4.759969654070199e-01
354 4.759969654070200e-01
355 4.759969654070161e-01
356 4.759969654070162e-01
357 4.759969654070181e-01
358 4.759969654070157e-01
359 4.759969654070252e-01
360 4.759969654070214e-01
361 4.759969654070205e-01
362 4.759969654070190e-01
363 4.759969654070180e-01
364 4.759969654070170e-01
365 4.759969654070207e-01
366 4.759969654070227e-01
367 4.759969654070152e-01
368 4.759969654070234e-01
369 4.759969654070089e-01
370 4.759969654070114e-01
371 4.759969654070229e-01
372 4.759969654070027e-01
373 4.759969654070298e-01
374 4.759969654070102e-01
375 4.759969654070249e-01
376 4.759969654070157e-01
377 4.759969654070210e-01
378 4.759969654070197e-01
379 4.759969654070185e-01
380 4.759969654070212e-01
381 4.759969654070165e-01
382 5.084864363370311e-01
383 5.084864363370319e-01
384 5.084864363370316e-01
385 5.084864363370315e-01
386 5.084864363370315e-01
387 5.084864363370318e-01
388 5.084864363370303e-01
389 5.084864363370331e-01
390 5.084864363370314e-01
391 5.084864363370312e-01
392 5.084864363370309e-01
393 5.084864363370315e-01
394 5.084864363370316e-01
395 5.084864363370307e-01
396 5.084864363370316e-01
397 5.084864363370315e-01
398 5.084864363370316e-01
399 5.084864363370316e-01
400 5.084864363370323e-01
401 5.084864363370312e-01
402 5.084864363370314e-01
403 5.084864363370317e-01
404 5.084864363370319e-01
405 5.084864363370318e-01
406 5.084864363370309e-01
407 5.084864363370318e-01
408 5.084864363370315e-01
409 5.084864363370313e-01
410 5.084864363370323e-01
411 5.084864363370316e-01
412 5.084864363370314e-01
413 5.084864363370321e-01
414 5.084864363370305e-01
415 5.084864363370324e-01
416 5.084864363370314e-01
417 5.084864363370312e-01
418 5.084864363370312e-01
419 5.084864363370316e-01
420 5.084864363370318e-01
421 5.084864363370308e-01
422 5.084864363370319e-01
423 5.084864363370314e-01
424 5.084864363370315e-01
425 5.084864363370323e-01
426 5.084864363370312e-01
427 5.084864363370318e-01
428 5.084864363370318e-01
429 5.084864363370309e-01
430 5.084864363370321e-01
431 5.084864363370313e-01
432 5.084864363370319e-01
433 5.084864363370319e-01
434 5.084864363370312e-01
435 5.084864363370312e-01
436 5.084864363370314e-01
437 5.084864363370317e-01
438 5.084864363370323e-01
439 5.084864363370318e-01
440 5.084864363370321e-01
441 5.084864363370316e-01
442 5.084864363370316e-01
443 5.084864363370321e-01
444 5.084864363370321e-01
445 5.084864363370312e-01
446 5.084864363370318e-01
447 5.084864363370315e-01
448 5.084864363370312e-01
449 5.084864363370323e-01
450 5.084864363370309e-01
451 5.084864363370321e-01
452 5.084864363370321e-01
453 5.084864363370314e-01
454 5.084864363370311e-01
455 5.084864363370318e-01
456 5.084864363370318e-01
457 5.084864363370313e-01
458 5.084864363370309e-01
459 5.084864363370316e-01
460 5.084864363370317e-01
461 5.084864363370316e-01
462 5.084864363370309e-01
463 5.084864363370318e-01
464 5.084864363370321e-01
465 5.084864363370314e-01
466 5.084864363370315e-01
467 5.084864363370322e-01
468 5.084864363370321e-01
469 5.084864363370309e-01
470 5.084864363370305e-01
471 5.084864363370331e-01
472 5.084864363370312e-01
473 5.084864363370314e-01
474 5.084864363370316e-01
475 5.084864363370318e-01
476 5.084864363370314e-01
477 5.084864363370314e-01
478 5.084864363370313e-01
479 5.084864363370323e-01
480 5.084864363370314e-01
481 5.084864363370316e-01
482 5.084864363370311e-01
483 5.084864363370314e-01
484 5.084864363370314e-01
485 5.084864363370316e-01
486 5.084864363370337e-01
487 5.084864363370301e-01
488 5.084864363370303e-01
489 5.084864363370337e-01
490 5.084864363370318e-01
491 5.084864363370316e-01
492 5.084864363370321e-01
493 5.084864363370312e-01
494 5.084864363370279e-01
495 5.084864363370352e-01
496 5.084864363370296e-01
497 5.084864363370334e-01
498 5.084864363370325e-01
499 5.084864363370312e-01
500 5.084864363370315e-01
501 5.084864363370316e-01
502 5.084864363370316e-01
503 5.084864363370319e-01
504 5.084864363370331e-01
505 5.084864363370304e-01
506 5.084864363370325e-01
507 5.084864363370316e-01
508 5.084864363370318e-01
509 5.084864363370318e-01
510 5.084864363370323e-01
511 5.084864363370315e-01
512 5.084864363370321e-01
513 5.084864363370317e-01
514 5.084864363370321e-01
515 5.084864363370321e-01
516 5.084864363370303e-01
517 5.084864363370336e-01
518 5.084864363370315e-01
519 5.084864363370322e-01
520 5.084864363370311e-01
521 5.084864363370319e-01
522 5.084864363370314e-01
523 5.084864363370317e-01
524 5.084864363370323e-01
525 5.084864363370308e-01
526 5.084864363370322e-01
527 5.084864363370307e-01
528 5.084864363370313e-01
529 5.084864363370318e-01
530 5.084864363370296e-01
531 5.084864363370328e-01
532 5.084864363370308e-01
533 5.084864363370318e-01
534 5.084864363370318e-01
535 5.084864363370306e-01
536 5.084864363370312e-01
537 5.084864363370322e-01
538 5.084864363370314e-01
539 5.084864363370317e-01
540 5.084864363370316e-01
541 5.084864363370312e-01
542 5.084864363370294e-01
543 5.084864363370341e-01
544 5.084864363370317e-01
545 5.084864363370314e-01
546 5.084864363370312e-01
547 5.084864363370322e-01
548 5.084864363370325e-01
549 5.084864363370309e-01
550 5.084864363370329e-01
551 5.084864363370301e-01
552 5.084864363370307e-01
553 5.084864363370317e-01
554 5.084864363370314e-01
555 5.084864363370324e-01
556 5.084864363370316e-01
557 5.084864363370316e-01
558 5.084864363370298e-01
559 5.084864363370329e-01
560 5.084864363370311e-01
561 5.084864363370309e-01
562 5.084864363370338e-01
563 5.084864363370301e-01
564 5.084864363370296e-01
565 5.084864363370347e-01
566 5.084864363370297e-01
567 5.084864363370339e-01
568 5.084864363370312e-01
569 5.084864363370316e-01
570 5.084864363370295e-01
571 5.084864363370341e-01
572 5.084864363370307e-01
573 5.084864363370321e-01
574 5.084864363370303e-01
575 5.084864363370329e-01
576 5.084864363370311e-01
577 5.084864363370324e-01
578 5.084864363370325e-01
579 5.084864363370299e-01
580 5.084864363370325e-01
581 5.084864363370308e-01
582 5.084864363370323e-01
583 5.084864363370309e-01
584 5.084864363370324e-01
585 5.084864363370314e-01
586 5.084864363370324e-01
587 5.084864363370309e-01
588 5.084864363370306e-01
589 5.084864363370339e-01
590 5.084864363370331e-01
591 5.084864363370302e-01
592 5.084864363370331e-01
593 5.084864363370314e-01
594 5.084864363370307e-01
595 5.084864363370316e-01
596 5.084864363370303e-01
597 5.084864363370318e-01
598 5.084864363370353e-01
599 5.084864363370272e-01
600 5.084864363370306e-01
601 5.084864363370318e-01
602 5.084864363370312e-01
603 5.084864363370325e-01
604 5.084864363370325e-01
605 5.084864363370309e-01
606 5.084864363370322e-01
607 5.084864363370314e-01
608 5.084864363370321e-01
609 5.084864363370316e-01
610 5.084864363370341e-01
611 5.084864363370283e-01
612 5.084864363370321e-01
613 5.084864363370301e-01
614 5.084864363370296e-01
615 5.084864363370326e-01
616 5.084864363370288e-01
617 5.084864363370327e-01
618 5.084864363370355e-01
619 5.084864363370275e-01
620 5.084864363370322e-01
621 5.084864363370309e-01
622 5.084864363370312e-01
623 5.084864363370305e-01
624 5.084864363370284e-01
625 5.084864363370336e-01
626 5.084864363370325e-01
627 5.084864363370302e-01
628 5.084864363370314e-01
629 5.084864363370316e-01
630 5.084864363370305e-01
631 5.084864363370325e-01
632 5.084864363370286e-01
633 5.084864363370333e-01
634 5.084864363370324e-01
635 5.084864363370316e-01
636 5.084864363370333e-01
637 5.084864363370292e-01
638 5.084864363370329e-01
639 5.084864363370305e-01
640 5.084864363370316e-01
641 5.084864363370311e-01
642 5.084864363370202e-01
643 5.084864363370418e-01
644 5.084864363370285e-01
645 5.084864363370334e-01
646 5.084864363370297e-01
647 5.084864363370335e-01
648 5.084864363370307e-01
649 5.084864363370332e-01
650 5.084864363370326e-01
651 5.084864363370303e-01
652 5.084864363370302e-01
653 5.084864363370325e-01
654 5.084864363370308e-01
655 5.084864363370324e-01
656 5.084864363370324e-01
657 5.084864363370328e-01
658 5.084864363370349e-01
659 5.084864363370288e-01
660 5.084864363370316e-01
661 5.084864363370332e-01
662 5.084864363370331e-01
663 5.084864363370312e-01
664 5.084864363370373e-01
665 5.084864363370274e-01
666 5.084864363370271e-01
667 5.084864363370358e-01
668 5.084864363370326e-01
669 5.084864363370299e-01
670 5.084864363370308e-01
671 5.084864363370318e-01
672 5.084864363370225e-01
673 5.084864363370398e-01
674 5.084864363370305e-01
675 5.084864363370323e-01
676 5.084864363370284e-01
677 5.084864363370326e-01
678 5.084864363370297e-01
679 5.084864363370333e-01
680 5.084864363370332e-01
681 5.084864363370311e-01
682 5.084864363370312e-01
683 5.084864363370326e-01
684 5.084864363370291e-01
685 5.084864363370342e-01
686 5.084864363370275e-01
687 5.084864363370349e-01
688 5.084864363370347e-01
689 5.084864363370279e-01
690 5.084864363370341e-01
691 5.084864363370312e-01
692 5.084864363370295e-01
693 5.084864363370352e-01
694 5.084864363370381e-01
695 5.084864363370285e-01
696 5.084864363370133e-01
697 5.084864363370482e-01
698 5.084864363370336e-01
699 5.084864363370265e-01
700 5.084864363370492e-01
701 5.084864363370132e-01
702 5.084864363370319e-01
703 5.084864363370337e-01
704 5.084864363370355e-01
705 5.084864363370255e-01
706 5.084864363370262e-01
707 5.084864363370371e-01
708 5.084864363370262e-01
709 5.084864363370348e-01
710 5.084864363370167e-01
711 5.084864363370505e-01
712 5.084864363370456e-01
713 5.084864363370234e-01
714 5.084864363370405e-01
715 5.084864363370258e-01
716 5.084864363370296e-01
717 5.084864363370375e-01
718 5.084864363370158e-01
719 5.084864363370525e-01
720 5.084864363370319e-01
721 5.084864363370341e-01
722 5.084864363370303e-01
723 5.084864363370315e-01
724 5.084864363370354e-01
725 5.084864363370285e-01
726 5.084864363370286e-01
727 5.084864363370294e-01
728 5.084864363370328e-01
729 5.084864363370291e-01
730 5.084864363370372e-01
731 5.084864363370285e-01
732 5.084864363370343e-01
733 5.084864363370301e-01
734 5.084864363370291e-01
735 5.084864363370325e-01
736 5.084864363370462e-01
737 5.084864363370177e-01
738 5.084864363370392e-01
739 5.084864363370256e-01
740 5.084864363370454e-01
741 5.084864363370309e-01
742 5.084864363370249e-01
743 5.084864363370346e-01
744 5.084864363370426e-01
745 5.084864363370257e-01
746 5.084864363370136e-01
747 5.084864363370574e-01
748 5.084864363370347e-01
749 5.084864363370181e-01
750 5.084864363370258e-01
751 5.084864363370367e-01
752 5.084864363370217e-01
753 5.084864363370413e-01
754 5.084864363370293e-01
755 5.084864363370346e-01
756 5.084864363370334e-01
757 5.084864363370278e-01
758 5.084864363370304e-01
759 5.084864363370337e-01
760 5.084864363370314e-01
761 5.084864363370337e-01
762 5.084864363370367e-01
763 5.084864363370331e-01
764 5.084864363370377e-01
765 5.084864363370314e-01


#a = 3.000000
1 4.624170078616539e-01
2 4.624170078616541e-01
3 4.624170078616542e-01
4 4.645179292001326e-01
5 4.645179292001327e-01
6 4.645179292001317e-01
7 4.645179292001316e-01
8 4.645179292001318e-01
9 4.645179292001326e-01
10 4.654604234851621e-01
11 4.654604234851616e-01
12 4.654604234851631e-01
13 4.654604234851626e-01
14 4.654604234851606e-01
15 4.654604234851614e-01
16 4.654604234851606e-01
17 4.654604234851611e-01
18 4.654604234851643e-01
19 4.654604234851643e-01
20 4.654604234851628e-01
21 4.654604234851644e-01
22 4.687506389153303e-01
23 4.687506389153300e-01
24 4.687506389153310e-01
25 4.687506389153308e-01
26 4.687506389153296e-01
27 4.687506389153293e-01
28 4.687506389153296e-01
29 4.687506389153295e-01
30 4.687506389153295e-01
31 4.687506389153305e-01
32 4.687506389153293e-01
33 4.687506389153301e-01
34 4.687506389153303e-01
35 4.687506389153304e-01
36 4.687506389153305e-01
37 4.687506389153310e-01
38 4.687506389153291e-01
39 4.687506389153301e-01
40 4.687506389153301e-01
41 4.687506389153302e-01
42 4.687506389153339e-01
43 4.687506389153311e-01
44 4.687506389153319e-01
45 4.687506389153319e-01
46 4.682775648628085e-01
47 4.682775648628078e-01
48 4.682775648628097e-01
49 4.682775648628090e-01
50 4.682775648628102e-01
51 4.682775648628096e-01
52 4.682775648628088e-01
53 4.682775648628084e-01
54 4.682775648628109e-01
55 4.682775648628108e-01
56 4.682775648628112e-01
57 4.682775648628115e-01
58 4.682775648628081e-01
59 4.682775648628065e-01
60 4.682775648628086e-01
61 4.682775648628082e-01
62 4.682775648628092e-01
63 4.682775648628094e-01
64 4.682775648628104e-01
65 4.682775648628104e-01
66 4.682775648628107e-01
67 4.682775648628102e-01
68 4.682775648628098e-01
69 4.682775648628097e-01
70 4.682775648628097e-01
71 4.682775648628092e-01
72 4.682775648628085e-01
73 4.682775648628085e-01
74 4.682775648628096e-01
75 4.682775648628092e-01
76 4.682775648628096e-01
77 4.682775648628097e-01
78 4.682775648628091e-01
79 4.682775648628092e-01
80 4.682775648628076e-01
81 4.682775648628077e-01
82 4.682775648628094e-01
83 4.682775648628099e-01
84 4.682775648628109e-01
85 4.682775648628097e-01
86 4.682775648628093e-01
87 4.682775648628112e-01
88 4.682775648628082e-01
89 4.682775648628140e-01
90 4.682775648628110e-01
91 4.682775648628061e-01
92 4.682775648628085e-01
93 4.682775648628099e-01
94 4.774646673093732e-01
95 4.774646673093734e-01
96 4.774646673093723e-01
97 4.774646673093722e-01
98 4.774646673093739e-01
99 4.774646673093733e-01
100 4.774646673093736e-01
101 4.774646673093733e-01
102 4.774646673093744e-01
103 4.774646673093747e-01
104 4.774646673093744e-01
105 4.774646673093740e-01
106 4.774646673093737e-01
107 4.774646673093726e-01
108 4.774646673093745e-01
109 4.774646673093738e-01
110 4.774646673093742e-01
111 4.774646673093741e-01
112 4.774646673093748e-01
113 4.774646673093748e-01
114 4.774646673093730e-01
115 4.774646673093735e-01
116 4.774646673093739e-01
117 4.774646673093736e-01
118 4.774646673093738e-01
119 4.774646673093735e-01
120 4.774646673093742e-01
121 4.774646673093738e-01
122 4.774646673093735e-01
123 4.774646673093739e-01
124 4.774646673093736e-01
125 4.774646673093736e-01
126 4.774646673093743e-01
127 4.774646673093735e-01
128 4.774646673093745e-01
129 4.774646673093746e-01
130 4.774646673093740e-01
131 4.774646673093740e-01
132 4.774646673093734e-01
133 4.774646673093729e-01
134 4.774646673093737e-01
135 4.774646673093741e-01
136 4.774646673093745e-01
137 4.774646673093745e-01
138 4.774646673093744e-01
139 4.774646673093745e-01
140 4.774646673093753e-01
141 4.774646673093744e-01
142 4.774646673093742e-01
143 4.774646673093742e-01
144 4.774646673093736e-01
145 4.774646673093740e-01
146 4.774646673093724e-01
147 4.774646673093733e-01
148 4.774646673093732e-01
149 4.774646673093728e-01
150 4.774646673093748e-01
151 4.774646673093739e-01
152 4.774646673093743e-01
153 4.774646673093748e-01
154 4.774646673093736e-01
155 4.774646673093734e-01
156 4.774646673093741e-01
157 4.774646673093734e-01
158 4.774646673093713e-01
159 4.774646673093716e-01
160 4.774646673093694e-01
161 4.774646673093701e-01
162 4.774646673093730e-01
163 4.774646673093729e-01
164 4.774646673093739e-01
165 4.774646673093742e-01
166 4.774646673093741e-01
167 4.774646673093738e-01
168 4.774646673093727e-01
169 4.774646673093734e-01
170 4.774646673093750e-01
171 4.774646673093708e-01
172 4.774646673093731e-01
173 4.774646673093755e-01
174 4.774646673093716e-01
175 4.774646673093743e-01
176 4.774646673093732e-01
177 4.774646673093750e-01
178 4.774646673093724e-01
179 4.774646673093688e-01
180 4.774646673093729e-01
181 4.774646673093738e-01
182 4.774646673093708e-01
183 4.774646673093715e-01
184 4.774646673093648e-01
185 4.774646673093917e-01
186 4.774646673093802e-01
187 4.774646673093724e-01
188 4.774646673093709e-01
189 4.774646673093729e-01
190 4.856480839120092e-01
191 4.856480839120089e-01
192 4.856480839120085e-01
193 4.856480839120085e-01
194 4.856480839120089e-01
195 4.856480839120096e-01
196 4.856480839120095e-01
197 4.856480839120093e-01
198 4.856480839120087e-01
199 4.856480839120085e-01
200 4.856480839120083e-01
201 4.856480839120080e-01
202 4.856480839120093e-01
203 4.856480839120094e-01
204 4.856480839120094e-01
205 4.856480839120095e-01
206 4.856480839120099e-01
207 4.856480839120097e-01
208 4.856480839120090e-01
209 4.856480839120093e-01
210 4.856480839120093e-01
211 4.856480839120096e-01
212 4.856480839120097e-01
213 4.856480839120099e-01
214 4.856480839120091e-01
215 4.856480839120089e-01
216 4.856480839120089e-01
217 4.856480839120089e-01
218 4.856480839120092e-01
219 4.856480839120090e-01
220 4.856480839120091e-01
221 4.856480839120091e-01
222 4.856480839120094e-01
223 4.856480839120093e-01
224 4.856480839120091e-01
225 4.856480839120092e-01
226 4.856480839120099e-01
227 4.856480839120095e-01
228 4.856480839120096e-01
229 4.856480839120096e-01
230 4.856480839120098e-01
231 4.856480839120095e-01
232 4.856480839120094e-01
233 4.856480839120098e-01
234 4.856480839120094e-01
235 4.856480839120089e-01
236 4.856480839120097e-01
237 4.856480839120095e-01
238 4.856480839120094e-01
239 4.856480839120087e-01
240 4.856480839120089e-01
241 4.856480839120090e-01
242 4.856480839120096e-01
243 4.856480839120094e-01
244 4.856480839120094e-01
245 4.856480839120095e-01
246 4.856480839120104e-01
247 4.856480839120092e-01
248 4.856480839120091e-01
249 4.856480839120096e-01
250 4.856480839120093e-01
251 4.856480839120091e-01
252 4.856480839120091e-01
253 4.856480839120093e-01
254 4.856480839120090e-01
255 4.856480839120096e-01
256 4.856480839120090e-01
257 4.856480839120096e-01
258 4.856480839120093e-01
259 4.856480839120091e-01
260 4.856480839120099e-01
261 4.856480839120091e-01
262 4.856480839120097e-01
263 4.856480839120096e-01
264 4.856480839120096e-01
265 4.856480839120093e-01
266 4.856480839120095e-01
267 4.856480839120089e-01
268 4.856480839120102e-01
269 4.856480839120098e-01
270 4.856480839120089e-01
271 4.856480839120098e-01
272 4.856480839120094e-01
273 4.856480839120092e-01
274 4.856480839120091e-01
275 4.856480839120093e-01
276 4.856480839120095e-01
277 4.856480839120093e-01
278 4.856480839120091e-01
279 4.856480839120093e-01
280 4.856480839120086e-01
281 4.856480839120089e-01
282 4.856480839120091e-01
283 4.856480839120093e-01
284 4.856480839120091e-01
285 4.856480839120102e-01
286 4.856480839120093e-01
287 4.856480839120082e-01
288 4.856480839120077e-01
289 4.856480839120102e-01
290 4.856480839120081e-01
291 4.856480839120085e-01
292 4.856480839120088e-01
293 4.856480839120074e-01
294 4.856480839120074e-01
295 4.856480839120093e-01
296 4.856480839120090e-01
297 4.856480839120086e-01
298 4.856480839120104e-01
299 4.856480839120095e-01
300 4.856480839120098e-01
301 4.856480839120099e-01
302 4.856480839120079e-01
303 4.856480839120101e-01
304 4.856480839120082e-01
305 4.856480839120102e-01
306 4.856480839120091e-01
307 4.856480839120086e-01
308 4.856480839120089e-01
309 4.856480839120093e-01
310 4.856480839120102e-01
311 4.856480839120083e-01
312 4.856480839120079e-01
313 4.856480839120088e-01
314 4.856480839120089e-01
315 4.856480839120092e-01
316 4.856480839120082e-01
317 4.856480839120110e-01
318 4.856480839120098e-01
319 4.856480839120098e-01
320 4.856480839120104e-01
321 4.856480839120086e-01
322 4.856480839120086e-01
323 4.856480839120101e-01
324 4.856480839120075e-01
325 4.856480839120107e-01
326 4.856480839120099e-01
327 4.856480839120094e-01
328 4.856480839120121e-01
329 4.856480839120086e-01
330 4.856480839120109e-01
331 4.856480839120081e-01
332 4.856480839120074e-01
333 4.856480839120104e-01
334 4.856480839120094e-01
335 4.856480839120093e-01
336 4.856480839120111e-01
337 4.856480839120095e-01
338 4.856480839120140e-01
339 4.856480839120083e-01
340 4.856480839120115e-01
341 4.856480839120128e-01
342 4.856480839120051e-01
343 4.856480839120113e-01
344 4.856480839120174e-01
345 4.856480839120073e-01
346 4.856480839120030e-01
347 4.856480839120174e-01
348 4.856480839120100e-01
349 4.856480839120101e-01
350 4.856480839120095e-01
351 4.856480839120128e-01
352 4.856480839120135e-01
353 4.856480839120084e-01
354 4.856480839120028e-01
355 4.856480839120230e-01
356 4.856480839120078e-01
357 4.856480839120136e-01
358 4.856480839119974e-01
359 4.856480839120244e-01
360 4.856480839120144e-01
361 4.856480839120121e-01
362 4.856480839120113e-01
363 4.856480839120136e-01
364 4.856480839120066e-01
365 4.856480839120078e-01
366 4.856480839120113e-01
367 4.856480839120005e-01
368 4.856480839120109e-01
369 4.856480839120062e-01
370 4.856480839119976e-01
371 4.856480839120281e-01
372 4.856480839120153e-01
373 4.856480839119602e-01
374 4.856480839119860e-01
375 4.856480839120186e-01
376 4.856480839120133e-01
377 4.856480839120124e-01
378 4.856480839120076e-01
379 4.856480839120111e-01
380 4.856480839120089e-01
381 4.856480839120055e-01
382 4.079219942884825e-01
383 4.079219942884821e-01
384 4.079219942884800e-01
385 4.079219942884843e-01
386 4.079219942884813e-01
387 4.079219942884824e-01
388 4.079219942884823e-01
389 4.079219942884812e-01
390 4.079219942884815e-01
391 4.079219942884822e-01
392 4.079219942884815e-01
393 4.079219942884822e-01
394 4.079219942884822e-01
395 4.079219942884815e-01
396 4.079219942884816e-01
397 4.079219942884822e-01
398 4.079219942884819e-01
399 4.079219942884822e-01
400 4.079219942884821e-01
401 4.079219942884818e-01
402 4.079219942884825e-01
403 4.079219942884812e-01
404 4.079219942884822e-01
405 4.079219942884812e-01
406 4.079219942884820e-01
407 4.079219942884827e-01
408 4.079219942884829e-01
409 4.079219942884815e-01
410 4.079219942884824e-01
411 4.079219942884823e-01
412 4.079219942884823e-01
413 4.079219942884821e-01
414 4.079219942884827e-01
415 4.079219942884822e-01
416 4.079219942884816e-01
417 4.079219942884832e-01
418 4.079219942884822e-01
419 4.079219942884826e-01
420 4.079219942884826e-01
421 4.079219942884822e-01
422 4.079219942884826e-01
423 4.079219942884816e-01
424 4.079219942884822e-01
425 4.079219942884823e-01
426 4.079219942884820e-01
427 4.079219942884827e-01
428 4.079219942884842e-01
429 4.079219942884804e-01
430 4.079219942884825e-01
431 4.079219942884824e-01
432 4.079219942884822e-01
433 4.079219942884826e-01
434 4.079219942884846e-01
435 4.079219942884791e-01
436 4.079219942884820e-01
437 4.079219942884818e-01
438 4.079219942884824e-01
439 4.079219942884823e-01
440 4.079219942884807e-01
441 4.079219942884840e-01
442 4.079219942884843e-01
443 4.079219942884819e-01
444 4.079219942884815e-01
445 4.079219942884840e-01
446 4.079219942884812e-01
447 4.079219942884822e-01
448 4.079219942884843e-01
449 4.079219942884799e-01
450 4.079219942884814e-01
451 4.079219942884819e-01
452 4.079219942884814e-01
453 4.079219942884829e-01
454 4.079219942884820e-01
455 4.079219942884825e-01
456 4.079219942884844e-01
457 4.079219942884800e-01
458 4.079219942884810e-01
459 4.079219942884833e-01
460 4.079219942884821e-01
461 4.079219942884820e-01
462 4.079219942884820e-01
463 4.079219942884823e-01
464 4.079219942884821e-01
465 4.079219942884826e-01
466 4.079219942884807e-01
467 4.079219942884830e-01
468 4.079219942884830e-01
469 4.079219942884807e-01
470 4.079219942884829e-01
471 4.079219942884807e-01
472 4.079219942884825e-01
473 4.079219942884813e-01
474 4.079219942884835e-01
475 4.079219942884803e-01
476 4.079219942884813e-01
477 4.079219942884820e-01
478 4.079219942884894e-01
479 4.079219942884749e-01
480 4.079219942884829e-01
481 4.079219942884819e-01
482 4.079219942884819e-01
483 4.079219942884822e-01
484 4.079219942884809e-01
485 4.079219942884834e-01
486 4.079219942884847e-01
487 4.079219942884789e-01
488 4.079219942884850e-01
489 4.079219942884787e-01
490 4.079219942884825e-01
491 4.079219942884825e-01
492 4.079219942884824e-01
493 4.079219942884825e-01
494 4.079219942884809e-01
495 4.079219942884845e-01
496 4.079219942884820e-01
497 4.079219942884832e-01
498 4.079219942884825e-01
499 4.079219942884825e-01
500 4.079219942884855e-01
501 4.079219942884788e-01
502 4.079219942884819e-01
503 4.079219942884825e-01
504 4.079219942884825e-01
505 4.079219942884820e-01
506 4.079219942884823e-01
507 4.079219942884820e-01
508 4.079219942884818e-01
509 4.079219942884826e-01
510 4.079219942884875e-01
511 4.079219942884765e-01
512 4.079219942884804e-01
513 4.079219942884833e-01
514 4.079219942884830e-01
515 4.079219942884812e-01
516 4.079219942884818e-01
517 4.079219942884831e-01
518 4.079219942884810e-01
519 4.079219942884841e-01
520 4.079219942884826e-01
521 4.079219942884825e-01
522 4.079219942884823e-01
523 4.079219942884809e-01
524 4.079219942884762e-01
525 4.079219942884872e-01
526 4.079219942884853e-01
527 4.079219942884782e-01
528 4.079219942884815e-01
529 4.079219942884821e-01
530 4.079219942884825e-01
531 4.079219942884829e-01
532 4.079219942884821e-01
533 4.079219942884829e-01
534 4.079219942884832e-01
535 4.079219942884812e-01
536 4.079219942884816e-01
537 4.079219942884836e-01
538 4.079219942884830e-01
539 4.079219942884821e-01
540 4.079219942884829e-01
541 4.079219942884822e-01
542 4.079219942884811e-01
543 4.079219942884829e-01
544 4.079219942884824e-01
545 4.079219942884815e-01
546 4.079219942884886e-01
547 4.079219942884769e-01
548 4.079219942884814e-01
549 4.079219942884831e-01
550 4.079219942884869e-01
551 4.079219942884768e-01
552 4.079219942884825e-01
553 4.079219942884824e-01
554 4.079219942884820e-01
555 4.079219942884824e-01
556 4.079219942884823e-01
557 4.079219942884827e-01
558 4.079219942884813e-01
559 4.079219942884824e-01
560 4.079219942884774e-01
561 4.079219942884861e-01
562 4.079219942884777e-01
563 4.079219942884856e-01
564 4.079219942884814e-01
565 4.079219942884825e-01
566 4.079219942884796e-01
567 4.079219942884840e-01
568 4.079219942884829e-01
569 4.079219942884822e-01
570 4.079219942884835e-01
571 4.079219942884819e-01
572 4.079219942884795e-01
573 4.079219942884849e-01
574 4.079219942884851e-01
575 4.079219942884777e-01
576 4.079219942884780e-01
577 4.079219942884862e-01
578 4.079219942884758e-01
579 4.079219942884899e-01
580 4.079219942884823e-01
581 4.079219942884795e-01
582 4.079219942884837e-01
583 4.079219942884822e-01
584 4.079219942884831e-01
585 4.079219942884810e-01
586 4.079219942884864e-01
587 4.079219942884772e-01
588 4.079219942884876e-01
589 4.079219942884789e-01
590 4.079219942884772e-01
591 4.079219942884892e-01
592 4.079219942884816e-01
593 4.079219942884805e-01
594 4.079219942884903e-01
595 4.079219942884746e-01
596 4.079219942884760e-01
597 4.079219942884906e-01
598 4.079219942884832e-01
599 4.079219942884796e-01
600 4.079219942884816e-01
601 4.079219942884849e-01
602 4.079219942884798e-01
603 4.079219942884857e-01
604 4.079219942884807e-01
605 4.079219942884821e-01
606 4.079219942884641e-01
607 4.079219942884994e-01
608 4.079219942884795e-01
609 4.079219942884796e-01
610 4.079219942884817e-01
611 4.079219942884858e-01
612 4.079219942884670e-01
613 4.079219942884972e-01
614 4.079219942884771e-01
615 4.079219942884881e-01
616 4.079219942884917e-01
617 4.079219942884753e-01
618 4.079219942884823e-01
619 4.079219942884825e-01
620 4.079219942884805e-01
621 4.079219942884829e-01
622 4.079219942884796e-01
623 4.079219942884806e-01
624 4.079219942884816e-01
625 4.079219942884827e-01
626 4.079219942884681e-01
627 4.079219942884955e-01
628 4.079219942884813e-01
629 4.079219942884835e-01
630 4.079219942884793e-01
631 4.079219942884850e-01
632 4.079219942884852e-01
633 4.079219942884800e-01
634 4.079219942884833e-01
635 4.079219942884850e-01
636 4.079219942885136e-01
637 4.079219942884509e-01
638 4.079219942884763e-01
639 4.079219942884864e-01
640 4.079219942884852e-01
641 4.079219942884777e-01
642 4.079219942884846e-01
643 4.079219942884774e-01
644 4.079219942884796e-01
645 4.079219942884890e-01
646 4.079219942884806e-01
647 4.079219942884869e-01
648 4.079219942884716e-01
649 4.079219942884910e-01
650 4.079219942884949e-01
651 4.079219942884753e-01
652 4.079219942884955e-01
653 4.079219942884644e-01
654 4.079219942884854e-01
655 4.079219942884807e-01
656 4.079219942884871e-01
657 4.079219942884798e-01
658 4.079219942884815e-01
659 4.079219942884778e-01
660 4.079219942884774e-01
661 4.079219942884821e-01
662 4.079219942884817e-01
663 4.079219942884820e-01
664 4.079219942884824e-01
665 4.079219942884835e-01
666 4.079219942884698e-01
667 4.079219942884986e-01
668 4.079219942884815e-01
669 4.079219942884835e-01
670 4.079219942884771e-01
671 4.079219942884907e-01
672 4.079219942884744e-01
673 4.079219942884957e-01
674 4.079219942885002e-01
675 4.079219942884655e-01
676 4.079219942884780e-01
677 4.079219942884821e-01
678 4.079219942884353e-01
679 4.079219942885221e-01
680 4.079219942884898e-01
681 4.079219942884835e-01
682 4.079219942884749e-01
683 4.079219942884836e-01
684 4.079219942884775e-01
685 4.079219942884776e-01
686 4.079219942884665e-01
687 4.079219942885087e-01
688 4.079219942884696e-01
689 4.079219942884812e-01
690 4.079219942884241e-01
691 4.079219942885381e-01
692 4.079219942884935e-01
693 4.079219942884839e-01
694 4.079219942884965e-01
695 4.079219942884827e-01
696 4.079219942888921e-01
697 4.079219942880949e-01
698 4.079219942884765e-01
699 4.079219942884789e-01
700 4.079219942884774e-01
701 4.079219942884769e-01
702 4.079219942884805e-01
703 4.079219942884823e-01
704 4.079219942884175e-01
705 4.079219942885387e-01
706 4.079219942884641e-01
707 4.079219942884890e-01
708 4.079219942884930e-01
709 4.079219942884637e-01
710 4.079219942885003e-01
711 4.079219942884821e-01
712 4.079219942884570e-01
713 4.079219942885144e-01
714 4.079219942884863e-01
715 4.079219942884699e-01
716 4.079219942884492e-01
717 4.079219942885083e-01
718 4.079219942884936e-01
719 4.079219942884900e-01
720 4.079219942884753e-01
721 4.079219942884518e-01
722 4.079219942884541e-01
723 4.079219942885186e-01
724 4.079219942884234e-01
725 4.079219942885333e-01
726 4.079219942884721e-01
727 4.079219942884810e-01
728 4.079219942884699e-01
729 4.079219942884831e-01
730 4.079219942884784e-01
731 4.079219942884849e-01
732 4.079219942884917e-01
733 4.079219942884699e-01
734 4.079219942884668e-01
735 4.079219942884989e-01
736 4.079219942884870e-01
737 4.079219942885059e-01
738 4.079219942885174e-01
739 4.079219942884696e-01
740 4.079219942884806e-01
741 4.079219942884960e-01
742 4.079219942885674e-01
743 4.079219942884632e-01
744 4.079219942884458e-01
745 4.079219942885528e-01
746 4.079219942885856e-01
747 4.079219942883228e-01
748 4.079219942886322e-01
749 4.079219942883283e-01
750 4.079219942885500e-01
751 4.079219942884135e-01
752 4.079219942884663e-01
753 4.079219942884877e-01
754 4.079219942884743e-01
755 4.079219942885037e-01
756 4.079219942885091e-01
757 4.079219942884714e-01
758 4.079219942884875e-01
759 4.079219942884714e-01
760 4.079219942884748e-01
761 4.079219942884842e-01
762 4.079219942884900e-01
763 4.079219942884780e-01
764 4.079219942884471e-01
765 4.079219942885151e-01


#a = 4.000000
1 4.639678913415057e-01
2 4.639678913415035e-01
3 4.639678913415052e-01
4 4.662027175581928e-01
5 4.662027175581945e-01
6 4.662027175581939e-01
7 4.662027175581939e-01
8 4.662027175581900e-01
9 4.662027175581950e-01
10 4.683866033607479e-01
11 4.683866033607478e-01
12 4.683866033607488e-01
13 4.683866033607468e-01
14 4.683866033607453e-01
15 4.683866033607463e-01
16 4.683866033607466e-01
17 4.683866033607470e-01
18 4.683866033607464e-01
19 4.683866033607452e-01
20 4.683866033607469e-01
21 4.683866033607468e-01
22 4.697747126408902e-01
23 4.697747126408905e-01
24 4.697747126408898e-01
25 4.697747126408902e-01
26 4.697747126408897e-01
27 4.697747126408886e-01
28 4.697747126408887e-01
29 4.697747126408898e-01
30 4.697747126408908e-01
31 4.697747126408907e-01
32 4.697747126408902e-01
33 4.697747126408900e-01
34 4.697747126408920e-01
35 4.697747126408908e-01
36 4.697747126408894e-01
37 4.697747126408910e-01
38 4.697747126408900e-01
39 4.697747126408892e-01
40 4.697747126408897e-01
41 4.697747126408894e-01
42 4.697747126408897e-01
43 4.697747126408885e-01
44 4.697747126408882e-01
45 4.697747126408870e-01
46 4.713898486029150e-01
47 4.713898486029156e-01
48 4.713898486029157e-01
49 4.713898486029147e-01
50 4.713898486029150e-01
51 4.713898486029140e-01
52 4.713898486029153e-01
53 4.713898486029149e-01
54 4.713898486029151e-01
55 4.713898486029150e-01
56 4.713898486029139e-01
57 4.713898486029138e-01
58 4.713898486029138e-01
59 4.713898486029143e-01
60 4.713898486029144e-01
61 4.713898486029141e-01
62 4.713898486029154e-01
63 4.713898486029157e-01
64 4.713898486029154e-01
65 4.713898486029153e-01
66 4.713898486029163e-01
67 4.713898486029159e-01
68 4.713898486029145e-01
69 4.713898486029154e-01
70 4.713898486029150e-01
71 4.713898486029160e-01
72 4.713898486029142e-01
73 4.713898486029150e-01
74 4.713898486029146e-01
75 4.713898486029151e-01
76 4.713898486029162e-01
77 4.713898486029153e-01
78 4.713898486029152e-01
79 4.713898486029147e-01
80 4.713898486029128e-01
81 4.713898486029139e-01
82 4.713898486029142e-01
83 4.713898486029131e-01
84 4.713898486029133e-01
85 4.713898486029138e-01
86 4.713898486029150e-01
87 4.713898486029170e-01
88 4.713898486029167e-01
89 4.713898486029169e-01
90 4.713898486029162e-01
91 4.713898486029149e-01
92 4.713898486029148e-01
93 4.713898486029119e-01
94 4.766884526515409e-01
95 4.766884526515407e-01
96 4.766884526515405e-01
97 4.766884526515406e-01
98 4.766884526515409e-01
99 4.766884526515416e-01
100 4.766884526515419e-01
101 4.766884526515402e-01
102 4.766884526515412e-01
103 4.766884526515413e-01
104 4.766884526515422e-01
105 4.766884526515420e-01
106 4.766884526515393e-01
107 4.766884526515389e-01
108 4.766884526515394e-01
109 4.766884526515383e-01
110 4.766884526515414e-01
111 4.766884526515417e-01
112 4.766884526515417e-01
113 4.766884526515408e-01
114 4.766884526515409e-01
115 4.766884526515413e-01
116 4.766884526515417e-01
117 4.766884526515415e-01
118 4.766884526515406e-01
119 4.766884526515410e-01
120 4.766884526515403e-01
121 4.766884526515401e-01
122 4.766884526515413e-01
123 4.766884526515416e-01
124 4.766884526515411e-01
125 4.766884526515417e-01
126 4.766884526515407e-01
127 4.766884526515415e-01
128 4.766884526515415e-01
129 4.766884526515419e-01
130 4.766884526515391e-01
131 4.766884526515394e-01
132 4.766884526515399e-01
133 4.766884526515402e-01
134 4.766884526515404e-01
135 4.766884526515407e-01
136 4.766884526515416e-01
137 4.766884526515412e-01
138 4.766884526515406e-01
139 4.766884526515406e-01
140 4.766884526515405e-01
141 4.766884526515415e-01
142 4.766884526515417e-01
143 4.766884526515421e-01
144 4.766884526515405e-01
145 4.766884526515405e-01
146 4.766884526515406e-01
147 4.766884526515426e-01
148 4.766884526515404e-01
149 4.766884526515403e-01
150 4.766884526515394e-01
151 4.766884526515414e-01
152 4.766884526515396e-01
153 4.766884526515405e-01
154 4.766884526515410e-01
155 4.766884526515396e-01
156 4.766884526515407e-01
157 4.766884526515409e-01
158 4.766884526515391e-01
159 4.766884526515424e-01
160 4.766884526515415e-01
161 4.766884526515413e-01
162 4.766884526515412e-01
163 4.766884526515404e-01
164 4.766884526515400e-01
165 4.766884526515408e-01
166 4.766884526515404e-01
167 4.766884526515394e-01
168 4.766884526515426e-01
169 4.766884526515401e-01
170 4.766884526515374e-01
171 4.766884526515435e-01
172 4.766884526515430e-01
173 4.766884526515376e-01
174 4.766884526515383e-01
175 4.766884526515420e-01
176 4.766884526515398e-01
177 4.766884526515420e-01
178 4.766884526515393e-01
179 4.766884526515446e-01
180 4.766884526515385e-01
181 4.766884526515403e-01
182 4.766884526515403e-01
183 4.766884526515358e-01
184 4.766884526515323e-01
185 4.766884526515529e-01
186 4.766884526515355e-01
187 4.766884526515408e-01
188 4.766884526515374e-01
189 4.766884526515422e-01
190 4.672468569789686e-01
191 4.672468569789688e-01
192 4.672468569789717e-01
193 4.672468569789708e-01
194 4.672468569789706e-01
195 4.672468569789704e-01
196 4.672468569789696e-01
197 4.672468569789708e-01
198 4.672468569789681e-01
199 4.672468569789677e-01
200 4.672468569789686e-01
201 4.672468569789689e-01
202 4.672468569789683e-01
203 4.672468569789675e-01
204 4.672468569789686e-01
205 4.672468569789681e-01
206 4.672468569789696e-01
207 4.672468569789698e-01
208 4.672468569789704e-01
209 4.672468569789708e-01
210 4.672468569789693e-01
211 4.672468569789702e-01
212 4.672468569789702e-01
213 4.672468569789702e-01
214 4.672468569789697e-01
215 4.672468569789687e-01
216 4.672468569789701e-01
217 4.672468569789702e-01
218 4.672468569789698e-01
219 4.672468569789696e-01
220 4.672468569789708e-01
221 4.672468569789708e-01
222 4.672468569789675e-01
223 4.672468569789684e-01
224 4.672468569789697e-01
225 4.672468569789689e-01
226 4.672468569789685e-01
227 4.672468569789684e-01
228 4.672468569789690e-01
229 4.672468569789692e-01
230 4.672468569789702e-01
231 4.672468569789700e-01
232 4.672468569789687e-01
233 4.672468569789691e-01
234 4.672468569789695e-01
235 4.672468569789691e-01
236 4.672468569789686e-01
237 4.672468569789693e-01
238 4.672468569789698e-01
239 4.672468569789695e-01
240 4.672468569789698e-01
241 4.672468569789695e-01
242 4.672468569789696e-01
243 4.672468569789700e-01
244 4.672468569789718e-01
245 4.672468569789691e-01
246 4.672468569789683e-01
247 4.672468569789685e-01
248 4.672468569789681e-01
249 4.672468569789688e-01
250 4.672468569789697e-01
251 4.672468569789684e-01
252 4.672468569789678e-01
253 4.672468569789701e-01
254 4.672468569789699e-01
255 4.672468569789694e-01
256 4.672468569789689e-01
257 4.672468569789702e-01
258 4.672468569789712e-01
259 4.672468569789699e-01
260 4.672468569789693e-01
261 4.672468569789698e-01
262 4.672468569789683e-01
263 4.672468569789717e-01
264 4.672468569789697e-01
265 4.672468569789696e-01
266 4.672468569789689e-01
267 4.672468569789704e-01
268 4.672468569789695e-01
269 4.672468569789696e-01
270 4.672468569789698e-01
271 4.672468569789683e-01
272 4.672468569789693e-01
273 4.672468569789699e-01
274 4.672468569789673e-01
275 4.672468569789699e-01
276 4.672468569789686e-01
277 4.672468569789679e-01
278 4.672468569789687e-01
279 4.672468569789687e-01
280 4.672468569789683e-01
281 4.672468569789694e-01
282 4.672468569789693e-01
283 4.672468569789690e-01
284 4.672468569789702e-01
285 4.672468569789684e-01
286 4.672468569789697e-01
287 4.672468569789714e-01
288 4.672468569789690e-01
289 4.672468569789704e-01
290 4.672468569789706e-01
291 4.672468569789701e-01
292 4.672468569789702e-01
293 4.672468569789701e-01
294 4.672468569789700e-01
295 4.672468569789699e-01
296 4.672468569789736e-01
297 4.672468569789636e-01
298 4.672468569789706e-01
299 4.672468569789693e-01
300 4.672468569789696e-01
301 4.672468569789708e-01
302 4.672468569789685e-01
303 4.672468569789729e-01
304 4.672468569789731e-01
305 4.672468569789642e-01
306 4.672468569789702e-01
307 4.672468569789703e-01
308 4.672468569789697e-01
309 4.672468569789705e-01
310 4.672468569789731e-01
311 4.672468569789658e-01
312 4.672468569789706e-01
313 4.672468569789712e-01
314 4.672468569789702e-01
315 4.672468569789682e-01
316 4.672468569789672e-01
317 4.672468569789705e-01
318 4.672468569789723e-01
319 4.672468569789701e-01
320 4.672468569789602e-01
321 4.672468569789737e-01
322 4.672468569789661e-01
323 4.672468569789689e-01
324 4.672468569789706e-01
325 4.672468569789674e-01
326 4.672468569789657e-01
327 4.672468569789716e-01
328 4.672468569789681e-01
329 4.672468569789695e-01
330 4.672468569789689e-01
331 4.672468569789711e-01
332 4.672468569789685e-01
333 4.672468569789705e-01
334 4.672468569789663e-01
335 4.672468569789696e-01
336 4.672468569789638e-01
337 4.672468569789789e-01
338 4.672468569789621e-01
339 4.672468569789697e-01
340 4.672468569789547e-01
341 4.672468569789794e-01
342 4.672468569789793e-01
343 4.672468569789516e-01
344 4.672468569789917e-01
345 4.672468569789522e-01
346 4.672468569789639e-01
347 4.672468569789826e-01
348 4.672468569789896e-01
349 4.672468569789470e-01
350 4.672468569789751e-01
351 4.672468569789708e-01
352 4.672468569789544e-01
353 4.672468569789744e-01
354 4.672468569789695e-01
355 4.672468569789695e-01
356 4.672468569789593e-01
357 4.672468569789793e-01
358 4.672468569789786e-01
359 4.672468569789631e-01
360 4.672468569789643e-01
361 4.672468569789652e-01
362 4.672468569789729e-01
363 4.672468569789675e-01
364 4.672468569789667e-01
365 4.672468569789691e-01
366 4.672468569789789e-01
367 4.672468569789687e-01
368 4.672468569789842e-01
369 4.672468569789763e-01
370 4.672468569789709e-01
371 4.672468569789792e-01
372 4.672468569789191e-01
373 4.672468569790089e-01
374 4.672468569790044e-01
375 4.672468569789600e-01
376 4.672468569789973e-01
377 4.672468569789444e-01
378 4.672468569789725e-01
379 4.672468569789795e-01
380 4.672468569789663e-01
381 4.672468569789731e-01
382 3.081634730610417e-01
383 3.081634730610405e-01
384 3.081634730610384e-01
385 3.081634730610379e-01
386 3.081634730610369e-01
387 3.081634730610301e-01
388 3.081634730610343e-01
389 3.081634730610350e-01
390 3.081634730610369e-01
391 3.081634730610373e-01
392 3.081634730610333e-01
393 3.081634730610410e-01
394 3.081634730610350e-01
395 3.081634730610400e-01
396 3.081634730610435e-01
397 3.081634730610354e-01
398 3.081634730610389e-01
399 3.081634730610380e-01
400 3.081634730610378e-01
401 3.081634730610325e-01
402 3.081634730610341e-01
403 3.081634730610395e-01
404 3.081634730610340e-01
405 3.081634730610364e-01
406 3.081634730610356e-01
407 3.081634730610365e-01
408 3.081634730610391e-01
409 3.081634730610355e-01
410 3.081634730610363e-01
411 3.081634730610375e-01
412 3.081634730610339e-01
413 3.081634730610324e-01
414 3.081634730610355e-01
415 3.081634730610400e-01
416 3.081634730610347e-01
417 3.081634730610393e-01
418 3.081634730610380e-01
419 3.081634730610322e-01
420 3.081634730610422e-01
421 3.081634730610315e-01
422 3.081634730610373e-01
423 3.081634730610361e-01
424 3.081634730610341e-01
425 3.081634730610364e-01
426 3.081634730610321e-01
427 3.081634730610415e-01
428 3.081634730610354e-01
429 3.081634730610395e-01
430 3.081634730610379e-01
431 3.081634730610381e-01
432 3.081634730610378e-01
433 3.081634730610374e-01
434 3.081634730610376e-01
435 3.081634730610350e-01
436 3.081634730610352e-01
437 3.081634730610362e-01
438 3.081634730610363e-01
439 3.081634730610384e-01
440 3.081634730610368e-01
441 3.081634730610388e-01
442 3.081634730610376e-01
443 3.081634730610329e-01
444 3.081634730610286e-01
445 3.081634730610399e-01
446 3.081634730610412e-01
447 3.081634730610360e-01
448 3.081634730610325e-01
449 3.081634730610448e-01
450 3.081634730610351e-01
451 3.081634730610365e-01
452 3.081634730610383e-01
453 3.081634730610359e-01
454 3.081634730610389e-01
455 3.081634730610366e-01
456 3.081634730610405e-01
457 3.081634730610346e-01
458 3.081634730610325e-01
459 3.081634730610401e-01
460 3.081634730610370e-01
461 3.081634730610375e-01
462 3.081634730610318e-01
463 3.081634730610385e-01
464 3.081634730610365e-01
465 3.081634730610332e-01
466 3.081634730610365e-01
467 3.081634730610368e-01
468 3.081634730610370e-01
469 3.081634730610396e-01
470 3.081634730610326e-01
471 3.081634730610416e-01
472 3.081634730610349e-01
473 3.081634730610349e-01
474 3.081634730610358e-01
475 3.081634730610347e-01
476 3.081634730610331e-01
477 3.081634730610399e-01
478 3.081634730610304e-01
479 3.081634730610389e-01
480 3.081634730610428e-01
481 3.081634730610325e-01
482 3.081634730610375e-01
483 3.081634730610354e-01
484 3.081634730610386e-01
485 3.081634730610353e-01
486 3.081634730610395e-01
487 3.081634730610329e-01
488 3.081634730610306e-01
489 3.081634730610458e-01
490 3.081634730610406e-01
491 3.081634730610360e-01
492 3.081634730610415e-01
493 3.081634730610311e-01
494 3.081634730610310e-01
495 3.081634730610386e-01
496 3.081634730610343e-01
497 3.081634730610379e-01
498 3.081634730610291e-01
499 3.081634730610422e-01
500 3.081634730610486e-01
501 3.081634730610284e-01
502 3.081634730610399e-01
503 3.081634730610353e-01
504 3.081634730610421e-01
505 3.081634730610314e-01
506 3.081634730610128e-01
507 3.081634730610594e-01
508 3.081634730610364e-01
509 3.081634730610320e-01
510 3.081634730610361e-01
511 3.081634730610385e-01
512 3.081634730610320e-01
513 3.081634730610481e-01
514 3.081634730610601e-01
515 3.081634730610159e-01
516 3.081634730610402e-01
517 3.081634730610281e-01
518 3.081634730610335e-01
519 3.081634730610399e-01
520 3.081634730610193e-01
521 3.081634730610543e-01
522 3.081634730610319e-01
523 3.081634730610424e-01
524 3.081634730610370e-01
525 3.081634730610380e-01
526 3.081634730610420e-01
527 3.081634730610379e-01
528 3.081634730610456e-01
529 3.081634730610271e-01
530 3.081634730610313e-01
531 3.081634730610444e-01
532 3.081634730610417e-01
533 3.081634730610313e-01
534 3.081634730610362e-01
535 3.081634730610395e-01
536 3.081634730610174e-01
537 3.081634730610593e-01
538 3.081634730610383e-01
539 3.081634730610336e-01
540 3.081634730610361e-01
541 3.081634730610364e-01
542 3.081634730610309e-01
543 3.081634730610440e-01
544 3.081634730610419e-01
545 3.081634730610375e-01
546 3.081634730610407e-01
547 3.081634730610324e-01
548 3.081634730610336e-01
549 3.081634730610386e-01
550 3.081634730610466e-01
551 3.081634730610279e-01
552 3.081634730610315e-01
553 3.081634730610378e-01
554 3.081634730610348e-01
555 3.081634730610395e-01
556 3.081634730610384e-01
557 3.081634730610340e-01
558 3.081634730610383e-01
559 3.081634730610356e-01
560 3.081634730610093e-01
561 3.081634730610622e-01
562 3.081634730610471e-01
563 3.081634730610290e-01
564 3.081634730610357e-01
565 3.081634730610378e-01
566 3.081634730610361e-01
567 3.081634730610332e-01
568 3.081634730610515e-01
569 3.081634730610198e-01
570 3.081634730610454e-01
571 3.081634730610226e-01
572 3.081634730610249e-01
573 3.081634730610476e-01
574 3.081634730610257e-01
575 3.081634730610513e-01
576 3.081634730610429e-01
577 3.081634730610308e-01
578 3.081634730610365e-01
579 3.081634730610403e-01
580 3.081634730610451e-01
581 3.081634730610299e-01
582 3.081634730610364e-01
583 3.081634730610371e-01
584 3.081634730610334e-01
585 3.081634730610376e-01
586 3.081634730610282e-01
587 3.081634730610416e-01
588 3.081634730610230e-01
589 3.081634730610442e-01
590 3.081634730610447e-01
591 3.081634730610375e-01
592 3.081634730610348e-01
593 3.081634730610395e-01
594 3.081634730610199e-01
595 3.081634730610280e-01
596 3.081634730609677e-01
597 3.081634730611066e-01
598 3.081634730610303e-01
599 3.081634730610383e-01
600 3.081634730610311e-01
601 3.081634730610451e-01
602 3.081634730610406e-01
603 3.081634730610398e-01
604 3.081634730610543e-01
605 3.081634730610171e-01
606 3.081634730610601e-01
607 3.081634730610224e-01
608 3.081634730610279e-01
609 3.081634730610365e-01
610 3.081634730610284e-01
611 3.081634730610302e-01
612 3.081634730608717e-01
613 3.081634730612056e-01
614 3.081634730610239e-01
615 3.081634730610541e-01
616 3.081634730610278e-01
617 3.081634730610433e-01
618 3.081634730610042e-01
619 3.081634730610640e-01
620 3.081634730610382e-01
621 3.081634730610354e-01
622 3.081634730610240e-01
623 3.081634730610281e-01
624 3.081634730610409e-01
625 3.081634730610340e-01
626 3.081634730610373e-01
627 3.081634730610368e-01
628 3.081634730610303e-01
629 3.081634730610452e-01
630 3.081634730610745e-01
631 3.081634730610066e-01
632 3.081634730610617e-01
633 3.081634730610187e-01
634 3.081634730610729e-01
635 3.081634730610058e-01
636 3.081634730610318e-01
637 3.081634730610283e-01
638 3.081634730610434e-01
639 3.081634730610417e-01
640 3.081634730610376e-01
641 3.081634730610374e-01
642 3.081634730606877e-01
643 3.081634730613974e-01
644 3.081634730610629e-01
645 3.081634730609854e-01
646 3.081634730610460e-01
647 3.081634730610508e-01
648 3.081634730610331e-01
649 3.081634730610329e-01
650 3.081634730610171e-01
651 3.081634730610456e-01
652 3.081634730610351e-01
653 3.081634730610591e-01
654 3.081634730610591e-01
655 3.081634730609933e-01
656 3.081634730610691e-01
657 3.081634730609964e-01
658 3.081634730610743e-01
659 3.081634730610018e-01
660 3.081634730610313e-01
661 3.081634730610428e-01
662 3.081634730610303e-01
663 3.081634730610554e-01
664 3.081634730610734e-01
665 3.081634730610011e-01
666 3.081634730610266e-01
667 3.081634730610440e-01
668 3.081634730610327e-01
669 3.081634730610314e-01
670 3.081634730610744e-01
671 3.081634730610188e-01
672 3.081634730610512e-01
673 3.081634730610091e-01
674 3.081634730611411e-01
675 3.081634730609299e-01
676 3.081634730610595e-01
677 3.081634730609836e-01
678 3.081634730609684e-01
679 3.081634730610844e-01
680 3.081634730612151e-01
681 3.081634730609098e-01
682 3.081634730610450e-01
683 3.081634730610809e-01
684 3.081634730608682e-01
685 3.081634730611831e-01
686 3.081634730609514e-01
687 3.081634730611271e-01
688 3.081634730609427e-01
689 3.081634730612164e-01
690 3.081634730606559e-01
691 3.081634730612622e-01
692 3.081634730610595e-01
693 3.081634730609646e-01
694 3.081634730609279e-01
695 3.081634730612208e-01
696 3.081634730616358e-01
697 3.081634730603264e-01
698 3.081634730602805e-01
699 3.081634730618533e-01
700 3.081634730610540e-01
701 3.081634730611641e-01
702 3.081634730609919e-01
703 3.081634730610527e-01
704 3.081634730609463e-01
705 3.081634730611096e-01
706 3.081634730612285e-01
707 3.081634730608488e-01
708 3.081634730610214e-01
709 3.081634730610163e-01
710 3.081634730610874e-01
711 3.081634730610057e-01
712 3.081634730610209e-01
713 3.081634730610481e-01
714 3.081634730607332e-01
715 3.081634730613206e-01
716 3.081634730609668e-01
717 3.081634730610647e-01
718 3.081634730610423e-01
719 3.081634730610218e-01
720 3.081634730610214e-01
721 3.081634730611174e-01
722 3.081634730608336e-01
723 3.081634730612322e-01
724 3.081634730610527e-01
725 3.081634730610493e-01
726 3.081634730608225e-01
727 3.081634730612843e-01
728 3.081634730610860e-01
729 3.081634730609850e-01
730 3.081634730610226e-01
731 3.081634730610516e-01
732 3.081634730610713e-01
733 3.081634730610154e-01
734 3.081634730610335e-01
735 3.081634730609794e-01
736 3.081634730610298e-01
737 3.081634730610001e-01
738 3.081634730609382e-01
739 3.081634730610058e-01
740 3.081634730611021e-01
741 3.081634730608497e-01
742 3.081634730611847e-01
743 3.081634730610935e-01
744 3.081634730608036e-01
745 3.081634730614868e-01
746 3.081634730602333e-01
747 3.081634730619586e-01
748 3.081634730603631e-01
749 3.081634730616107e-01
750 3.081634730611956e-01
751 3.081634730609168e-01
752 3.081634730612063e-01
753 3.081634730607317e-01
754 3.081634730608653e-01
755 3.081634730611375e-01
756 3.081634730611013e-01
757 3.081634730611240e-01
758 3.081634730610619e-01
759 3.081634730609615e-01
760 3.081634730610082e-01
761 3.081634730609918e-01
762 3.081634730610349e-01
763 3.081634730610566e-01
764 3.081634730611409e-01
765 3.081634730608862e-01


