## Parameters ##
# z = 3
# m = 9
# t = 1.000000000000000e+00
# mu = 1.000000000000000e-10
# opt = sc
#
#
#a = 0.000000
1 5.714285714285730e-01
2 5.000000000000003e-01
3 5.000000000000006e-01
4 4.999999999999995e-01
5 5.803571428571436e-01
6 5.803571428571420e-01
7 5.803571428571428e-01
8 5.803571428571422e-01
9 5.803571428571428e-01
10 5.803571428571428e-01
11 4.999999999999986e-01
12 4.999999999999994e-01
13 4.999999999999991e-01
14 4.999999999999998e-01
15 4.999999999999999e-01
16 4.999999999999999e-01
17 4.999999999999994e-01
18 4.999999999999993e-01
19 4.999999999999999e-01
20 5.000000000000002e-01
21 4.999999999999999e-01
22 4.999999999999999e-01
23 6.034226190476186e-01
24 6.034226190476190e-01
25 6.034226190476183e-01
26 6.034226190476188e-01
27 6.034226190476187e-01
28 6.034226190476188e-01
29 6.034226190476186e-01
30 6.034226190476185e-01
31 6.034226190476190e-01
32 6.034226190476196e-01
33 6.034226190476190e-01
34 6.034226190476194e-01
35 6.034226190476185e-01
36 6.034226190476190e-01
37 6.034226190476186e-01
38 6.034226190476184e-01
39 6.034226190476184e-01
40 6.034226190476186e-01
41 6.034226190476180e-01
42 6.034226190476191e-01
43 6.034226190476184e-01
44 6.034226190476182e-01
45 6.034226190476190e-01
46 6.034226190476193e-01
47 5.000000000000001e-01
48 5.000000000000000e-01
49 5.000000000000000e-01
50 4.999999999999999e-01
51 5.000000000000002e-01
52 5.000000000000001e-01
53 5.000000000000002e-01
54 5.000000000000002e-01
55 4.999999999999999e-01
56 5.000000000000000e-01
57 5.000000000000003e-01
58 5.000000000000007e-01
59 4.999999999999999e-01
60 4.999999999999999e-01
61 5.000000000000003e-01
62 5.000000000000002e-01
63 4.999999999999998e-01
64 4.999999999999999e-01
65 4.999999999999999e-01
66 5.000000000000002e-01
67 5.000000000000002e-01
68 5.000000000000002e-01
69 5.000000000000001e-01
70 5.000000000000000e-01
71 4.999999999999999e-01
72 4.999999999999994e-01
73 4.999999999999995e-01
74 4.999999999999996e-01
75 5.000000000000002e-01
76 5.000000000000000e-01
77 5.000000000000000e-01
78 5.000000000000000e-01
79 5.000000000000004e-01
80 5.000000000000000e-01
81 5.000000000000003e-01
82 5.000000000000004e-01
83 5.000000000000001e-01
84 5.000000000000000e-01
85 5.000000000000002e-01
86 5.000000000000000e-01
87 5.000000000000002e-01
88 5.000000000000014e-01
89 5.000000000000007e-01
90 5.000000000000007e-01
91 5.000000000000011e-01
92 5.000000000000004e-01
93 5.000000000000001e-01
94 4.999999999999998e-01
95 6.508556547619043e-01
96 6.508556547619053e-01
97 6.508556547619063e-01
98 6.508556547619048e-01
99 6.508556547619042e-01
100 6.508556547619048e-01
101 6.508556547619057e-01
102 6.508556547619051e-01
103 6.508556547619044e-01
104 6.508556547619047e-01
105 6.508556547619033e-01
106 6.508556547619040e-01
107 6.508556547619042e-01
108 6.508556547619045e-01
109 6.508556547619047e-01
110 6.508556547619039e-01
111 6.508556547619043e-01
112 6.508556547619048e-01
113 6.508556547619050e-01
114 6.508556547619048e-01
115 6.508556547619048e-01
116 6.508556547619041e-01
117 6.508556547619044e-01
118 6.508556547619045e-01
119 6.508556547619045e-01
120 6.508556547619040e-01
121 6.508556547619030e-01
122 6.508556547619044e-01
123 6.508556547619057e-01
124 6.508556547619049e-01
125 6.508556547619050e-01
126 6.508556547619049e-01
127 6.508556547619044e-01
128 6.508556547619055e-01
129 6.508556547619044e-01
130 6.508556547619053e-01
131 6.508556547619037e-01
132 6.508556547619042e-01
133 6.508556547619051e-01
134 6.508556547619058e-01
135 6.508556547619038e-01
136 6.508556547619058e-01
137 6.508556547619042e-01
138 6.508556547619027e-01
139 6.508556547619035e-01
140 6.508556547619041e-01
141 6.508556547619064e-01
142 6.508556547619049e-01
143 6.508556547619041e-01
144 6.508556547619045e-01
145 6.508556547619045e-01
146 6.508556547619042e-01
147 6.508556547619047e-01
148 6.508556547619049e-01
149 6.508556547619060e-01
150 6.508556547619053e-01
151 6.508556547619048e-01
152 6.508556547619047e-01
153 6.508556547619051e-01
154 6.508556547619041e-01
155 6.508556547619049e-01
156 6.508556547619042e-01
157 6.508556547619051e-01
158 6.508556547619045e-01
159 6.508556547619041e-01
160 6.508556547619044e-01
161 6.508556547619041e-01
162 6.508556547619033e-01
163 6.508556547619054e-01
164 6.508556547619042e-01
165 6.508556547619051e-01
166 6.508556547619048e-01
167 6.508556547619049e-01
168 6.508556547619040e-01
169 6.508556547619039e-01
170 6.508556547619040e-01
171 6.508556547619050e-01
172 6.508556547619050e-01
173 6.508556547619042e-01
174 6.508556547619039e-01
175 6.508556547619049e-01
176 6.508556547619044e-01
177 6.508556547619053e-01
178 6.508556547619049e-01
179 6.508556547619055e-01
180 6.508556547619042e-01
181 6.508556547619057e-01
182 6.508556547619047e-01
183 6.508556547619040e-01
184 6.508556547619035e-01
185 6.508556547619065e-01
186 6.508556547619054e-01
187 6.508556547619057e-01
188 6.508556547619037e-01
189 6.508556547619038e-01
190 6.508556547619039e-01
191 4.999999999999996e-01
192 4.999999999999997e-01
193 4.999999999999998e-01
194 4.999999999999999e-01
195 5.000000000000000e-01
196 5.000000000000004e-01
197 4.999999999999997e-01
198 4.999999999999999e-01
199 5.000000000000000e-01
200 5.000000000000003e-01
201 4.999999999999996e-01
202 5.000000000000000e-01
203 5.000000000000002e-01
204 4.999999999999998e-01
205 4.999999999999997e-01
206 4.999999999999993e-01
207 5.000000000000003e-01
208 5.000000000000000e-01
209 5.000000000000002e-01
210 5.000000000000003e-01
211 4.999999999999997e-01
212 5.000000000000001e-01
213 4.999999999999999e-01
214 4.999999999999997e-01
215 5.000000000000001e-01
216 5.000000000000000e-01
217 5.000000000000001e-01
218 5.000000000000000e-01
219 4.999999999999993e-01
220 4.999999999999996e-01
221 4.999999999999997e-01
222 4.999999999999996e-01
223 5.000000000000002e-01
224 5.000000000000002e-01
225 5.000000000000000e-01
226 4.999999999999998e-01
227 5.000000000000000e-01
228 4.999999999999997e-01
229 4.999999999999998e-01
230 4.999999999999997e-01
231 4.999999999999998e-01
232 5.000000000000004e-01
233 5.000000000000003e-01
234 4.999999999999999e-01
235 4.999999999999994e-01
236 5.000000000000000e-01
237 5.000000000000004e-01
238 5.000000000000004e-01
239 5.000000000000002e-01
240 4.999999999999999e-01
241 4.999999999999993e-01
242 4.999999999999998e-01
243 5.000000000000003e-01
244 5.000000000000003e-01
245 4.999999999999999e-01
246 4.999999999999998e-01
247 4.999999999999999e-01
248 4.999999999999999e-01
249 4.999999999999998e-01
250 5.000000000000000e-01
251 4.999999999999997e-01
252 5.000000000000002e-01
253 4.999999999999996e-01
254 5.000000000000000e-01
255 5.000000000000001e-01
256 5.000000000000002e-01
257 4.999999999999999e-01
258 5.000000000000000e-01
259 5.000000000000002e-01
260 4.999999999999998e-01
261 4.999999999999998e-01
262 4.999999999999999e-01
263 5.000000000000002e-01
264 4.999999999999998e-01
265 4.999999999999998e-01
266 5.000000000000001e-01
267 4.999999999999993e-01
268 4.999999999999994e-01
269 5.000000000000000e-01
270 5.000000000000000e-01
271 4.999999999999994e-01
272 4.999999999999997e-01
273 5.000000000000004e-01
274 5.000000000000001e-01
275 4.999999999999998e-01
276 5.000000000000002e-01
277 4.999999999999997e-01
278 4.999999999999996e-01
279 5.000000000000000e-01
280 5.000000000000000e-01
281 4.999999999999995e-01
282 4.999999999999997e-01
283 5.000000000000002e-01
284 5.000000000000003e-01
285 4.999999999999997e-01
286 5.000000000000000e-01
287 5.000000000000002e-01
288 5.000000000000002e-01
289 4.999999999999998e-01
290 5.000000000000002e-01
291 4.999999999999997e-01
292 4.999999999999996e-01
293 4.999999999999997e-01
294 4.999999999999996e-01
295 4.999999999999998e-01
296 4.999999999999999e-01
297 4.999999999999997e-01
298 5.000000000000004e-01
299 5.000000000000002e-01
300 5.000000000000000e-01
301 4.999999999999997e-01
302 4.999999999999998e-01
303 5.000000000000000e-01
304 4.999999999999999e-01
305 5.000000000000001e-01
306 5.000000000000007e-01
307 5.000000000000000e-01
308 4.999999999999997e-01
309 5.000000000000000e-01
310 5.000000000000002e-01
311 4.999999999999999e-01
312 5.000000000000000e-01
313 4.999999999999999e-01
314 4.999999999999998e-01
315 5.000000000000002e-01
316 5.000000000000001e-01
317 5.000000000000000e-01
318 5.000000000000002e-01
319 4.999999999999996e-01
320 4.999999999999999e-01
321 5.000000000000001e-01
322 4.999999999999998e-01
323 4.999999999999998e-01
324 4.999999999999995e-01
325 5.000000000000000e-01
326 4.999999999999996e-01
327 4.999999999999998e-01
328 4.999999999999998e-01
329 4.999999999999999e-01
330 4.999999999999999e-01
331 5.000000000000002e-01
332 5.000000000000002e-01
333 5.000000000000004e-01
334 5.000000000000002e-01
335 5.000000000000002e-01
336 4.999999999999997e-01
337 5.000000000000002e-01
338 5.000000000000004e-01
339 4.999999999999999e-01
340 5.000000000000000e-01
341 5.000000000000004e-01
342 5.000000000000002e-01
343 4.999999999999999e-01
344 4.999999999999999e-01
345 5.000000000000001e-01
346 4.999999999999998e-01
347 5.000000000000001e-01
348 5.000000000000001e-01
349 4.999999999999996e-01
350 4.999999999999994e-01
351 5.000000000000013e-01
352 5.000000000000007e-01
353 5.000000000000000e-01
354 5.000000000000012e-01
355 5.000000000000003e-01
356 5.000000000000000e-01
357 5.000000000000013e-01
358 5.000000000000009e-01
359 4.999999999999992e-01
360 5.000000000000014e-01
361 5.000000000000011e-01
362 4.999999999999997e-01
363 5.000000000000009e-01
364 4.999999999999990e-01
365 5.000000000000002e-01
366 5.000000000000003e-01
367 5.000000000000009e-01
368 5.000000000000002e-01
369 5.000000000000002e-01
370 5.000000000000006e-01
371 5.000000000000014e-01
372 5.000000000000006e-01
373 4.999999999999989e-01
374 4.999999999999998e-01
375 5.000000000000009e-01
376 5.000000000000003e-01
377 5.000000000000003e-01
378 4.999999999999997e-01
379 4.999999999999999e-01
380 4.999999999999997e-01
381 5.000000000000003e-01
382 5.000000000000004e-01
383 7.877139136904747e-01
384 7.877139136904757e-01
385 7.877139136904752e-01
386 7.877139136904727e-01
387 7.877139136904758e-01
388 7.877139136904746e-01
389 7.877139136904746e-01
390 7.877139136904759e-01
391 7.877139136904762e-01
392 7.877139136904748e-01
393 7.877139136904774e-01
394 7.877139136904772e-01
395 7.877139136904756e-01
396 7.877139136904758e-01
397 7.877139136904744e-01
398 7.877139136904751e-01
399 7.877139136904762e-01
400 7.877139136904758e-01
401 7.877139136904745e-01
402 7.877139136904751e-01
403 7.877139136904741e-01
404 7.877139136904749e-01
405 7.877139136904751e-01
406 7.877139136904743e-01
407 7.877139136904725e-01
408 7.877139136904767e-01
409 7.877139136904747e-01
410 7.877139136904752e-01
411 7.877139136904774e-01
412 7.877139136904734e-01
413 7.877139136904743e-01
414 7.877139136904772e-01
415 7.877139136904779e-01
416 7.877139136904746e-01
417 7.877139136904776e-01
418 7.877139136904747e-01
419 7.877139136904759e-01
420 7.877139136904753e-01
421 7.877139136904753e-01
422 7.877139136904744e-01
423 7.877139136904735e-01
424 7.877139136904748e-01
425 7.877139136904766e-01
426 7.877139136904768e-01
427 7.877139136904749e-01
428 7.877139136904762e-01
429 7.877139136904764e-01
430 7.877139136904728e-01
431 7.877139136904764e-01
432 7.877139136904769e-01
433 7.877139136904765e-01
434 7.877139136904766e-01
435 7.877139136904743e-01
436 7.877139136904754e-01
437 7.877139136904759e-01
438 7.877139136904749e-01
439 7.877139136904742e-01
440 7.877139136904775e-01
441 7.877139136904726e-01
442 7.877139136904769e-01
443 7.877139136904743e-01
444 7.877139136904752e-01
445 7.877139136904755e-01
446 7.877139136904722e-01
447 7.877139136904781e-01
448 7.877139136904755e-01
449 7.877139136904753e-01
450 7.877139136904768e-01
451 7.877139136904783e-01
452 7.877139136904774e-01
453 7.877139136904758e-01
454 7.877139136904775e-01
455 7.877139136904779e-01
456 7.877139136904764e-01
457 7.877139136904716e-01
458 7.877139136904779e-01
459 7.877139136904746e-01
460 7.877139136904769e-01
461 7.877139136904773e-01
462 7.877139136904781e-01
463 7.877139136904763e-01
464 7.877139136904768e-01
465 7.877139136904765e-01
466 7.877139136904754e-01
467 7.877139136904749e-01
468 7.877139136904772e-01
469 7.877139136904754e-01
470 7.877139136904788e-01
471 7.877139136904773e-01
472 7.877139136904766e-01
473 7.877139136904773e-01
474 7.877139136904758e-01
475 7.877139136904782e-01
476 7.877139136904769e-01
477 7.877139136904744e-01
478 7.877139136904744e-01
479 7.877139136904775e-01
480 7.877139136904754e-01
481 7.877139136904768e-01
482 7.877139136904773e-01
483 7.877139136904752e-01
484 7.877139136904758e-01
485 7.877139136904764e-01
486 7.877139136904767e-01
487 7.877139136904748e-01
488 7.877139136904765e-01
489 7.877139136904749e-01
490 7.877139136904751e-01
491 7.877139136904771e-01
492 7.877139136904759e-01
493 7.877139136904752e-01
494 7.877139136904767e-01
495 7.877139136904758e-01
496 7.877139136904766e-01
497 7.877139136904756e-01
498 7.877139136904747e-01
499 7.877139136904758e-01
500 7.877139136904769e-01
501 7.877139136904776e-01
502 7.877139136904756e-01
503 7.877139136904763e-01
504 7.877139136904762e-01
505 7.877139136904763e-01
506 7.877139136904753e-01
507 7.877139136904767e-01
508 7.877139136904756e-01
509 7.877139136904728e-01
510 7.877139136904751e-01
511 7.877139136904759e-01
512 7.877139136904765e-01
513 7.877139136904764e-01
514 7.877139136904762e-01
515 7.877139136904758e-01
516 7.877139136904767e-01
517 7.877139136904751e-01
518 7.877139136904753e-01
519 7.877139136904771e-01
520 7.877139136904748e-01
521 7.877139136904748e-01
522 7.877139136904739e-01
523 7.877139136904763e-01
524 7.877139136904738e-01
525 7.877139136904736e-01
526 7.877139136904764e-01
527 7.877139136904742e-01
528 7.877139136904745e-01
529 7.877139136904739e-01
530 7.877139136904764e-01
531 7.877139136904756e-01
532 7.877139136904785e-01
533 7.877139136904753e-01
534 7.877139136904774e-01
535 7.877139136904757e-01
536 7.877139136904768e-01
537 7.877139136904754e-01
538 7.877139136904744e-01
539 7.877139136904758e-01
540 7.877139136904768e-01
541 7.877139136904751e-01
542 7.877139136904749e-01
543 7.877139136904775e-01
544 7.877139136904762e-01
545 7.877139136904753e-01
546 7.877139136904774e-01
547 7.877139136904768e-01
548 7.877139136904745e-01
549 7.877139136904766e-01
550 7.877139136904766e-01
551 7.877139136904762e-01
552 7.877139136904741e-01
553 7.877139136904752e-01
554 7.877139136904741e-01
555 7.877139136904753e-01
556 7.877139136904753e-01
557 7.877139136904755e-01
558 7.877139136904756e-01
559 7.877139136904753e-01
560 7.877139136904752e-01
561 7.877139136904768e-01
562 7.877139136904748e-01
563 7.877139136904765e-01
564 7.877139136904762e-01
565 7.877139136904756e-01
566 7.877139136904772e-01
567 7.877139136904745e-01
568 7.877139136904761e-01
569 7.877139136904761e-01
570 7.877139136904771e-01
571 7.877139136904749e-01
572 7.877139136904743e-01
573 7.877139136904779e-01
574 7.877139136904772e-01
575 7.877139136904751e-01
576 7.877139136904764e-01
577 7.877139136904769e-01
578 7.877139136904769e-01
579 7.877139136904768e-01
580 7.877139136904755e-01
581 7.877139136904748e-01
582 7.877139136904768e-01
583 7.877139136904769e-01
584 7.877139136904744e-01
585 7.877139136904748e-01
586 7.877139136904764e-01
587 7.877139136904755e-01
588 7.877139136904764e-01
589 7.877139136904755e-01
590 7.877139136904763e-01
591 7.877139136904752e-01
592 7.877139136904757e-01
593 7.877139136904754e-01
594 7.877139136904754e-01
595 7.877139136904752e-01
596 7.877139136904767e-01
597 7.877139136904765e-01
598 7.877139136904752e-01
599 7.877139136904747e-01
600 7.877139136904765e-01
601 7.877139136904766e-01
602 7.877139136904764e-01
603 7.877139136904739e-01
604 7.877139136904759e-01
605 7.877139136904772e-01
606 7.877139136904757e-01
607 7.877139136904763e-01
608 7.877139136904767e-01
609 7.877139136904751e-01
610 7.877139136904741e-01
611 7.877139136904755e-01
612 7.877139136904757e-01
613 7.877139136904771e-01
614 7.877139136904761e-01
615 7.877139136904764e-01
616 7.877139136904769e-01
617 7.877139136904761e-01
618 7.877139136904763e-01
619 7.877139136904776e-01
620 7.877139136904762e-01
621 7.877139136904755e-01
622 7.877139136904754e-01
623 7.877139136904758e-01
624 7.877139136904756e-01
625 7.877139136904767e-01
626 7.877139136904768e-01
627 7.877139136904763e-01
628 7.877139136904753e-01
629 7.877139136904764e-01
630 7.877139136904767e-01
631 7.877139136904755e-01
632 7.877139136904754e-01
633 7.877139136904774e-01
634 7.877139136904751e-01
635 7.877139136904758e-01
636 7.877139136904752e-01
637 7.877139136904737e-01
638 7.877139136904782e-01
639 7.877139136904761e-01
640 7.877139136904767e-01
641 7.877139136904766e-01
642 7.877139136904762e-01
643 7.877139136904748e-01
644 7.877139136904765e-01
645 7.877139136904772e-01
646 7.877139136904751e-01
647 7.877139136904763e-01
648 7.877139136904766e-01
649 7.877139136904758e-01
650 7.877139136904743e-01
651 7.877139136904773e-01
652 7.877139136904769e-01
653 7.877139136904786e-01
654 7.877139136904759e-01
655 7.877139136904783e-01
656 7.877139136904772e-01
657 7.877139136904751e-01
658 7.877139136904746e-01
659 7.877139136904753e-01
660 7.877139136904749e-01
661 7.877139136904772e-01
662 7.877139136904764e-01
663 7.877139136904763e-01
664 7.877139136904756e-01
665 7.877139136904764e-01
666 7.877139136904758e-01
667 7.877139136904769e-01
668 7.877139136904768e-01
669 7.877139136904742e-01
670 7.877139136904751e-01
671 7.877139136904751e-01
672 7.877139136904757e-01
673 7.877139136904772e-01
674 7.877139136904772e-01
675 7.877139136904761e-01
676 7.877139136904772e-01
677 7.877139136904782e-01
678 7.877139136904762e-01
679 7.877139136904762e-01
680 7.877139136904756e-01
681 7.877139136904755e-01
682 7.877139136904784e-01
683 7.877139136904755e-01
684 7.877139136904746e-01
685 7.877139136904759e-01
686 7.877139136904752e-01
687 7.877139136904753e-01
688 7.877139136904748e-01
689 7.877139136904761e-01
690 7.877139136904761e-01
691 7.877139136904757e-01
692 7.877139136904752e-01
693 7.877139136904763e-01
694 7.877139136904756e-01
695 7.877139136904752e-01
696 7.877139136904761e-01
697 7.877139136904745e-01
698 7.877139136904751e-01
699 7.877139136904744e-01
700 7.877139136904773e-01
701 7.877139136904741e-01
702 7.877139136904753e-01
703 7.877139136904756e-01
704 7.877139136904738e-01
705 7.877139136904772e-01
706 7.877139136904745e-01
707 7.877139136904768e-01
708 7.877139136904744e-01
709 7.877139136904744e-01
710 7.877139136904749e-01
711 7.877139136904758e-01
712 7.877139136904771e-01
713 7.877139136904749e-01
714 7.877139136904762e-01
715 7.877139136904764e-01
716 7.877139136904758e-01
717 7.877139136904753e-01
718 7.877139136904771e-01
719 7.877139136904766e-01
720 7.877139136904746e-01
721 7.877139136904763e-01
722 7.877139136904748e-01
723 7.877139136904754e-01
724 7.877139136904765e-01
725 7.877139136904759e-01
726 7.877139136904792e-01
727 7.877139136904746e-01
728 7.877139136904814e-01
729 7.877139136904776e-01
730 7.877139136904757e-01
731 7.877139136904787e-01
732 7.877139136904754e-01
733 7.877139136904758e-01
734 7.877139136904762e-01
735 7.877139136904752e-01
736 7.877139136904744e-01
737 7.877139136904739e-01
738 7.877139136904751e-01
739 7.877139136904771e-01
740 7.877139136904781e-01
741 7.877139136904745e-01
742 7.877139136904749e-01
743 7.877139136904756e-01
744 7.877139136904768e-01
745 7.877139136904755e-01
746 7.877139136904749e-01
747 7.877139136904755e-01
748 7.877139136904767e-01
749 7.877139136904752e-01
750 7.877139136904748e-01
751 7.877139136904752e-01
752 7.877139136904757e-01
753 7.877139136904758e-01
754 7.877139136904774e-01
755 7.877139136904755e-01
756 7.877139136904752e-01
757 7.877139136904761e-01
758 7.877139136904756e-01
759 7.877139136904761e-01
760 7.877139136904782e-01
761 7.877139136904769e-01
762 7.877139136904771e-01
763 7.877139136904755e-01
764 7.877139136904769e-01
765 7.877139136904762e-01
766 7.877139136904718e-01


#a = 1.000000
1 5.240992326429712e-01
2 5.000000000106560e-01
3 5.000000000106550e-01
4 5.000000000106557e-01
5 5.268093368542391e-01
6 5.268093368542386e-01
7 5.268093368542377e-01
8 5.268093368542388e-01
9 5.268093368542388e-01
10 5.268093368542366e-01
11 5.000000000108703e-01
12 5.000000000108715e-01
13 5.000000000108693e-01
14 5.000000000108693e-01
15 5.000000000108690e-01
16 5.000000000108694e-01
17 5.000000000108700e-01
18 5.000000000108709e-01
19 5.000000000108713e-01
20 5.000000000108703e-01
21 5.000000000108700e-01
22 5.000000000108712e-01
23 5.363120032190865e-01
24 5.363120032190860e-01
25 5.363120032190857e-01
26 5.363120032190849e-01
27 5.363120032190846e-01
28 5.363120032190846e-01
29 5.363120032190845e-01
30 5.363120032190849e-01
31 5.363120032190848e-01
32 5.363120032190842e-01
33 5.363120032190853e-01
34 5.363120032190850e-01
35 5.363120032190851e-01
36 5.363120032190857e-01
37 5.363120032190857e-01
38 5.363120032190863e-01
39 5.363120032190856e-01
40 5.363120032190851e-01
41 5.363120032190849e-01
42 5.363120032190848e-01
43 5.363120032190846e-01
44 5.363120032190847e-01
45 5.363120032190860e-01
46 5.363120032190862e-01
47 5.000000000108042e-01
48 5.000000000108038e-01
49 5.000000000108040e-01
50 5.000000000108046e-01
51 5.000000000108031e-01
52 5.000000000108036e-01
53 5.000000000108032e-01
54 5.000000000108034e-01
55 5.000000000108036e-01
56 5.000000000108042e-01
57 5.000000000108037e-01
58 5.000000000108022e-01
59 5.000000000108040e-01
60 5.000000000108039e-01
61 5.000000000108036e-01
62 5.000000000108035e-01
63 5.000000000108035e-01
64 5.000000000108038e-01
65 5.000000000108035e-01
66 5.000000000108038e-01
67 5.000000000108038e-01
68 5.000000000108034e-01
69 5.000000000108038e-01
70 5.000000000108032e-01
71 5.000000000108038e-01
72 5.000000000108037e-01
73 5.000000000108036e-01
74 5.000000000108034e-01
75 5.000000000108041e-01
76 5.000000000108038e-01
77 5.000000000108042e-01
78 5.000000000108042e-01
79 5.000000000108022e-01
80 5.000000000108025e-01
81 5.000000000108034e-01
82 5.000000000108028e-01
83 5.000000000108042e-01
84 5.000000000108030e-01
85 5.000000000108026e-01
86 5.000000000108034e-01
87 5.000000000108005e-01
88 5.000000000108018e-01
89 5.000000000108034e-01
90 5.000000000108007e-01
91 5.000000000108064e-01
92 5.000000000108038e-01
93 5.000000000108045e-01
94 5.000000000108031e-01
95 5.662553741505038e-01
96 5.662553741505031e-01
97 5.662553741505022e-01
98 5.662553741505030e-01
99 5.662553741505036e-01
100 5.662553741505032e-01
101 5.662553741505031e-01
102 5.662553741505028e-01
103 5.662553741505033e-01
104 5.662553741505025e-01
105 5.662553741505034e-01
106 5.662553741505032e-01
107 5.662553741505031e-01
108 5.662553741505030e-01
109 5.662553741505034e-01
110 5.662553741505034e-01
111 5.662553741505015e-01
112 5.662553741505021e-01
113 5.662553741505026e-01
114 5.662553741505022e-01
115 5.662553741505023e-01
116 5.662553741505025e-01
117 5.662553741505029e-01
118 5.662553741505023e-01
119 5.662553741505028e-01
120 5.662553741505024e-01
121 5.662553741505030e-01
122 5.662553741505026e-01
123 5.662553741505023e-01
124 5.662553741505031e-01
125 5.662553741505020e-01
126 5.662553741505020e-01
127 5.662553741505032e-01
128 5.662553741505034e-01
129 5.662553741505029e-01
130 5.662553741505036e-01
131 5.662553741505023e-01
132 5.662553741505022e-01
133 5.662553741505030e-01
134 5.662553741505025e-01
135 5.662553741505021e-01
136 5.662553741505020e-01
137 5.662553741505020e-01
138 5.662553741505023e-01
139 5.662553741505025e-01
140 5.662553741505032e-01
141 5.662553741505036e-01
142 5.662553741505039e-01
143 5.662553741505033e-01
144 5.662553741505031e-01
145 5.662553741505034e-01
146 5.662553741505039e-01
147 5.662553741505030e-01
148 5.662553741505036e-01
149 5.662553741505028e-01
150 5.662553741505024e-01
151 5.662553741505028e-01
152 5.662553741505033e-01
153 5.662553741505029e-01
154 5.662553741505029e-01
155 5.662553741505026e-01
156 5.662553741505034e-01
157 5.662553741505026e-01
158 5.662553741505025e-01
159 5.662553741505019e-01
160 5.662553741505024e-01
161 5.662553741505020e-01
162 5.662553741505028e-01
163 5.662553741505025e-01
164 5.662553741505025e-01
165 5.662553741505028e-01
166 5.662553741505028e-01
167 5.662553741505019e-01
168 5.662553741505026e-01
169 5.662553741505023e-01
170 5.662553741505020e-01
171 5.662553741505024e-01
172 5.662553741505019e-01
173 5.662553741505023e-01
174 5.662553741505031e-01
175 5.662553741505033e-01
176 5.662553741505012e-01
177 5.662553741505016e-01
178 5.662553741505010e-01
179 5.662553741505030e-01
180 5.662553741505022e-01
181 5.662553741505035e-01
182 5.662553741505032e-01
183 5.662553741505041e-01
184 5.662553741505031e-01
185 5.662553741505043e-01
186 5.662553741505001e-01
187 5.662553741505051e-01
188 5.662553741505035e-01
189 5.662553741505042e-01
190 5.662553741505045e-01
191 5.000000000101229e-01
192 5.000000000101227e-01
193 5.000000000101226e-01
194 5.000000000101232e-01
195 5.000000000101225e-01
196 5.000000000101225e-01
197 5.000000000101237e-01
198 5.000000000101240e-01
199 5.000000000101221e-01
200 5.000000000101223e-01
201 5.000000000101215e-01
202 5.000000000101219e-01
203 5.000000000101210e-01
204 5.000000000101210e-01
205 5.000000000101210e-01
206 5.000000000101210e-01
207 5.000000000101236e-01
208 5.000000000101233e-01
209 5.000000000101217e-01
210 5.000000000101221e-01
211 5.000000000101219e-01
212 5.000000000101222e-01
213 5.000000000101228e-01
214 5.000000000101230e-01
215 5.000000000101226e-01
216 5.000000000101222e-01
217 5.000000000101221e-01
218 5.000000000101221e-01
219 5.000000000101223e-01
220 5.000000000101226e-01
221 5.000000000101228e-01
222 5.000000000101228e-01
223 5.000000000101212e-01
224 5.000000000101215e-01
225 5.000000000101205e-01
226 5.000000000101206e-01
227 5.000000000101212e-01
228 5.000000000101217e-01
229 5.000000000101218e-01
230 5.000000000101219e-01
231 5.000000000101231e-01
232 5.000000000101228e-01
233 5.000000000101215e-01
234 5.000000000101212e-01
235 5.000000000101221e-01
236 5.000000000101222e-01
237 5.000000000101225e-01
238 5.000000000101220e-01
239 5.000000000101218e-01
240 5.000000000101226e-01
241 5.000000000101208e-01
242 5.000000000101209e-01
243 5.000000000101221e-01
244 5.000000000101223e-01
245 5.000000000101220e-01
246 5.000000000101218e-01
247 5.000000000101226e-01
248 5.000000000101222e-01
249 5.000000000101221e-01
250 5.000000000101218e-01
251 5.000000000101225e-01
252 5.000000000101226e-01
253 5.000000000101219e-01
254 5.000000000101213e-01
255 5.000000000101229e-01
256 5.000000000101230e-01
257 5.000000000101229e-01
258 5.000000000101230e-01
259 5.000000000101223e-01
260 5.000000000101227e-01
261 5.000000000101232e-01
262 5.000000000101232e-01
263 5.000000000101210e-01
264 5.000000000101217e-01
265 5.000000000101221e-01
266 5.000000000101217e-01
267 5.000000000101226e-01
268 5.000000000101222e-01
269 5.000000000101222e-01
270 5.000000000101226e-01
271 5.000000000101226e-01
272 5.000000000101223e-01
273 5.000000000101223e-01
274 5.000000000101232e-01
275 5.000000000101232e-01
276 5.000000000101237e-01
277 5.000000000101222e-01
278 5.000000000101226e-01
279 5.000000000101223e-01
280 5.000000000101223e-01
281 5.000000000101219e-01
282 5.000000000101222e-01
283 5.000000000101228e-01
284 5.000000000101228e-01
285 5.000000000101226e-01
286 5.000000000101221e-01
287 5.000000000101235e-01
288 5.000000000101229e-01
289 5.000000000101235e-01
290 5.000000000101231e-01
291 5.000000000101219e-01
292 5.000000000101213e-01
293 5.000000000101226e-01
294 5.000000000101227e-01
295 5.000000000101228e-01
296 5.000000000101223e-01
297 5.000000000101225e-01
298 5.000000000101225e-01
299 5.000000000101235e-01
300 5.000000000101236e-01
301 5.000000000101222e-01
302 5.000000000101225e-01
303 5.000000000101226e-01
304 5.000000000101222e-01
305 5.000000000101217e-01
306 5.000000000101218e-01
307 5.000000000101221e-01
308 5.000000000101222e-01
309 5.000000000101237e-01
310 5.000000000101225e-01
311 5.000000000101227e-01
312 5.000000000101232e-01
313 5.000000000101223e-01
314 5.000000000101228e-01
315 5.000000000101226e-01
316 5.000000000101227e-01
317 5.000000000101223e-01
318 5.000000000101221e-01
319 5.000000000101222e-01
320 5.000000000101218e-01
321 5.000000000101219e-01
322 5.000000000101220e-01
323 5.000000000101226e-01
324 5.000000000101228e-01
325 5.000000000101227e-01
326 5.000000000101230e-01
327 5.000000000101230e-01
328 5.000000000101235e-01
329 5.000000000101221e-01
330 5.000000000101223e-01
331 5.000000000101221e-01
332 5.000000000101219e-01
333 5.000000000101223e-01
334 5.000000000101222e-01
335 5.000000000101225e-01
336 5.000000000101226e-01
337 5.000000000101221e-01
338 5.000000000101219e-01
339 5.000000000101219e-01
340 5.000000000101221e-01
341 5.000000000101229e-01
342 5.000000000101219e-01
343 5.000000000101223e-01
344 5.000000000101217e-01
345 5.000000000101220e-01
346 5.000000000101220e-01
347 5.000000000101225e-01
348 5.000000000101232e-01
349 5.000000000101232e-01
350 5.000000000101235e-01
351 5.000000000101232e-01
352 5.000000000101229e-01
353 5.000000000101212e-01
354 5.000000000101210e-01
355 5.000000000101226e-01
356 5.000000000101225e-01
357 5.000000000101199e-01
358 5.000000000101216e-01
359 5.000000000101205e-01
360 5.000000000101255e-01
361 5.000000000101272e-01
362 5.000000000101242e-01
363 5.000000000101226e-01
364 5.000000000101222e-01
365 5.000000000101238e-01
366 5.000000000101237e-01
367 5.000000000101236e-01
368 5.000000000101223e-01
369 5.000000000101218e-01
370 5.000000000101222e-01
371 5.000000000101269e-01
372 5.000000000101260e-01
373 5.000000000101232e-01
374 5.000000000101225e-01
375 5.000000000101217e-01
376 5.000000000101221e-01
377 5.000000000101232e-01
378 5.000000000101231e-01
379 5.000000000101231e-01
380 5.000000000101230e-01
381 5.000000000101227e-01
382 5.000000000101227e-01
383 8.140183352809882e-01
384 8.140183352809885e-01
385 8.140183352809929e-01
386 8.140183352809932e-01
387 8.140183352809908e-01
388 8.140183352809902e-01
389 8.140183352809900e-01
390 8.140183352809907e-01
391 8.140183352809911e-01
392 8.140183352809900e-01
393 8.140183352809929e-01
394 8.140183352809917e-01
395 8.140183352809911e-01
396 8.140183352809920e-01
397 8.140183352809923e-01
398 8.140183352809909e-01
399 8.140183352809914e-01
400 8.140183352809915e-01
401 8.140183352809917e-01
402 8.140183352809925e-01
403 8.140183352809913e-01
404 8.140183352809917e-01
405 8.140183352809900e-01
406 8.140183352809904e-01
407 8.140183352809903e-01
408 8.140183352809902e-01
409 8.140183352809910e-01
410 8.140183352809913e-01
411 8.140183352809900e-01
412 8.140183352809902e-01
413 8.140183352809903e-01
414 8.140183352809915e-01
415 8.140183352809917e-01
416 8.140183352809920e-01
417 8.140183352809932e-01
418 8.140183352809930e-01
419 8.140183352809922e-01
420 8.140183352809918e-01
421 8.140183352809902e-01
422 8.140183352809897e-01
423 8.140183352809925e-01
424 8.140183352809922e-01
425 8.140183352809910e-01
426 8.140183352809901e-01
427 8.140183352809905e-01
428 8.140183352809908e-01
429 8.140183352809903e-01
430 8.140183352809909e-01
431 8.140183352809895e-01
432 8.140183352809889e-01
433 8.140183352809873e-01
434 8.140183352809879e-01
435 8.140183352809904e-01
436 8.140183352809909e-01
437 8.140183352809911e-01
438 8.140183352809910e-01
439 8.140183352809899e-01
440 8.140183352809893e-01
441 8.140183352809915e-01
442 8.140183352809917e-01
443 8.140183352809900e-01
444 8.140183352809901e-01
445 8.140183352809894e-01
446 8.140183352809889e-01
447 8.140183352809917e-01
448 8.140183352809915e-01
449 8.140183352809918e-01
450 8.140183352809910e-01
451 8.140183352809920e-01
452 8.140183352809920e-01
453 8.140183352809921e-01
454 8.140183352809932e-01
455 8.140183352809924e-01
456 8.140183352809915e-01
457 8.140183352809904e-01
458 8.140183352809901e-01
459 8.140183352809920e-01
460 8.140183352809927e-01
461 8.140183352809930e-01
462 8.140183352809925e-01
463 8.140183352809909e-01
464 8.140183352809900e-01
465 8.140183352809901e-01
466 8.140183352809899e-01
467 8.140183352809908e-01
468 8.140183352809904e-01
469 8.140183352809912e-01
470 8.140183352809909e-01
471 8.140183352809885e-01
472 8.140183352809884e-01
473 8.140183352809902e-01
474 8.140183352809903e-01
475 8.140183352809917e-01
476 8.140183352809921e-01
477 8.140183352809900e-01
478 8.140183352809902e-01
479 8.140183352809917e-01
480 8.140183352809919e-01
481 8.140183352809908e-01
482 8.140183352809923e-01
483 8.140183352809880e-01
484 8.140183352809883e-01
485 8.140183352809907e-01
486 8.140183352809904e-01
487 8.140183352809908e-01
488 8.140183352809920e-01
489 8.140183352809907e-01
490 8.140183352809913e-01
491 8.140183352809892e-01
492 8.140183352809884e-01
493 8.140183352809922e-01
494 8.140183352809929e-01
495 8.140183352809885e-01
496 8.140183352809890e-01
497 8.140183352809908e-01
498 8.140183352809910e-01
499 8.140183352809904e-01
500 8.140183352809908e-01
501 8.140183352809900e-01
502 8.140183352809903e-01
503 8.140183352809915e-01
504 8.140183352809924e-01
505 8.140183352809908e-01
506 8.140183352809918e-01
507 8.140183352809900e-01
508 8.140183352809893e-01
509 8.140183352809891e-01
510 8.140183352809894e-01
511 8.140183352809895e-01
512 8.140183352809898e-01
513 8.140183352809912e-01
514 8.140183352809919e-01
515 8.140183352809923e-01
516 8.140183352809930e-01
517 8.140183352809929e-01
518 8.140183352809917e-01
519 8.140183352809940e-01
520 8.140183352809933e-01
521 8.140183352809900e-01
522 8.140183352809907e-01
523 8.140183352809925e-01
524 8.140183352809935e-01
525 8.140183352809929e-01
526 8.140183352809910e-01
527 8.140183352809923e-01
528 8.140183352809922e-01
529 8.140183352809921e-01
530 8.140183352809928e-01
531 8.140183352809930e-01
532 8.140183352809921e-01
533 8.140183352809910e-01
534 8.140183352809905e-01
535 8.140183352809910e-01
536 8.140183352809928e-01
537 8.140183352809917e-01
538 8.140183352809919e-01
539 8.140183352809907e-01
540 8.140183352809918e-01
541 8.140183352809905e-01
542 8.140183352809901e-01
543 8.140183352809898e-01
544 8.140183352809904e-01
545 8.140183352809902e-01
546 8.140183352809900e-01
547 8.140183352809907e-01
548 8.140183352809894e-01
549 8.140183352809893e-01
550 8.140183352809897e-01
551 8.140183352809901e-01
552 8.140183352809899e-01
553 8.140183352809913e-01
554 8.140183352809922e-01
555 8.140183352809918e-01
556 8.140183352809909e-01
557 8.140183352809915e-01
558 8.140183352809917e-01
559 8.140183352809912e-01
560 8.140183352809913e-01
561 8.140183352809917e-01
562 8.140183352809911e-01
563 8.140183352809907e-01
564 8.140183352809908e-01
565 8.140183352809917e-01
566 8.140183352809923e-01
567 8.140183352809910e-01
568 8.140183352809904e-01
569 8.140183352809903e-01
570 8.140183352809900e-01
571 8.140183352809913e-01
572 8.140183352809923e-01
573 8.140183352809924e-01
574 8.140183352809913e-01
575 8.140183352809903e-01
576 8.140183352809908e-01
577 8.140183352809903e-01
578 8.140183352809913e-01
579 8.140183352809907e-01
580 8.140183352809902e-01
581 8.140183352809920e-01
582 8.140183352809923e-01
583 8.140183352809910e-01
584 8.140183352809905e-01
585 8.140183352809923e-01
586 8.140183352809923e-01
587 8.140183352809919e-01
588 8.140183352809909e-01
589 8.140183352809927e-01
590 8.140183352809923e-01
591 8.140183352809913e-01
592 8.140183352809915e-01
593 8.140183352809921e-01
594 8.140183352809927e-01
595 8.140183352809918e-01
596 8.140183352809914e-01
597 8.140183352809909e-01
598 8.140183352809925e-01
599 8.140183352809913e-01
600 8.140183352809912e-01
601 8.140183352809910e-01
602 8.140183352809928e-01
603 8.140183352809917e-01
604 8.140183352809915e-01
605 8.140183352809904e-01
606 8.140183352809899e-01
607 8.140183352809902e-01
608 8.140183352809900e-01
609 8.140183352809913e-01
610 8.140183352809922e-01
611 8.140183352809900e-01
612 8.140183352809925e-01
613 8.140183352809923e-01
614 8.140183352809929e-01
615 8.140183352809899e-01
616 8.140183352809902e-01
617 8.140183352809910e-01
618 8.140183352809910e-01
619 8.140183352809904e-01
620 8.140183352809904e-01
621 8.140183352809911e-01
622 8.140183352809915e-01
623 8.140183352809903e-01
624 8.140183352809902e-01
625 8.140183352809898e-01
626 8.140183352809888e-01
627 8.140183352809918e-01
628 8.140183352809920e-01
629 8.140183352809907e-01
630 8.140183352809911e-01
631 8.140183352809905e-01
632 8.140183352809895e-01
633 8.140183352809905e-01
634 8.140183352809920e-01
635 8.140183352809914e-01
636 8.140183352809920e-01
637 8.140183352809913e-01
638 8.140183352809908e-01
639 8.140183352809900e-01
640 8.140183352809904e-01
641 8.140183352809907e-01
642 8.140183352809912e-01
643 8.140183352809905e-01
644 8.140183352809914e-01
645 8.140183352809921e-01
646 8.140183352809919e-01
647 8.140183352809898e-01
648 8.140183352809894e-01
649 8.140183352809923e-01
650 8.140183352809919e-01
651 8.140183352809917e-01
652 8.140183352809903e-01
653 8.140183352809905e-01
654 8.140183352809919e-01
655 8.140183352809908e-01
656 8.140183352809912e-01
657 8.140183352809900e-01
658 8.140183352809902e-01
659 8.140183352809914e-01
660 8.140183352809908e-01
661 8.140183352809912e-01
662 8.140183352809910e-01
663 8.140183352809901e-01
664 8.140183352809913e-01
665 8.140183352809913e-01
666 8.140183352809911e-01
667 8.140183352809912e-01
668 8.140183352809901e-01
669 8.140183352809922e-01
670 8.140183352809914e-01
671 8.140183352809918e-01
672 8.140183352809899e-01
673 8.140183352809903e-01
674 8.140183352809913e-01
675 8.140183352809915e-01
676 8.140183352809905e-01
677 8.140183352809909e-01
678 8.140183352809905e-01
679 8.140183352809904e-01
680 8.140183352809904e-01
681 8.140183352809905e-01
682 8.140183352809904e-01
683 8.140183352809904e-01
684 8.140183352809909e-01
685 8.140183352809903e-01
686 8.140183352809930e-01
687 8.140183352809917e-01
688 8.140183352809928e-01
689 8.140183352809915e-01
690 8.140183352809907e-01
691 8.140183352809910e-01
692 8.140183352809920e-01
693 8.140183352809911e-01
694 8.140183352809910e-01
695 8.140183352809897e-01
696 8.140183352809917e-01
697 8.140183352809917e-01
698 8.140183352809904e-01
699 8.140183352809920e-01
700 8.140183352809917e-01
701 8.140183352809893e-01
702 8.140183352809898e-01
703 8.140183352809911e-01
704 8.140183352809900e-01
705 8.140183352809921e-01
706 8.140183352809895e-01
707 8.140183352809902e-01
708 8.140183352809895e-01
709 8.140183352809933e-01
710 8.140183352809890e-01
711 8.140183352809907e-01
712 8.140183352809912e-01
713 8.140183352809883e-01
714 8.140183352809891e-01
715 8.140183352809927e-01
716 8.140183352809938e-01
717 8.140183352809889e-01
718 8.140183352809914e-01
719 8.140183352809938e-01
720 8.140183352809962e-01
721 8.140183352809860e-01
722 8.140183352809842e-01
723 8.140183352809858e-01
724 8.140183352809844e-01
725 8.140183352809928e-01
726 8.140183352809973e-01
727 8.140183352809898e-01
728 8.140183352809912e-01
729 8.140183352809904e-01
730 8.140183352809905e-01
731 8.140183352809939e-01
732 8.140183352809900e-01
733 8.140183352809889e-01
734 8.140183352809943e-01
735 8.140183352809899e-01
736 8.140183352809932e-01
737 8.140183352809935e-01
738 8.140183352809911e-01
739 8.140183352809901e-01
740 8.140183352809915e-01
741 8.140183352809920e-01
742 8.140183352809871e-01
743 8.140183352809938e-01
744 8.140183352809911e-01
745 8.140183352809909e-01
746 8.140183352809900e-01
747 8.140183352809922e-01
748 8.140183352809911e-01
749 8.140183352809931e-01
750 8.140183352809897e-01
751 8.140183352809934e-01
752 8.140183352809911e-01
753 8.140183352809903e-01
754 8.140183352809912e-01
755 8.140183352809915e-01
756 8.140183352809920e-01
757 8.140183352809903e-01
758 8.140183352809907e-01
759 8.140183352809924e-01
760 8.140183352809917e-01
761 8.140183352809903e-01
762 8.140183352809900e-01
763 8.140183352809888e-01
764 8.140183352809889e-01
765 8.140183352809935e-01
766 8.140183352809917e-01


#a = 2.000000
1 5.040961588478374e-01
2 5.000000000156231e-01
3 5.000000000156227e-01
4 5.000000000156223e-01
5 5.047342063995178e-01
6 5.047342063995168e-01
7 5.047342063995172e-01
8 5.047342063995174e-01
9 5.047342063995165e-01
10 5.047342063995170e-01
11 5.000000000158806e-01
12 5.000000000158801e-01
13 5.000000000158800e-01
14 5.000000000158800e-01
15 5.000000000158791e-01
16 5.000000000158792e-01
17 5.000000000158799e-01
18 5.000000000158794e-01
19 5.000000000158793e-01
20 5.000000000158795e-01
21 5.000000000158797e-01
22 5.000000000158801e-01
23 5.075884792365870e-01
24 5.075884792365865e-01
25 5.075884792365857e-01
26 5.075884792365852e-01
27 5.075884792365868e-01
28 5.075884792365855e-01
29 5.075884792365862e-01
30 5.075884792365857e-01
31 5.075884792365856e-01
32 5.075884792365858e-01
33 5.075884792365856e-01
34 5.075884792365859e-01
35 5.075884792365832e-01
36 5.075884792365842e-01
37 5.075884792365858e-01
38 5.075884792365850e-01
39 5.075884792365850e-01
40 5.075884792365856e-01
41 5.075884792365841e-01
42 5.075884792365857e-01
43 5.075884792365851e-01
44 5.075884792365865e-01
45 5.075884792365851e-01
46 5.075884792365848e-01
47 5.000000000165543e-01
48 5.000000000165540e-01
49 5.000000000165550e-01
50 5.000000000165543e-01
51 5.000000000165538e-01
52 5.000000000165534e-01
53 5.000000000165541e-01
54 5.000000000165550e-01
55 5.000000000165538e-01
56 5.000000000165543e-01
57 5.000000000165541e-01
58 5.000000000165543e-01
59 5.000000000165532e-01
60 5.000000000165531e-01
61 5.000000000165529e-01
62 5.000000000165528e-01
63 5.000000000165542e-01
64 5.000000000165542e-01
65 5.000000000165543e-01
66 5.000000000165543e-01
67 5.000000000165531e-01
68 5.000000000165529e-01
69 5.000000000165536e-01
70 5.000000000165540e-01
71 5.000000000165532e-01
72 5.000000000165525e-01
73 5.000000000165529e-01
74 5.000000000165520e-01
75 5.000000000165534e-01
76 5.000000000165528e-01
77 5.000000000165533e-01
78 5.000000000165533e-01
79 5.000000000165528e-01
80 5.000000000165528e-01
81 5.000000000165525e-01
82 5.000000000165526e-01
83 5.000000000165528e-01
84 5.000000000165539e-01
85 5.000000000165534e-01
86 5.000000000165528e-01
87 5.000000000165531e-01
88 5.000000000165533e-01
89 5.000000000165564e-01
90 5.000000000165538e-01
91 5.000000000165540e-01
92 5.000000000165572e-01
93 5.000000000165525e-01
94 5.000000000165530e-01
95 5.207743695766032e-01
96 5.207743695766035e-01
97 5.207743695766045e-01
98 5.207743695766046e-01
99 5.207743695766037e-01
100 5.207743695766038e-01
101 5.207743695766038e-01
102 5.207743695766042e-01
103 5.207743695766033e-01
104 5.207743695766029e-01
105 5.207743695766035e-01
106 5.207743695766033e-01
107 5.207743695766039e-01
108 5.207743695766037e-01
109 5.207743695766039e-01
110 5.207743695766032e-01
111 5.207743695766035e-01
112 5.207743695766035e-01
113 5.207743695766031e-01
114 5.207743695766038e-01
115 5.207743695766039e-01
116 5.207743695766041e-01
117 5.207743695766041e-01
118 5.207743695766042e-01
119 5.207743695766035e-01
120 5.207743695766035e-01
121 5.207743695766038e-01
122 5.207743695766031e-01
123 5.207743695766036e-01
124 5.207743695766035e-01
125 5.207743695766034e-01
126 5.207743695766034e-01
127 5.207743695766044e-01
128 5.207743695766043e-01
129 5.207743695766033e-01
130 5.207743695766039e-01
131 5.207743695766039e-01
132 5.207743695766047e-01
133 5.207743695766033e-01
134 5.207743695766035e-01
135 5.207743695766038e-01
136 5.207743695766037e-01
137 5.207743695766032e-01
138 5.207743695766042e-01
139 5.207743695766039e-01
140 5.207743695766039e-01
141 5.207743695766039e-01
142 5.207743695766039e-01
143 5.207743695766028e-01
144 5.207743695766027e-01
145 5.207743695766029e-01
146 5.207743695766029e-01
147 5.207743695766031e-01
148 5.207743695766029e-01
149 5.207743695766036e-01
150 5.207743695766034e-01
151 5.207743695766037e-01
152 5.207743695766036e-01
153 5.207743695766035e-01
154 5.207743695766031e-01
155 5.207743695766036e-01
156 5.207743695766036e-01
157 5.207743695766031e-01
158 5.207743695766037e-01
159 5.207743695766041e-01
160 5.207743695766038e-01
161 5.207743695766035e-01
162 5.207743695766035e-01
163 5.207743695766037e-01
164 5.207743695766042e-01
165 5.207743695766039e-01
166 5.207743695766039e-01
167 5.207743695766032e-01
168 5.207743695766028e-01
169 5.207743695766035e-01
170 5.207743695766035e-01
171 5.207743695766039e-01
172 5.207743695766041e-01
173 5.207743695766036e-01
174 5.207743695766037e-01
175 5.207743695766028e-01
176 5.207743695766034e-01
177 5.207743695766038e-01
178 5.207743695766041e-01
179 5.207743695766044e-01
180 5.207743695766039e-01
181 5.207743695766052e-01
182 5.207743695766035e-01
183 5.207743695766045e-01
184 5.207743695766058e-01
185 5.207743695766041e-01
186 5.207743695766048e-01
187 5.207743695766035e-01
188 5.207743695766032e-01
189 5.207743695766039e-01
190 5.207743695766022e-01
191 5.000000000199016e-01
192 5.000000000199016e-01
193 5.000000000199016e-01
194 5.000000000199015e-01
195 5.000000000199021e-01
196 5.000000000199021e-01
197 5.000000000199015e-01
198 5.000000000199014e-01
199 5.000000000199006e-01
200 5.000000000199005e-01
201 5.000000000199010e-01
202 5.000000000199010e-01
203 5.000000000199013e-01
204 5.000000000199014e-01
205 5.000000000199019e-01
206 5.000000000199014e-01
207 5.000000000199016e-01
208 5.000000000199011e-01
209 5.000000000199012e-01
210 5.000000000199013e-01
211 5.000000000199015e-01
212 5.000000000199019e-01
213 5.000000000199019e-01
214 5.000000000199019e-01
215 5.000000000199009e-01
216 5.000000000199009e-01
217 5.000000000199014e-01
218 5.000000000199012e-01
219 5.000000000199016e-01
220 5.000000000199011e-01
221 5.000000000199015e-01
222 5.000000000199014e-01
223 5.000000000199012e-01
224 5.000000000199011e-01
225 5.000000000199007e-01
226 5.000000000199006e-01
227 5.000000000199006e-01
228 5.000000000199006e-01
229 5.000000000199010e-01
230 5.000000000199011e-01
231 5.000000000199010e-01
232 5.000000000199007e-01
233 5.000000000199014e-01
234 5.000000000199014e-01
235 5.000000000199012e-01
236 5.000000000199012e-01
237 5.000000000199020e-01
238 5.000000000199016e-01
239 5.000000000199019e-01
240 5.000000000199019e-01
241 5.000000000199017e-01
242 5.000000000199014e-01
243 5.000000000199013e-01
244 5.000000000199013e-01
245 5.000000000199011e-01
246 5.000000000199012e-01
247 5.000000000199011e-01
248 5.000000000199010e-01
249 5.000000000199014e-01
250 5.000000000199012e-01
251 5.000000000199012e-01
252 5.000000000199015e-01
253 5.000000000199007e-01
254 5.000000000199009e-01
255 5.000000000199016e-01
256 5.000000000199019e-01
257 5.000000000199014e-01
258 5.000000000199012e-01
259 5.000000000199012e-01
260 5.000000000199014e-01
261 5.000000000199012e-01
262 5.000000000199014e-01
263 5.000000000199013e-01
264 5.000000000199007e-01
265 5.000000000199014e-01
266 5.000000000199015e-01
267 5.000000000199017e-01
268 5.000000000199019e-01
269 5.000000000199013e-01
270 5.000000000199016e-01
271 5.000000000199013e-01
272 5.000000000199016e-01
273 5.000000000199013e-01
274 5.000000000199019e-01
275 5.000000000199010e-01
276 5.000000000199011e-01
277 5.000000000199015e-01
278 5.000000000199016e-01
279 5.000000000199010e-01
280 5.000000000199011e-01
281 5.000000000199016e-01
282 5.000000000199012e-01
283 5.000000000199021e-01
284 5.000000000199016e-01
285 5.000000000199015e-01
286 5.000000000199015e-01
287 5.000000000198994e-01
288 5.000000000199013e-01
289 5.000000000199016e-01
290 5.000000000199016e-01
291 5.000000000199012e-01
292 5.000000000199011e-01
293 5.000000000199009e-01
294 5.000000000199012e-01
295 5.000000000199011e-01
296 5.000000000199011e-01
297 5.000000000199007e-01
298 5.000000000199011e-01
299 5.000000000199010e-01
300 5.000000000199009e-01
301 5.000000000199019e-01
302 5.000000000199013e-01
303 5.000000000199019e-01
304 5.000000000199017e-01
305 5.000000000199014e-01
306 5.000000000199012e-01
307 5.000000000199014e-01
308 5.000000000199012e-01
309 5.000000000199010e-01
310 5.000000000199012e-01
311 5.000000000199007e-01
312 5.000000000199014e-01
313 5.000000000199014e-01
314 5.000000000199011e-01
315 5.000000000199016e-01
316 5.000000000199016e-01
317 5.000000000199003e-01
318 5.000000000199001e-01
319 5.000000000199012e-01
320 5.000000000199024e-01
321 5.000000000199016e-01
322 5.000000000199016e-01
323 5.000000000199012e-01
324 5.000000000198997e-01
325 5.000000000199026e-01
326 5.000000000199019e-01
327 5.000000000199007e-01
328 5.000000000199011e-01
329 5.000000000199012e-01
330 5.000000000199013e-01
331 5.000000000199005e-01
332 5.000000000199015e-01
333 5.000000000199007e-01
334 5.000000000199009e-01
335 5.000000000199005e-01
336 5.000000000198999e-01
337 5.000000000199002e-01
338 5.000000000199012e-01
339 5.000000000199004e-01
340 5.000000000199010e-01
341 5.000000000199003e-01
342 5.000000000199006e-01
343 5.000000000199012e-01
344 5.000000000199021e-01
345 5.000000000199016e-01
346 5.000000000199012e-01
347 5.000000000198999e-01
348 5.000000000199019e-01
349 5.000000000199014e-01
350 5.000000000199011e-01
351 5.000000000199007e-01
352 5.000000000199023e-01
353 5.000000000198992e-01
354 5.000000000199021e-01
355 5.000000000199092e-01
356 5.000000000199023e-01
357 5.000000000198990e-01
358 5.000000000199001e-01
359 5.000000000199001e-01
360 5.000000000199040e-01
361 5.000000000199037e-01
362 5.000000000198968e-01
363 5.000000000199001e-01
364 5.000000000199019e-01
365 5.000000000199012e-01
366 5.000000000199014e-01
367 5.000000000198979e-01
368 5.000000000198962e-01
369 5.000000000199010e-01
370 5.000000000199009e-01
371 5.000000000198995e-01
372 5.000000000199019e-01
373 5.000000000199044e-01
374 5.000000000199047e-01
375 5.000000000198999e-01
376 5.000000000198946e-01
377 5.000000000198999e-01
378 5.000000000198997e-01
379 5.000000000199013e-01
380 5.000000000198996e-01
381 5.000000000198940e-01
382 5.000000000198961e-01
383 8.275808219189319e-01
384 8.275808219189312e-01
385 8.275808219189321e-01
386 8.275808219189325e-01
387 8.275808219189315e-01
388 8.275808219189319e-01
389 8.275808219189327e-01
390 8.275808219189322e-01
391 8.275808219189313e-01
392 8.275808219189322e-01
393 8.275808219189320e-01
394 8.275808219189320e-01
395 8.275808219189327e-01
396 8.275808219189321e-01
397 8.275808219189321e-01
398 8.275808219189325e-01
399 8.275808219189322e-01
400 8.275808219189320e-01
401 8.275808219189318e-01
402 8.275808219189317e-01
403 8.275808219189315e-01
404 8.275808219189325e-01
405 8.275808219189317e-01
406 8.275808219189321e-01
407 8.275808219189319e-01
408 8.275808219189320e-01
409 8.275808219189327e-01
410 8.275808219189320e-01
411 8.275808219189316e-01
412 8.275808219189322e-01
413 8.275808219189321e-01
414 8.275808219189322e-01
415 8.275808219189321e-01
416 8.275808219189320e-01
417 8.275808219189321e-01
418 8.275808219189327e-01
419 8.275808219189325e-01
420 8.275808219189323e-01
421 8.275808219189325e-01
422 8.275808219189322e-01
423 8.275808219189318e-01
424 8.275808219189325e-01
425 8.275808219189320e-01
426 8.275808219189320e-01
427 8.275808219189322e-01
428 8.275808219189326e-01
429 8.275808219189330e-01
430 8.275808219189326e-01
431 8.275808219189329e-01
432 8.275808219189336e-01
433 8.275808219189331e-01
434 8.275808219189323e-01
435 8.275808219189316e-01
436 8.275808219189318e-01
437 8.275808219189325e-01
438 8.275808219189323e-01
439 8.275808219189332e-01
440 8.275808219189326e-01
441 8.275808219189318e-01
442 8.275808219189320e-01
443 8.275808219189322e-01
444 8.275808219189322e-01
445 8.275808219189319e-01
446 8.275808219189321e-01
447 8.275808219189320e-01
448 8.275808219189325e-01
449 8.275808219189327e-01
450 8.275808219189325e-01
451 8.275808219189320e-01
452 8.275808219189316e-01
453 8.275808219189321e-01
454 8.275808219189325e-01
455 8.275808219189323e-01
456 8.275808219189325e-01
457 8.275808219189326e-01
458 8.275808219189320e-01
459 8.275808219189322e-01
460 8.275808219189320e-01
461 8.275808219189325e-01
462 8.275808219189327e-01
463 8.275808219189317e-01
464 8.275808219189316e-01
465 8.275808219189321e-01
466 8.275808219189317e-01
467 8.275808219189320e-01
468 8.275808219189320e-01
469 8.275808219189321e-01
470 8.275808219189321e-01
471 8.275808219189321e-01
472 8.275808219189323e-01
473 8.275808219189326e-01
474 8.275808219189326e-01
475 8.275808219189322e-01
476 8.275808219189319e-01
477 8.275808219189321e-01
478 8.275808219189327e-01
479 8.275808219189327e-01
480 8.275808219189322e-01
481 8.275808219189317e-01
482 8.275808219189310e-01
483 8.275808219189323e-01
484 8.275808219189321e-01
485 8.275808219189325e-01
486 8.275808219189322e-01
487 8.275808219189317e-01
488 8.275808219189327e-01
489 8.275808219189336e-01
490 8.275808219189325e-01
491 8.275808219189327e-01
492 8.275808219189323e-01
493 8.275808219189317e-01
494 8.275808219189321e-01
495 8.275808219189323e-01
496 8.275808219189329e-01
497 8.275808219189315e-01
498 8.275808219189323e-01
499 8.275808219189323e-01
500 8.275808219189315e-01
501 8.275808219189325e-01
502 8.275808219189326e-01
503 8.275808219189318e-01
504 8.275808219189326e-01
505 8.275808219189317e-01
506 8.275808219189320e-01
507 8.275808219189323e-01
508 8.275808219189321e-01
509 8.275808219189321e-01
510 8.275808219189328e-01
511 8.275808219189325e-01
512 8.275808219189327e-01
513 8.275808219189313e-01
514 8.275808219189312e-01
515 8.275808219189319e-01
516 8.275808219189326e-01
517 8.275808219189321e-01
518 8.275808219189322e-01
519 8.275808219189330e-01
520 8.275808219189311e-01
521 8.275808219189319e-01
522 8.275808219189325e-01
523 8.275808219189319e-01
524 8.275808219189327e-01
525 8.275808219189322e-01
526 8.275808219189315e-01
527 8.275808219189321e-01
528 8.275808219189319e-01
529 8.275808219189325e-01
530 8.275808219189338e-01
531 8.275808219189321e-01
532 8.275808219189320e-01
533 8.275808219189322e-01
534 8.275808219189322e-01
535 8.275808219189323e-01
536 8.275808219189328e-01
537 8.275808219189320e-01
538 8.275808219189319e-01
539 8.275808219189321e-01
540 8.275808219189332e-01
541 8.275808219189332e-01
542 8.275808219189323e-01
543 8.275808219189325e-01
544 8.275808219189320e-01
545 8.275808219189320e-01
546 8.275808219189325e-01
547 8.275808219189330e-01
548 8.275808219189325e-01
549 8.275808219189313e-01
550 8.275808219189323e-01
551 8.275808219189322e-01
552 8.275808219189320e-01
553 8.275808219189317e-01
554 8.275808219189322e-01
555 8.275808219189325e-01
556 8.275808219189322e-01
557 8.275808219189326e-01
558 8.275808219189313e-01
559 8.275808219189318e-01
560 8.275808219189316e-01
561 8.275808219189319e-01
562 8.275808219189318e-01
563 8.275808219189329e-01
564 8.275808219189325e-01
565 8.275808219189316e-01
566 8.275808219189333e-01
567 8.275808219189320e-01
568 8.275808219189332e-01
569 8.275808219189332e-01
570 8.275808219189325e-01
571 8.275808219189323e-01
572 8.275808219189318e-01
573 8.275808219189316e-01
574 8.275808219189323e-01
575 8.275808219189330e-01
576 8.275808219189345e-01
577 8.275808219189315e-01
578 8.275808219189309e-01
579 8.275808219189321e-01
580 8.275808219189331e-01
581 8.275808219189317e-01
582 8.275808219189323e-01
583 8.275808219189326e-01
584 8.275808219189320e-01
585 8.275808219189325e-01
586 8.275808219189339e-01
587 8.275808219189325e-01
588 8.275808219189313e-01
589 8.275808219189319e-01
590 8.275808219189328e-01
591 8.275808219189313e-01
592 8.275808219189337e-01
593 8.275808219189323e-01
594 8.275808219189306e-01
595 8.275808219189312e-01
596 8.275808219189338e-01
597 8.275808219189322e-01
598 8.275808219189317e-01
599 8.275808219189319e-01
600 8.275808219189315e-01
601 8.275808219189318e-01
602 8.275808219189321e-01
603 8.275808219189322e-01
604 8.275808219189317e-01
605 8.275808219189321e-01
606 8.275808219189323e-01
607 8.275808219189315e-01
608 8.275808219189311e-01
609 8.275808219189329e-01
610 8.275808219189322e-01
611 8.275808219189320e-01
612 8.275808219189323e-01
613 8.275808219189325e-01
614 8.275808219189315e-01
615 8.275808219189315e-01
616 8.275808219189315e-01
617 8.275808219189326e-01
618 8.275808219189327e-01
619 8.275808219189328e-01
620 8.275808219189326e-01
621 8.275808219189321e-01
622 8.275808219189315e-01
623 8.275808219189330e-01
624 8.275808219189336e-01
625 8.275808219189323e-01
626 8.275808219189322e-01
627 8.275808219189297e-01
628 8.275808219189352e-01
629 8.275808219189323e-01
630 8.275808219189315e-01
631 8.275808219189318e-01
632 8.275808219189316e-01
633 8.275808219189317e-01
634 8.275808219189331e-01
635 8.275808219189330e-01
636 8.275808219189322e-01
637 8.275808219189337e-01
638 8.275808219189341e-01
639 8.275808219189347e-01
640 8.275808219189328e-01
641 8.275808219189331e-01
642 8.275808219189288e-01
643 8.275808219189323e-01
644 8.275808219189322e-01
645 8.275808219189321e-01
646 8.275808219189319e-01
647 8.275808219189325e-01
648 8.275808219189328e-01
649 8.275808219189359e-01
650 8.275808219189333e-01
651 8.275808219189326e-01
652 8.275808219189322e-01
653 8.275808219189306e-01
654 8.275808219189303e-01
655 8.275808219189337e-01
656 8.275808219189310e-01
657 8.275808219189328e-01
658 8.275808219189315e-01
659 8.275808219189330e-01
660 8.275808219189319e-01
661 8.275808219189323e-01
662 8.275808219189327e-01
663 8.275808219189321e-01
664 8.275808219189338e-01
665 8.275808219189318e-01
666 8.275808219189307e-01
667 8.275808219189321e-01
668 8.275808219189320e-01
669 8.275808219189320e-01
670 8.275808219189331e-01
671 8.275808219189305e-01
672 8.275808219189346e-01
673 8.275808219189318e-01
674 8.275808219189321e-01
675 8.275808219189359e-01
676 8.275808219189310e-01
677 8.275808219189335e-01
678 8.275808219189308e-01
679 8.275808219189325e-01
680 8.275808219189322e-01
681 8.275808219189335e-01
682 8.275808219189337e-01
683 8.275808219189332e-01
684 8.275808219189317e-01
685 8.275808219189320e-01
686 8.275808219189325e-01
687 8.275808219189321e-01
688 8.275808219189318e-01
689 8.275808219189303e-01
690 8.275808219189363e-01
691 8.275808219189319e-01
692 8.275808219189322e-01
693 8.275808219189315e-01
694 8.275808219189332e-01
695 8.275808219189376e-01
696 8.275808219189302e-01
697 8.275808219189278e-01
698 8.275808219189279e-01
699 8.275808219189313e-01
700 8.275808219189315e-01
701 8.275808219189319e-01
702 8.275808219189329e-01
703 8.275808219189327e-01
704 8.275808219189319e-01
705 8.275808219189289e-01
706 8.275808219189317e-01
707 8.275808219189354e-01
708 8.275808219189342e-01
709 8.275808219189265e-01
710 8.275808219189331e-01
711 8.275808219189194e-01
712 8.275808219189213e-01
713 8.275808219189412e-01
714 8.275808219189348e-01
715 8.275808219189377e-01
716 8.275808219189256e-01
717 8.275808219189341e-01
718 8.275808219189378e-01
719 8.275808219189278e-01
720 8.275808219189286e-01
721 8.275808219189383e-01
722 8.275808219189286e-01
723 8.275808219189265e-01
724 8.275808219189414e-01
725 8.275808219189368e-01
726 8.275808219189272e-01
727 8.275808219189345e-01
728 8.275808219189337e-01
729 8.275808219189331e-01
730 8.275808219189338e-01
731 8.275808219189332e-01
732 8.275808219189316e-01
733 8.275808219189322e-01
734 8.275808219189343e-01
735 8.275808219189267e-01
736 8.275808219189354e-01
737 8.275808219189353e-01
738 8.275808219189263e-01
739 8.275808219189318e-01
740 8.275808219189333e-01
741 8.275808219189434e-01
742 8.275808219189337e-01
743 8.275808219189360e-01
744 8.275808219189299e-01
745 8.275808219189345e-01
746 8.275808219189428e-01
747 8.275808219189139e-01
748 8.275808219189322e-01
749 8.275808219189311e-01
750 8.275808219189210e-01
751 8.275808219189282e-01
752 8.275808219189247e-01
753 8.275808219189479e-01
754 8.275808219189269e-01
755 8.275808219189338e-01
756 8.275808219189370e-01
757 8.275808219189333e-01
758 8.275808219189342e-01
759 8.275808219189309e-01
760 8.275808219189291e-01
761 8.275808219189310e-01
762 8.275808219189321e-01
763 8.275808219189323e-01
764 8.275808219189327e-01
765 8.275808219189332e-01
766 8.275808219189333e-01


#a = 3.000000
1 5.005231968228663e-01
2 5.000000000161983e-01
3 5.000000000161979e-01
4 5.000000000161997e-01
5 5.006445973607203e-01
6 5.006445973607195e-01
7 5.006445973607188e-01
8 5.006445973607186e-01
9 5.006445973607201e-01
10 5.006445973607186e-01
11 5.000000000167246e-01
12 5.000000000167231e-01
13 5.000000000167212e-01
14 5.000000000167208e-01
15 5.000000000167230e-01
16 5.000000000167220e-01
17 5.000000000167208e-01
18 5.000000000167216e-01
19 5.000000000167224e-01
20 5.000000000167222e-01
21 5.000000000167241e-01
22 5.000000000167252e-01
23 5.012863068158639e-01
24 5.012863068158633e-01
25 5.012863068158628e-01
26 5.012863068158631e-01
27 5.012863068158623e-01
28 5.012863068158621e-01
29 5.012863068158635e-01
30 5.012863068158632e-01
31 5.012863068158617e-01
32 5.012863068158624e-01
33 5.012863068158614e-01
34 5.012863068158612e-01
35 5.012863068158625e-01
36 5.012863068158618e-01
37 5.012863068158617e-01
38 5.012863068158613e-01
39 5.012863068158623e-01
40 5.012863068158624e-01
41 5.012863068158641e-01
42 5.012863068158634e-01
43 5.012863068158607e-01
44 5.012863068158613e-01
45 5.012863068158642e-01
46 5.012863068158644e-01
47 5.000000000186084e-01
48 5.000000000186079e-01
49 5.000000000186084e-01
50 5.000000000186081e-01
51 5.000000000186073e-01
52 5.000000000186074e-01
53 5.000000000186080e-01
54 5.000000000186086e-01
55 5.000000000186078e-01
56 5.000000000186073e-01
57 5.000000000186080e-01
58 5.000000000186069e-01
59 5.000000000186088e-01
60 5.000000000186079e-01
61 5.000000000186081e-01
62 5.000000000186089e-01
63 5.000000000186078e-01
64 5.000000000186072e-01
65 5.000000000186080e-01
66 5.000000000186062e-01
67 5.000000000186071e-01
68 5.000000000186079e-01
69 5.000000000186088e-01
70 5.000000000186084e-01
71 5.000000000186089e-01
72 5.000000000186080e-01
73 5.000000000186083e-01
74 5.000000000186087e-01
75 5.000000000186074e-01
76 5.000000000186071e-01
77 5.000000000186089e-01
78 5.000000000186081e-01
79 5.000000000186080e-01
80 5.000000000186070e-01
81 5.000000000186078e-01
82 5.000000000186073e-01
83 5.000000000186071e-01
84 5.000000000186076e-01
85 5.000000000186078e-01
86 5.000000000186079e-01
87 5.000000000186124e-01
88 5.000000000186018e-01
89 5.000000000186061e-01
90 5.000000000186055e-01
91 5.000000000186084e-01
92 5.000000000186071e-01
93 5.000000000186096e-01
94 5.000000000186107e-01
95 5.056690747103795e-01
96 5.056690747103796e-01
97 5.056690747103790e-01
98 5.056690747103786e-01
99 5.056690747103794e-01
100 5.056690747103797e-01
101 5.056690747103800e-01
102 5.056690747103798e-01
103 5.056690747103789e-01
104 5.056690747103786e-01
105 5.056690747103785e-01
106 5.056690747103791e-01
107 5.056690747103787e-01
108 5.056690747103787e-01
109 5.056690747103791e-01
110 5.056690747103781e-01
111 5.056690747103786e-01
112 5.056690747103787e-01
113 5.056690747103786e-01
114 5.056690747103789e-01
115 5.056690747103795e-01
116 5.056690747103790e-01
117 5.056690747103794e-01
118 5.056690747103789e-01
119 5.056690747103784e-01
120 5.056690747103789e-01
121 5.056690747103789e-01
122 5.056690747103781e-01
123 5.056690747103791e-01
124 5.056690747103797e-01
125 5.056690747103793e-01
126 5.056690747103797e-01
127 5.056690747103777e-01
128 5.056690747103784e-01
129 5.056690747103786e-01
130 5.056690747103790e-01
131 5.056690747103796e-01
132 5.056690747103786e-01
133 5.056690747103786e-01
134 5.056690747103785e-01
135 5.056690747103781e-01
136 5.056690747103781e-01
137 5.056690747103768e-01
138 5.056690747103787e-01
139 5.056690747103791e-01
140 5.056690747103790e-01
141 5.056690747103787e-01
142 5.056690747103785e-01
143 5.056690747103784e-01
144 5.056690747103790e-01
145 5.056690747103793e-01
146 5.056690747103790e-01
147 5.056690747103795e-01
148 5.056690747103791e-01
149 5.056690747103787e-01
150 5.056690747103791e-01
151 5.056690747103788e-01
152 5.056690747103793e-01
153 5.056690747103791e-01
154 5.056690747103790e-01
155 5.056690747103786e-01
156 5.056690747103795e-01
157 5.056690747103791e-01
158 5.056690747103785e-01
159 5.056690747103790e-01
160 5.056690747103788e-01
161 5.056690747103791e-01
162 5.056690747103797e-01
163 5.056690747103785e-01
164 5.056690747103786e-01
165 5.056690747103789e-01
166 5.056690747103793e-01
167 5.056690747103795e-01
168 5.056690747103794e-01
169 5.056690747103797e-01
170 5.056690747103788e-01
171 5.056690747103789e-01
172 5.056690747103790e-01
173 5.056690747103798e-01
174 5.056690747103791e-01
175 5.056690747103809e-01
176 5.056690747103806e-01
177 5.056690747103806e-01
178 5.056690747103806e-01
179 5.056690747103786e-01
180 5.056690747103784e-01
181 5.056690747103786e-01
182 5.056690747103785e-01
183 5.056690747103822e-01
184 5.056690747103791e-01
185 5.056690747103800e-01
186 5.056690747103790e-01
187 5.056690747103778e-01
188 5.056690747103786e-01
189 5.056690747103803e-01
190 5.056690747103807e-01
191 5.000000000356619e-01
192 5.000000000356618e-01
193 5.000000000356619e-01
194 5.000000000356620e-01
195 5.000000000356615e-01
196 5.000000000356614e-01
197 5.000000000356609e-01
198 5.000000000356613e-01
199 5.000000000356608e-01
200 5.000000000356611e-01
201 5.000000000356629e-01
202 5.000000000356631e-01
203 5.000000000356601e-01
204 5.000000000356605e-01
205 5.000000000356629e-01
206 5.000000000356626e-01
207 5.000000000356605e-01
208 5.000000000356606e-01
209 5.000000000356613e-01
210 5.000000000356615e-01
211 5.000000000356619e-01
212 5.000000000356625e-01
213 5.000000000356620e-01
214 5.000000000356615e-01
215 5.000000000356615e-01
216 5.000000000356620e-01
217 5.000000000356604e-01
218 5.000000000356608e-01
219 5.000000000356616e-01
220 5.000000000356619e-01
221 5.000000000356617e-01
222 5.000000000356615e-01
223 5.000000000356617e-01
224 5.000000000356617e-01
225 5.000000000356624e-01
226 5.000000000356621e-01
227 5.000000000356619e-01
228 5.000000000356617e-01
229 5.000000000356633e-01
230 5.000000000356627e-01
231 5.000000000356624e-01
232 5.000000000356619e-01
233 5.000000000356615e-01
234 5.000000000356615e-01
235 5.000000000356625e-01
236 5.000000000356621e-01
237 5.000000000356617e-01
238 5.000000000356621e-01
239 5.000000000356620e-01
240 5.000000000356615e-01
241 5.000000000356630e-01
242 5.000000000356628e-01
243 5.000000000356613e-01
244 5.000000000356617e-01
245 5.000000000356628e-01
246 5.000000000356624e-01
247 5.000000000356610e-01
248 5.000000000356608e-01
249 5.000000000356626e-01
250 5.000000000356633e-01
251 5.000000000356609e-01
252 5.000000000356619e-01
253 5.000000000356610e-01
254 5.000000000356618e-01
255 5.000000000356607e-01
256 5.000000000356608e-01
257 5.000000000356621e-01
258 5.000000000356614e-01
259 5.000000000356598e-01
260 5.000000000356599e-01
261 5.000000000356610e-01
262 5.000000000356615e-01
263 5.000000000356627e-01
264 5.000000000356630e-01
265 5.000000000356630e-01
266 5.000000000356624e-01
267 5.000000000356623e-01
268 5.000000000356625e-01
269 5.000000000356623e-01
270 5.000000000356626e-01
271 5.000000000356606e-01
272 5.000000000356610e-01
273 5.000000000356595e-01
274 5.000000000356579e-01
275 5.000000000356628e-01
276 5.000000000356630e-01
277 5.000000000356608e-01
278 5.000000000356603e-01
279 5.000000000356608e-01
280 5.000000000356603e-01
281 5.000000000356626e-01
282 5.000000000356621e-01
283 5.000000000356615e-01
284 5.000000000356614e-01
285 5.000000000356611e-01
286 5.000000000356613e-01
287 5.000000000356580e-01
288 5.000000000356613e-01
289 5.000000000356619e-01
290 5.000000000356625e-01
291 5.000000000356621e-01
292 5.000000000356605e-01
293 5.000000000356619e-01
294 5.000000000356624e-01
295 5.000000000356626e-01
296 5.000000000356619e-01
297 5.000000000356600e-01
298 5.000000000356621e-01
299 5.000000000356594e-01
300 5.000000000356599e-01
301 5.000000000356615e-01
302 5.000000000356619e-01
303 5.000000000356579e-01
304 5.000000000356603e-01
305 5.000000000356616e-01
306 5.000000000356613e-01
307 5.000000000356600e-01
308 5.000000000356615e-01
309 5.000000000356615e-01
310 5.000000000356625e-01
311 5.000000000356599e-01
312 5.000000000356604e-01
313 5.000000000356639e-01
314 5.000000000356626e-01
315 5.000000000356616e-01
316 5.000000000356604e-01
317 5.000000000356615e-01
318 5.000000000356605e-01
319 5.000000000356607e-01
320 5.000000000356613e-01
321 5.000000000356607e-01
322 5.000000000356604e-01
323 5.000000000356644e-01
324 5.000000000356627e-01
325 5.000000000356614e-01
326 5.000000000356664e-01
327 5.000000000356615e-01
328 5.000000000356610e-01
329 5.000000000356575e-01
330 5.000000000356578e-01
331 5.000000000356620e-01
332 5.000000000356608e-01
333 5.000000000356621e-01
334 5.000000000356635e-01
335 5.000000000356619e-01
336 5.000000000356598e-01
337 5.000000000356584e-01
338 5.000000000356613e-01
339 5.000000000356655e-01
340 5.000000000356655e-01
341 5.000000000356590e-01
342 5.000000000356617e-01
343 5.000000000356601e-01
344 5.000000000356637e-01
345 5.000000000356528e-01
346 5.000000000356467e-01
347 5.000000000356506e-01
348 5.000000000356346e-01
349 5.000000000356624e-01
350 5.000000000356646e-01
351 5.000000000356603e-01
352 5.000000000356610e-01
353 5.000000000356668e-01
354 5.000000000356624e-01
355 5.000000000356641e-01
356 5.000000000356617e-01
357 5.000000000356573e-01
358 5.000000000356579e-01
359 5.000000000356620e-01
360 5.000000000356575e-01
361 5.000000000356692e-01
362 5.000000000356781e-01
363 5.000000000356595e-01
364 5.000000000356601e-01
365 5.000000000356619e-01
366 5.000000000356637e-01
367 5.000000000356564e-01
368 5.000000000356597e-01
369 5.000000000356515e-01
370 5.000000000356563e-01
371 5.000000000356628e-01
372 5.000000000356685e-01
373 5.000000000356662e-01
374 5.000000000356613e-01
375 5.000000000356425e-01
376 5.000000000356628e-01
377 5.000000000356576e-01
378 5.000000000356577e-01
379 5.000000000356601e-01
380 5.000000000356610e-01
381 5.000000000356600e-01
382 5.000000000356630e-01
383 8.318242361334542e-01
384 8.318242361334519e-01
385 8.318242361334541e-01
386 8.318242361334524e-01
387 8.318242361334540e-01
388 8.318242361334538e-01
389 8.318242361334538e-01
390 8.318242361334516e-01
391 8.318242361334548e-01
392 8.318242361334532e-01
393 8.318242361334542e-01
394 8.318242361334544e-01
395 8.318242361334548e-01
396 8.318242361334544e-01
397 8.318242361334517e-01
398 8.318242361334525e-01
399 8.318242361334500e-01
400 8.318242361334518e-01
401 8.318242361334522e-01
402 8.318242361334521e-01
403 8.318242361334516e-01
404 8.318242361334517e-01
405 8.318242361334546e-01
406 8.318242361334559e-01
407 8.318242361334521e-01
408 8.318242361334511e-01
409 8.318242361334540e-01
410 8.318242361334551e-01
411 8.318242361334545e-01
412 8.318242361334551e-01
413 8.318242361334582e-01
414 8.318242361334576e-01
415 8.318242361334525e-01
416 8.318242361334520e-01
417 8.318242361334524e-01
418 8.318242361334514e-01
419 8.318242361334561e-01
420 8.318242361334552e-01
421 8.318242361334496e-01
422 8.318242361334496e-01
423 8.318242361334587e-01
424 8.318242361334582e-01
425 8.318242361334571e-01
426 8.318242361334559e-01
427 8.318242361334510e-01
428 8.318242361334506e-01
429 8.318242361334536e-01
430 8.318242361334536e-01
431 8.318242361334486e-01
432 8.318242361334494e-01
433 8.318242361334550e-01
434 8.318242361334550e-01
435 8.318242361334531e-01
436 8.318242361334537e-01
437 8.318242361334544e-01
438 8.318242361334538e-01
439 8.318242361334526e-01
440 8.318242361334536e-01
441 8.318242361334521e-01
442 8.318242361334532e-01
443 8.318242361334532e-01
444 8.318242361334526e-01
445 8.318242361334536e-01
446 8.318242361334516e-01
447 8.318242361334505e-01
448 8.318242361334497e-01
449 8.318242361334520e-01
450 8.318242361334518e-01
451 8.318242361334511e-01
452 8.318242361334518e-01
453 8.318242361334547e-01
454 8.318242361334540e-01
455 8.318242361334547e-01
456 8.318242361334544e-01
457 8.318242361334574e-01
458 8.318242361334558e-01
459 8.318242361334540e-01
460 8.318242361334531e-01
461 8.318242361334561e-01
462 8.318242361334558e-01
463 8.318242361334535e-01
464 8.318242361334528e-01
465 8.318242361334500e-01
466 8.318242361334504e-01
467 8.318242361334507e-01
468 8.318242361334518e-01
469 8.318242361334541e-01
470 8.318242361334544e-01
471 8.318242361334538e-01
472 8.318242361334532e-01
473 8.318242361334542e-01
474 8.318242361334551e-01
475 8.318242361334526e-01
476 8.318242361334528e-01
477 8.318242361334556e-01
478 8.318242361334541e-01
479 8.318242361334525e-01
480 8.318242361334536e-01
481 8.318242361334521e-01
482 8.318242361334501e-01
483 8.318242361334534e-01
484 8.318242361334526e-01
485 8.318242361334572e-01
486 8.318242361334574e-01
487 8.318242361334519e-01
488 8.318242361334539e-01
489 8.318242361334521e-01
490 8.318242361334518e-01
491 8.318242361334547e-01
492 8.318242361334548e-01
493 8.318242361334552e-01
494 8.318242361334556e-01
495 8.318242361334560e-01
496 8.318242361334556e-01
497 8.318242361334520e-01
498 8.318242361334536e-01
499 8.318242361334552e-01
500 8.318242361334546e-01
501 8.318242361334511e-01
502 8.318242361334509e-01
503 8.318242361334540e-01
504 8.318242361334531e-01
505 8.318242361334520e-01
506 8.318242361334507e-01
507 8.318242361334524e-01
508 8.318242361334515e-01
509 8.318242361334492e-01
510 8.318242361334528e-01
511 8.318242361334540e-01
512 8.318242361334531e-01
513 8.318242361334527e-01
514 8.318242361334528e-01
515 8.318242361334530e-01
516 8.318242361334495e-01
517 8.318242361334559e-01
518 8.318242361334531e-01
519 8.318242361334514e-01
520 8.318242361334508e-01
521 8.318242361334531e-01
522 8.318242361334525e-01
523 8.318242361334521e-01
524 8.318242361334548e-01
525 8.318242361334542e-01
526 8.318242361334529e-01
527 8.318242361334534e-01
528 8.318242361334549e-01
529 8.318242361334519e-01
530 8.318242361334508e-01
531 8.318242361334542e-01
532 8.318242361334486e-01
533 8.318242361334490e-01
534 8.318242361334542e-01
535 8.318242361334552e-01
536 8.318242361334539e-01
537 8.318242361334509e-01
538 8.318242361334502e-01
539 8.318242361334551e-01
540 8.318242361334540e-01
541 8.318242361334537e-01
542 8.318242361334507e-01
543 8.318242361334528e-01
544 8.318242361334519e-01
545 8.318242361334567e-01
546 8.318242361334554e-01
547 8.318242361334544e-01
548 8.318242361334532e-01
549 8.318242361334558e-01
550 8.318242361334571e-01
551 8.318242361334541e-01
552 8.318242361334524e-01
553 8.318242361334568e-01
554 8.318242361334559e-01
555 8.318242361334539e-01
556 8.318242361334535e-01
557 8.318242361334549e-01
558 8.318242361334567e-01
559 8.318242361334537e-01
560 8.318242361334560e-01
561 8.318242361334548e-01
562 8.318242361334540e-01
563 8.318242361334551e-01
564 8.318242361334528e-01
565 8.318242361334530e-01
566 8.318242361334554e-01
567 8.318242361334540e-01
568 8.318242361334526e-01
569 8.318242361334537e-01
570 8.318242361334545e-01
571 8.318242361334514e-01
572 8.318242361334528e-01
573 8.318242361334494e-01
574 8.318242361334491e-01
575 8.318242361334509e-01
576 8.318242361334636e-01
577 8.318242361334525e-01
578 8.318242361334500e-01
579 8.318242361334548e-01
580 8.318242361334502e-01
581 8.318242361334516e-01
582 8.318242361334532e-01
583 8.318242361334526e-01
584 8.318242361334539e-01
585 8.318242361334498e-01
586 8.318242361334546e-01
587 8.318242361334526e-01
588 8.318242361334518e-01
589 8.318242361334530e-01
590 8.318242361334565e-01
591 8.318242361334519e-01
592 8.318242361334540e-01
593 8.318242361334528e-01
594 8.318242361334529e-01
595 8.318242361334535e-01
596 8.318242361334540e-01
597 8.318242361334509e-01
598 8.318242361334518e-01
599 8.318242361334539e-01
600 8.318242361334549e-01
601 8.318242361334494e-01
602 8.318242361334509e-01
603 8.318242361334526e-01
604 8.318242361334514e-01
605 8.318242361334514e-01
606 8.318242361334572e-01
607 8.318242361334687e-01
608 8.318242361334486e-01
609 8.318242361334520e-01
610 8.318242361334509e-01
611 8.318242361334537e-01
612 8.318242361334530e-01
613 8.318242361334520e-01
614 8.318242361334510e-01
615 8.318242361334584e-01
616 8.318242361334549e-01
617 8.318242361334526e-01
618 8.318242361334528e-01
619 8.318242361334509e-01
620 8.318242361334507e-01
621 8.318242361334498e-01
622 8.318242361334551e-01
623 8.318242361334566e-01
624 8.318242361334522e-01
625 8.318242361334527e-01
626 8.318242361334510e-01
627 8.318242361334554e-01
628 8.318242361334525e-01
629 8.318242361334506e-01
630 8.318242361334597e-01
631 8.318242361334554e-01
632 8.318242361334551e-01
633 8.318242361334546e-01
634 8.318242361334586e-01
635 8.318242361334552e-01
636 8.318242361334465e-01
637 8.318242361334551e-01
638 8.318242361334522e-01
639 8.318242361334545e-01
640 8.318242361334522e-01
641 8.318242361334521e-01
642 8.318242361334538e-01
643 8.318242361334549e-01
644 8.318242361334507e-01
645 8.318242361334536e-01
646 8.318242361334549e-01
647 8.318242361334578e-01
648 8.318242361334424e-01
649 8.318242361334597e-01
650 8.318242361334532e-01
651 8.318242361334534e-01
652 8.318242361334547e-01
653 8.318242361334484e-01
654 8.318242361334457e-01
655 8.318242361334517e-01
656 8.318242361334545e-01
657 8.318242361334501e-01
658 8.318242361334545e-01
659 8.318242361334603e-01
660 8.318242361334567e-01
661 8.318242361334517e-01
662 8.318242361334587e-01
663 8.318242361334541e-01
664 8.318242361334551e-01
665 8.318242361334535e-01
666 8.318242361334525e-01
667 8.318242361334532e-01
668 8.318242361334539e-01
669 8.318242361334497e-01
670 8.318242361334517e-01
671 8.318242361334564e-01
672 8.318242361334560e-01
673 8.318242361334490e-01
674 8.318242361334517e-01
675 8.318242361334627e-01
676 8.318242361334490e-01
677 8.318242361334520e-01
678 8.318242361334557e-01
679 8.318242361334542e-01
680 8.318242361334501e-01
681 8.318242361334520e-01
682 8.318242361334469e-01
683 8.318242361334582e-01
684 8.318242361334538e-01
685 8.318242361334509e-01
686 8.318242361334517e-01
687 8.318242361334609e-01
688 8.318242361334569e-01
689 8.318242361334388e-01
690 8.318242361334428e-01
691 8.318242361334446e-01
692 8.318242361334522e-01
693 8.318242361334810e-01
694 8.318242361334847e-01
695 8.318242361334101e-01
696 8.318242361334542e-01
697 8.318242361334611e-01
698 8.318242361335505e-01
699 8.318242361334539e-01
700 8.318242361334448e-01
701 8.318242361334443e-01
702 8.318242361334450e-01
703 8.318242361334529e-01
704 8.318242361334522e-01
705 8.318242361334507e-01
706 8.318242361334581e-01
707 8.318242361334406e-01
708 8.318242361334622e-01
709 8.318242361334524e-01
710 8.318242361334541e-01
711 8.318242361334512e-01
712 8.318242361334579e-01
713 8.318242361334375e-01
714 8.318242361334428e-01
715 8.318242361334666e-01
716 8.318242361334611e-01
717 8.318242361334600e-01
718 8.318242361334586e-01
719 8.318242361334606e-01
720 8.318242361334495e-01
721 8.318242361334438e-01
722 8.318242361334661e-01
723 8.318242361334746e-01
724 8.318242361334399e-01
725 8.318242361334366e-01
726 8.318242361334398e-01
727 8.318242361334525e-01
728 8.318242361334643e-01
729 8.318242361334506e-01
730 8.318242361334519e-01
731 8.318242361334544e-01
732 8.318242361334451e-01
733 8.318242361334532e-01
734 8.318242361334534e-01
735 8.318242361334512e-01
736 8.318242361334605e-01
737 8.318242361334557e-01
738 8.318242361334439e-01
739 8.318242361334452e-01
740 8.318242361334669e-01
741 8.318242361334527e-01
742 8.318242361334582e-01
743 8.318242361334686e-01
744 8.318242361334754e-01
745 8.318242361334742e-01
746 8.318242361334128e-01
747 8.318242361334592e-01
748 8.318242361334967e-01
749 8.318242361334117e-01
750 8.318242361334206e-01
751 8.318242361334711e-01
752 8.318242361334635e-01
753 8.318242361334599e-01
754 8.318242361334647e-01
755 8.318242361334590e-01
756 8.318242361334708e-01
757 8.318242361334360e-01
758 8.318242361334425e-01
759 8.318242361334498e-01
760 8.318242361334500e-01
761 8.318242361334581e-01
762 8.318242361334496e-01
763 8.318242361334525e-01
764 8.318242361334540e-01
765 8.318242361334587e-01
766 8.318242361334589e-01


#a = 4.000000
1 5.000624404375151e-01
2 5.000000000158763e-01
3 5.000000000158761e-01
4 5.000000000158761e-01
5 5.000823916289060e-01
6 5.000823916289073e-01
7 5.000823916289063e-01
8 5.000823916289054e-01
9 5.000823916289038e-01
10 5.000823916289063e-01
11 5.000000000165307e-01
12 5.000000000165320e-01
13 5.000000000165291e-01
14 5.000000000165303e-01
15 5.000000000165302e-01
16 5.000000000165302e-01
17 5.000000000165318e-01
18 5.000000000165307e-01
19 5.000000000165328e-01
20 5.000000000165326e-01
21 5.000000000165323e-01
22 5.000000000165294e-01
23 5.002065825895641e-01
24 5.002065825895639e-01
25 5.002065825895649e-01
26 5.002065825895639e-01
27 5.002065825895629e-01
28 5.002065825895623e-01
29 5.002065825895626e-01
30 5.002065825895626e-01
31 5.002065825895626e-01
32 5.002065825895625e-01
33 5.002065825895625e-01
34 5.002065825895627e-01
35 5.002065825895636e-01
36 5.002065825895625e-01
37 5.002065825895637e-01
38 5.002065825895647e-01
39 5.002065825895629e-01
40 5.002065825895635e-01
41 5.002065825895640e-01
42 5.002065825895641e-01
43 5.002065825895647e-01
44 5.002065825895634e-01
45 5.002065825895650e-01
46 5.002065825895642e-01
47 5.000000000192204e-01
48 5.000000000192204e-01
49 5.000000000192207e-01
50 5.000000000192205e-01
51 5.000000000192211e-01
52 5.000000000192214e-01
53 5.000000000192203e-01
54 5.000000000192205e-01
55 5.000000000192208e-01
56 5.000000000192198e-01
57 5.000000000192202e-01
58 5.000000000192197e-01
59 5.000000000192196e-01
60 5.000000000192204e-01
61 5.000000000192202e-01
62 5.000000000192196e-01
63 5.000000000192197e-01
64 5.000000000192208e-01
65 5.000000000192212e-01
66 5.000000000192211e-01
67 5.000000000192223e-01
68 5.000000000192204e-01
69 5.000000000192208e-01
70 5.000000000192206e-01
71 5.000000000192205e-01
72 5.000000000192211e-01
73 5.000000000192206e-01
74 5.000000000192210e-01
75 5.000000000192202e-01
76 5.000000000192200e-01
77 5.000000000192198e-01
78 5.000000000192211e-01
79 5.000000000192217e-01
80 5.000000000192218e-01
81 5.000000000192204e-01
82 5.000000000192202e-01
83 5.000000000192228e-01
84 5.000000000192223e-01
85 5.000000000192213e-01
86 5.000000000192193e-01
87 5.000000000192223e-01
88 5.000000000192190e-01
89 5.000000000192215e-01
90 5.000000000192203e-01
91 5.000000000192210e-01
92 5.000000000192237e-01
93 5.000000000192208e-01
94 5.000000000192238e-01
95 5.014869244823470e-01
96 5.014869244823460e-01
97 5.014869244823471e-01
98 5.014869244823473e-01
99 5.014869244823478e-01
100 5.014869244823474e-01
101 5.014869244823478e-01
102 5.014869244823471e-01
103 5.014869244823476e-01
104 5.014869244823479e-01
105 5.014869244823483e-01
106 5.014869244823478e-01
107 5.014869244823479e-01
108 5.014869244823473e-01
109 5.014869244823469e-01
110 5.014869244823472e-01
111 5.014869244823476e-01
112 5.014869244823470e-01
113 5.014869244823478e-01
114 5.014869244823472e-01
115 5.014869244823471e-01
116 5.014869244823474e-01
117 5.014869244823476e-01
118 5.014869244823479e-01
119 5.014869244823473e-01
120 5.014869244823471e-01
121 5.014869244823469e-01
122 5.014869244823471e-01
123 5.014869244823474e-01
124 5.014869244823469e-01
125 5.014869244823472e-01
126 5.014869244823477e-01
127 5.014869244823481e-01
128 5.014869244823480e-01
129 5.014869244823478e-01
130 5.014869244823480e-01
131 5.014869244823484e-01
132 5.014869244823472e-01
133 5.014869244823477e-01
134 5.014869244823482e-01
135 5.014869244823484e-01
136 5.014869244823477e-01
137 5.014869244823481e-01
138 5.014869244823476e-01
139 5.014869244823476e-01
140 5.014869244823478e-01
141 5.014869244823476e-01
142 5.014869244823479e-01
143 5.014869244823479e-01
144 5.014869244823488e-01
145 5.014869244823480e-01
146 5.014869244823473e-01
147 5.014869244823481e-01
148 5.014869244823482e-01
149 5.014869244823484e-01
150 5.014869244823482e-01
151 5.014869244823474e-01
152 5.014869244823478e-01
153 5.014869244823476e-01
154 5.014869244823473e-01
155 5.014869244823481e-01
156 5.014869244823484e-01
157 5.014869244823468e-01
158 5.014869244823476e-01
159 5.014869244823473e-01
160 5.014869244823477e-01
161 5.014869244823480e-01
162 5.014869244823471e-01
163 5.014869244823467e-01
164 5.014869244823471e-01
165 5.014869244823482e-01
166 5.014869244823471e-01
167 5.014869244823481e-01
168 5.014869244823481e-01
169 5.014869244823473e-01
170 5.014869244823472e-01
171 5.014869244823473e-01
172 5.014869244823471e-01
173 5.014869244823478e-01
174 5.014869244823477e-01
175 5.014869244823483e-01
176 5.014869244823488e-01
177 5.014869244823477e-01
178 5.014869244823474e-01
179 5.014869244823466e-01
180 5.014869244823462e-01
181 5.014869244823464e-01
182 5.014869244823460e-01
183 5.014869244823482e-01
184 5.014869244823466e-01
185 5.014869244823493e-01
186 5.014869244823474e-01
187 5.014869244823499e-01
188 5.014869244823466e-01
189 5.014869244823492e-01
190 5.014869244823454e-01
191 5.000000000600545e-01
192 5.000000000600546e-01
193 5.000000000600546e-01
194 5.000000000600531e-01
195 5.000000000600535e-01
196 5.000000000600530e-01
197 5.000000000600534e-01
198 5.000000000600536e-01
199 5.000000000600550e-01
200 5.000000000600563e-01
201 5.000000000600539e-01
202 5.000000000600537e-01
203 5.000000000600534e-01
204 5.000000000600529e-01
205 5.000000000600537e-01
206 5.000000000600541e-01
207 5.000000000600522e-01
208 5.000000000600526e-01
209 5.000000000600552e-01
210 5.000000000600546e-01
211 5.000000000600530e-01
212 5.000000000600537e-01
213 5.000000000600540e-01
214 5.000000000600552e-01
215 5.000000000600540e-01
216 5.000000000600536e-01
217 5.000000000600535e-01
218 5.000000000600535e-01
219 5.000000000600548e-01
220 5.000000000600543e-01
221 5.000000000600542e-01
222 5.000000000600550e-01
223 5.000000000600537e-01
224 5.000000000600545e-01
225 5.000000000600523e-01
226 5.000000000600534e-01
227 5.000000000600540e-01
228 5.000000000600534e-01
229 5.000000000600542e-01
230 5.000000000600537e-01
231 5.000000000600552e-01
232 5.000000000600545e-01
233 5.000000000600529e-01
234 5.000000000600535e-01
235 5.000000000600537e-01
236 5.000000000600541e-01
237 5.000000000600544e-01
238 5.000000000600551e-01
239 5.000000000600529e-01
240 5.000000000600531e-01
241 5.000000000600544e-01
242 5.000000000600542e-01
243 5.000000000600540e-01
244 5.000000000600562e-01
245 5.000000000600537e-01
246 5.000000000600534e-01
247 5.000000000600522e-01
248 5.000000000600531e-01
249 5.000000000600537e-01
250 5.000000000600529e-01
251 5.000000000600540e-01
252 5.000000000600553e-01
253 5.000000000600534e-01
254 5.000000000600533e-01
255 5.000000000600540e-01
256 5.000000000600542e-01
257 5.000000000600542e-01
258 5.000000000600554e-01
259 5.000000000600551e-01
260 5.000000000600546e-01
261 5.000000000600548e-01
262 5.000000000600533e-01
263 5.000000000600560e-01
264 5.000000000600544e-01
265 5.000000000600535e-01
266 5.000000000600550e-01
267 5.000000000600530e-01
268 5.000000000600536e-01
269 5.000000000600551e-01
270 5.000000000600562e-01
271 5.000000000600547e-01
272 5.000000000600544e-01
273 5.000000000600534e-01
274 5.000000000600537e-01
275 5.000000000600531e-01
276 5.000000000600534e-01
277 5.000000000600543e-01
278 5.000000000600553e-01
279 5.000000000600519e-01
280 5.000000000600522e-01
281 5.000000000600537e-01
282 5.000000000600546e-01
283 5.000000000600514e-01
284 5.000000000600527e-01
285 5.000000000600515e-01
286 5.000000000600472e-01
287 5.000000000600547e-01
288 5.000000000600533e-01
289 5.000000000600555e-01
290 5.000000000600557e-01
291 5.000000000600535e-01
292 5.000000000600558e-01
293 5.000000000600524e-01
294 5.000000000600525e-01
295 5.000000000600552e-01
296 5.000000000600556e-01
297 5.000000000600275e-01
298 5.000000000600491e-01
299 5.000000000600557e-01
300 5.000000000600617e-01
301 5.000000000600551e-01
302 5.000000000600493e-01
303 5.000000000600540e-01
304 5.000000000600537e-01
305 5.000000000600454e-01
306 5.000000000600557e-01
307 5.000000000600547e-01
308 5.000000000600576e-01
309 5.000000000600551e-01
310 5.000000000600611e-01
311 5.000000000600562e-01
312 5.000000000600542e-01
313 5.000000000600553e-01
314 5.000000000600530e-01
315 5.000000000600329e-01
316 5.000000000600360e-01
317 5.000000000600557e-01
318 5.000000000600542e-01
319 5.000000000600495e-01
320 5.000000000600522e-01
321 5.000000000600509e-01
322 5.000000000600486e-01
323 5.000000000600580e-01
324 5.000000000600526e-01
325 5.000000000600646e-01
326 5.000000000600581e-01
327 5.000000000600452e-01
328 5.000000000600504e-01
329 5.000000000600565e-01
330 5.000000000600444e-01
331 5.000000000600747e-01
332 5.000000000600648e-01
333 5.000000000600451e-01
334 5.000000000600556e-01
335 5.000000000600466e-01
336 5.000000000600562e-01
337 5.000000000600796e-01
338 5.000000000600613e-01
339 5.000000000600744e-01
340 5.000000000600724e-01
341 5.000000000600457e-01
342 5.000000000600469e-01
343 5.000000000600493e-01
344 5.000000000600464e-01
345 5.000000000600483e-01
346 5.000000000600353e-01
347 5.000000000599483e-01
348 5.000000000598421e-01
349 5.000000000600158e-01
350 5.000000000600269e-01
351 5.000000000600613e-01
352 5.000000000600526e-01
353 5.000000000601195e-01
354 5.000000000600773e-01
355 5.000000000600759e-01
356 5.000000000600968e-01
357 5.000000000600271e-01
358 5.000000000600511e-01
359 5.000000000600798e-01
360 5.000000000600726e-01
361 5.000000000601805e-01
362 5.000000000601076e-01
363 5.000000000600568e-01
364 5.000000000600715e-01
365 5.000000000600713e-01
366 5.000000000600480e-01
367 5.000000000600485e-01
368 5.000000000600621e-01
369 5.000000000600600e-01
370 5.000000000600656e-01
371 5.000000000600970e-01
372 5.000000000600517e-01
373 5.000000000600957e-01
374 5.000000000600158e-01
375 5.000000000600555e-01
376 5.000000000599902e-01
377 5.000000000599998e-01
378 5.000000000600662e-01
379 5.000000000600471e-01
380 5.000000000600526e-01
381 5.000000000600472e-01
382 5.000000000600532e-01
383 8.329472407933219e-01
384 8.329472407933225e-01
385 8.329472407933225e-01
386 8.329472407933211e-01
387 8.329472407933203e-01
388 8.329472407933199e-01
389 8.329472407933217e-01
390 8.329472407933219e-01
391 8.329472407933178e-01
392 8.329472407933167e-01
393 8.329472407933223e-01
394 8.329472407933221e-01
395 8.329472407933219e-01
396 8.329472407933209e-01
397 8.329472407933233e-01
398 8.329472407933222e-01
399 8.329472407933217e-01
400 8.329472407933222e-01
401 8.329472407933206e-01
402 8.329472407933214e-01
403 8.329472407933172e-01
404 8.329472407933186e-01
405 8.329472407933208e-01
406 8.329472407933252e-01
407 8.329472407933206e-01
408 8.329472407933207e-01
409 8.329472407933192e-01
410 8.329472407933197e-01
411 8.329472407933207e-01
412 8.329472407933238e-01
413 8.329472407933199e-01
414 8.329472407933202e-01
415 8.329472407933231e-01
416 8.329472407933258e-01
417 8.329472407933204e-01
418 8.329472407933213e-01
419 8.329472407933228e-01
420 8.329472407933232e-01
421 8.329472407933227e-01
422 8.329472407933199e-01
423 8.329472407933208e-01
424 8.329472407933206e-01
425 8.329472407933216e-01
426 8.329472407933199e-01
427 8.329472407933165e-01
428 8.329472407933176e-01
429 8.329472407933139e-01
430 8.329472407933148e-01
431 8.329472407933186e-01
432 8.329472407933188e-01
433 8.329472407933205e-01
434 8.329472407933203e-01
435 8.329472407933209e-01
436 8.329472407933176e-01
437 8.329472407933183e-01
438 8.329472407933166e-01
439 8.329472407933213e-01
440 8.329472407933231e-01
441 8.329472407933193e-01
442 8.329472407933205e-01
443 8.329472407933222e-01
444 8.329472407933232e-01
445 8.329472407933218e-01
446 8.329472407933209e-01
447 8.329472407933212e-01
448 8.329472407933209e-01
449 8.329472407933185e-01
450 8.329472407933197e-01
451 8.329472407933255e-01
452 8.329472407933283e-01
453 8.329472407933204e-01
454 8.329472407933211e-01
455 8.329472407933215e-01
456 8.329472407933214e-01
457 8.329472407933202e-01
458 8.329472407933176e-01
459 8.329472407933228e-01
460 8.329472407933215e-01
461 8.329472407933202e-01
462 8.329472407933213e-01
463 8.329472407933204e-01
464 8.329472407933219e-01
465 8.329472407933219e-01
466 8.329472407933223e-01
467 8.329472407933195e-01
468 8.329472407933193e-01
469 8.329472407933203e-01
470 8.329472407933195e-01
471 8.329472407933181e-01
472 8.329472407933178e-01
473 8.329472407933208e-01
474 8.329472407933212e-01
475 8.329472407933252e-01
476 8.329472407933223e-01
477 8.329472407933197e-01
478 8.329472407933229e-01
479 8.329472407933206e-01
480 8.329472407933211e-01
481 8.329472407933231e-01
482 8.329472407933235e-01
483 8.329472407933222e-01
484 8.329472407933215e-01
485 8.329472407933209e-01
486 8.329472407933213e-01
487 8.329472407933201e-01
488 8.329472407933205e-01
489 8.329472407933235e-01
490 8.329472407933158e-01
491 8.329472407933176e-01
492 8.329472407933221e-01
493 8.329472407933195e-01
494 8.329472407933209e-01
495 8.329472407933248e-01
496 8.329472407933226e-01
497 8.329472407933211e-01
498 8.329472407933201e-01
499 8.329472407933172e-01
500 8.329472407933186e-01
501 8.329472407933234e-01
502 8.329472407933235e-01
503 8.329472407933195e-01
504 8.329472407933152e-01
505 8.329472407933232e-01
506 8.329472407933174e-01
507 8.329472407933235e-01
508 8.329472407933197e-01
509 8.329472407933199e-01
510 8.329472407933181e-01
511 8.329472407933207e-01
512 8.329472407933223e-01
513 8.329472407933212e-01
514 8.329472407933217e-01
515 8.329472407933202e-01
516 8.329472407933216e-01
517 8.329472407933171e-01
518 8.329472407933198e-01
519 8.329472407933181e-01
520 8.329472407933191e-01
521 8.329472407933209e-01
522 8.329472407933229e-01
523 8.329472407933184e-01
524 8.329472407933204e-01
525 8.329472407933260e-01
526 8.329472407933203e-01
527 8.329472407933223e-01
528 8.329472407933211e-01
529 8.329472407933204e-01
530 8.329472407933224e-01
531 8.329472407933248e-01
532 8.329472407933242e-01
533 8.329472407933222e-01
534 8.329472407933166e-01
535 8.329472407933214e-01
536 8.329472407933196e-01
537 8.329472407933203e-01
538 8.329472407933197e-01
539 8.329472407933223e-01
540 8.329472407933211e-01
541 8.329472407933202e-01
542 8.329472407933185e-01
543 8.329472407933202e-01
544 8.329472407933222e-01
545 8.329472407933214e-01
546 8.329472407933222e-01
547 8.329472407933202e-01
548 8.329472407933198e-01
549 8.329472407933246e-01
550 8.329472407933161e-01
551 8.329472407933206e-01
552 8.329472407933179e-01
553 8.329472407933238e-01
554 8.329472407933239e-01
555 8.329472407933228e-01
556 8.329472407933223e-01
557 8.329472407933228e-01
558 8.329472407933144e-01
559 8.329472407933177e-01
560 8.329472407933177e-01
561 8.329472407933187e-01
562 8.329472407933183e-01
563 8.329472407933209e-01
564 8.329472407933213e-01
565 8.329472407933191e-01
566 8.329472407933192e-01
567 8.329472407933284e-01
568 8.329472407933194e-01
569 8.329472407933216e-01
570 8.329472407933214e-01
571 8.329472407933145e-01
572 8.329472407933173e-01
573 8.329472407933366e-01
574 8.329472407933244e-01
575 8.329472407933188e-01
576 8.329472407933191e-01
577 8.329472407933231e-01
578 8.329472407933224e-01
579 8.329472407933209e-01
580 8.329472407933199e-01
581 8.329472407933157e-01
582 8.329472407933177e-01
583 8.329472407933236e-01
584 8.329472407933243e-01
585 8.329472407933201e-01
586 8.329472407933129e-01
587 8.329472407933229e-01
588 8.329472407933207e-01
589 8.329472407933196e-01
590 8.329472407933199e-01
591 8.329472407933217e-01
592 8.329472407933208e-01
593 8.329472407933105e-01
594 8.329472407933121e-01
595 8.329472407933559e-01
596 8.329472407933591e-01
597 8.329472407933125e-01
598 8.329472407933121e-01
599 8.329472407933235e-01
600 8.329472407933256e-01
601 8.329472407933034e-01
602 8.329472407933086e-01
603 8.329472407933155e-01
604 8.329472407933269e-01
605 8.329472407933235e-01
606 8.329472407933141e-01
607 8.329472407933181e-01
608 8.329472407933187e-01
609 8.329472407933191e-01
610 8.329472407933235e-01
611 8.329472407933218e-01
612 8.329472407933527e-01
613 8.329472407933182e-01
614 8.329472407933105e-01
615 8.329472407933226e-01
616 8.329472407933236e-01
617 8.329472407933161e-01
618 8.329472407933198e-01
619 8.329472407933214e-01
620 8.329472407933245e-01
621 8.329472407933463e-01
622 8.329472407932742e-01
623 8.329472407933197e-01
624 8.329472407933192e-01
625 8.329472407933207e-01
626 8.329472407933227e-01
627 8.329472407933136e-01
628 8.329472407933165e-01
629 8.329472407933289e-01
630 8.329472407933270e-01
631 8.329472407933202e-01
632 8.329472407933639e-01
633 8.329472407933322e-01
634 8.329472407933006e-01
635 8.329472407933238e-01
636 8.329472407933162e-01
637 8.329472407933198e-01
638 8.329472407933191e-01
639 8.329472407932949e-01
640 8.329472407933276e-01
641 8.329472407933158e-01
642 8.329472407933468e-01
643 8.329472407933141e-01
644 8.329472407933153e-01
645 8.329472407933349e-01
646 8.329472407933192e-01
647 8.329472407933174e-01
648 8.329472407933123e-01
649 8.329472407933213e-01
650 8.329472407933243e-01
651 8.329472407933410e-01
652 8.329472407932642e-01
653 8.329472407933474e-01
654 8.329472407933234e-01
655 8.329472407933304e-01
656 8.329472407933253e-01
657 8.329472407933146e-01
658 8.329472407933209e-01
659 8.329472407933095e-01
660 8.329472407933198e-01
661 8.329472407933234e-01
662 8.329472407933113e-01
663 8.329472407933773e-01
664 8.329472407932791e-01
665 8.329472407933101e-01
666 8.329472407933415e-01
667 8.329472407933125e-01
668 8.329472407933134e-01
669 8.329472407933125e-01
670 8.329472407933212e-01
671 8.329472407933322e-01
672 8.329472407933323e-01
673 8.329472407933217e-01
674 8.329472407933276e-01
675 8.329472407932105e-01
676 8.329472407933112e-01
677 8.329472407933359e-01
678 8.329472407933314e-01
679 8.329472407933579e-01
680 8.329472407933083e-01
681 8.329472407933104e-01
682 8.329472407932972e-01
683 8.329472407932915e-01
684 8.329472407932903e-01
685 8.329472407933298e-01
686 8.329472407933564e-01
687 8.329472407932982e-01
688 8.329472407933322e-01
689 8.329472407933169e-01
690 8.329472407932518e-01
691 8.329472407933441e-01
692 8.329472407933193e-01
693 8.329472407933094e-01
694 8.329472407933809e-01
695 8.329472407933445e-01
696 8.329472407933757e-01
697 8.329472407934810e-01
698 8.329472407935588e-01
699 8.329472407934050e-01
700 8.329472407933034e-01
701 8.329472407933017e-01
702 8.329472407932661e-01
703 8.329472407933194e-01
704 8.329472407933531e-01
705 8.329472407933129e-01
706 8.329472407933262e-01
707 8.329472407932388e-01
708 8.329472407932258e-01
709 8.329472407933414e-01
710 8.329472407933313e-01
711 8.329472407933665e-01
712 8.329472407933259e-01
713 8.329472407932658e-01
714 8.329472407932725e-01
715 8.329472407933343e-01
716 8.329472407933527e-01
717 8.329472407933181e-01
718 8.329472407932975e-01
719 8.329472407933076e-01
720 8.329472407933320e-01
721 8.329472407933021e-01
722 8.329472407933405e-01
723 8.329472407930374e-01
724 8.329472407931650e-01
725 8.329472407933839e-01
726 8.329472407933988e-01
727 8.329472407933555e-01
728 8.329472407932997e-01
729 8.329472407933493e-01
730 8.329472407933159e-01
731 8.329472407933364e-01
732 8.329472407933054e-01
733 8.329472407933226e-01
734 8.329472407933225e-01
735 8.329472407933057e-01
736 8.329472407933527e-01
737 8.329472407933327e-01
738 8.329472407933343e-01
739 8.329472407933743e-01
740 8.329472407933149e-01
741 8.329472407933244e-01
742 8.329472407932804e-01
743 8.329472407931936e-01
744 8.329472407931364e-01
745 8.329472407934241e-01
746 8.329472407933430e-01
747 8.329472407932096e-01
748 8.329472407934505e-01
749 8.329472407934597e-01
750 8.329472407931778e-01
751 8.329472407933912e-01
752 8.329472407931078e-01
753 8.329472407933698e-01
754 8.329472407934555e-01
755 8.329472407934343e-01
756 8.329472407934436e-01
757 8.329472407932552e-01
758 8.329472407932643e-01
759 8.329472407933314e-01
760 8.329472407933125e-01
761 8.329472407933228e-01
762 8.329472407933229e-01
763 8.329472407933198e-01
764 8.329472407933197e-01
765 8.329472407933236e-01
766 8.329472407933164e-01


