## Parameters ##
# z = 3
# m = 9
# t = 1.000000000000000e+00
# mu = 1.000000000000000e+00
# opt = sc
#
#
#a = 0.000000
1 7.118363464913046e-01
2 6.572629133345025e-01
3 6.067072280801566e-01
4 6.780362747139118e-01
5 6.246282237911770e-01
6 7.107819645137026e-01
7 7.004243239333579e-01
8 5.196575086811041e-01
9 8.161877807719713e-01


#a = 1.000000
1 6.754042861207269e-01
2 6.565301191748945e-01
3 6.429963998106316e-01
4 6.631038886603257e-01
5 6.497265557073064e-01
6 6.817490012223714e-01
7 6.765080513148740e-01
8 6.187076756451806e-01
9 7.747024589786831e-01


#a = 2.000000
1 6.484576359667763e-01
2 6.521262624510458e-01
3 6.525357296422463e-01
4 6.539066621879164e-01
5 6.561455221122616e-01
6 6.497858710157951e-01
7 6.524338406123511e-01
8 6.656749654124663e-01
9 6.959703459769272e-01


#a = 3.000000
1 6.510105988320821e-01
2 6.523864480279906e-01
3 6.541364686865305e-01
4 6.549101427428399e-01
5 6.579746424457203e-01
6 6.575683469056982e-01
7 6.561188711955452e-01
8 6.920532226738160e-01
9 6.807077788378508e-01


#a = 4.000000
1 6.508002400105919e-01
2 6.529758923096252e-01
3 6.543758241241955e-01
4 6.565419716007882e-01
5 6.590016372461812e-01
6 6.598451905483286e-01
7 6.667367739010199e-01
8 7.038693371026712e-01
9 6.717376615121481e-01


