## Parameters ##
# z = 3
# m = 9
# t = 1.000000000000000e+00
# mu = 1.000000000000000e+00
# opt = sc
#
#
#a = 0.000000
1 7.118363464913046e-01
2 6.572629133345025e-01
3 6.572629133345036e-01
4 6.572629133345020e-01
5 6.067072280801566e-01
6 6.067072280801563e-01
7 6.067072280801559e-01
8 6.067072280801558e-01
9 6.067072280801555e-01
10 6.067072280801570e-01
11 6.780362747139118e-01
12 6.780362747139099e-01
13 6.780362747139101e-01
14 6.780362747139108e-01
15 6.780362747139090e-01
16 6.780362747139110e-01
17 6.780362747139129e-01
18 6.780362747139124e-01
19 6.780362747139116e-01
20 6.780362747139115e-01
21 6.780362747139109e-01
22 6.780362747139133e-01
23 6.246282237911770e-01
24 6.246282237911769e-01
25 6.246282237911770e-01
26 6.246282237911773e-01
27 6.246282237911771e-01
28 6.246282237911772e-01
29 6.246282237911771e-01
30 6.246282237911768e-01
31 6.246282237911773e-01
32 6.246282237911769e-01
33 6.246282237911766e-01
34 6.246282237911771e-01
35 6.246282237911773e-01
36 6.246282237911776e-01
37 6.246282237911776e-01
38 6.246282237911771e-01
39 6.246282237911769e-01
40 6.246282237911770e-01
41 6.246282237911766e-01
42 6.246282237911766e-01
43 6.246282237911782e-01
44 6.246282237911780e-01
45 6.246282237911764e-01
46 6.246282237911776e-01
47 7.107819645137026e-01
48 7.107819645137026e-01
49 7.107819645137023e-01
50 7.107819645137015e-01
51 7.107819645137030e-01
52 7.107819645137031e-01
53 7.107819645137026e-01
54 7.107819645137030e-01
55 7.107819645137036e-01
56 7.107819645137030e-01
57 7.107819645137028e-01
58 7.107819645137031e-01
59 7.107819645137032e-01
60 7.107819645137036e-01
61 7.107819645137029e-01
62 7.107819645137030e-01
63 7.107819645137028e-01
64 7.107819645137030e-01
65 7.107819645137030e-01
66 7.107819645137029e-01
67 7.107819645137032e-01
68 7.107819645137026e-01
69 7.107819645137030e-01
70 7.107819645137037e-01
71 7.107819645137032e-01
72 7.107819645137031e-01
73 7.107819645137035e-01
74 7.107819645137035e-01
75 7.107819645137030e-01
76 7.107819645137030e-01
77 7.107819645137023e-01
78 7.107819645137030e-01
79 7.107819645137023e-01
80 7.107819645137021e-01
81 7.107819645137022e-01
82 7.107819645137028e-01
83 7.107819645137032e-01
84 7.107819645137032e-01
85 7.107819645137022e-01
86 7.107819645137036e-01
87 7.107819645137032e-01
88 7.107819645137079e-01
89 7.107819645137030e-01
90 7.107819645137052e-01
91 7.107819645137016e-01
92 7.107819645136999e-01
93 7.107819645137047e-01
94 7.107819645137030e-01
95 7.004243239333579e-01
96 7.004243239333582e-01
97 7.004243239333580e-01
98 7.004243239333576e-01
99 7.004243239333586e-01
100 7.004243239333580e-01
101 7.004243239333579e-01
102 7.004243239333579e-01
103 7.004243239333583e-01
104 7.004243239333583e-01
105 7.004243239333581e-01
106 7.004243239333579e-01
107 7.004243239333575e-01
108 7.004243239333580e-01
109 7.004243239333580e-01
110 7.004243239333582e-01
111 7.004243239333583e-01
112 7.004243239333585e-01
113 7.004243239333583e-01
114 7.004243239333584e-01
115 7.004243239333582e-01
116 7.004243239333581e-01
117 7.004243239333582e-01
118 7.004243239333577e-01
119 7.004243239333579e-01
120 7.004243239333580e-01
121 7.004243239333585e-01
122 7.004243239333581e-01
123 7.004243239333584e-01
124 7.004243239333586e-01
125 7.004243239333581e-01
126 7.004243239333579e-01
127 7.004243239333579e-01
128 7.004243239333579e-01
129 7.004243239333579e-01
130 7.004243239333580e-01
131 7.004243239333583e-01
132 7.004243239333582e-01
133 7.004243239333582e-01
134 7.004243239333579e-01
135 7.004243239333582e-01
136 7.004243239333579e-01
137 7.004243239333577e-01
138 7.004243239333576e-01
139 7.004243239333584e-01
140 7.004243239333586e-01
141 7.004243239333582e-01
142 7.004243239333581e-01
143 7.004243239333581e-01
144 7.004243239333575e-01
145 7.004243239333577e-01
146 7.004243239333579e-01
147 7.004243239333581e-01
148 7.004243239333576e-01
149 7.004243239333584e-01
150 7.004243239333585e-01
151 7.004243239333584e-01
152 7.004243239333583e-01
153 7.004243239333582e-01
154 7.004243239333582e-01
155 7.004243239333584e-01
156 7.004243239333583e-01
157 7.004243239333579e-01
158 7.004243239333575e-01
159 7.004243239333580e-01
160 7.004243239333579e-01
161 7.004243239333579e-01
162 7.004243239333579e-01
163 7.004243239333582e-01
164 7.004243239333576e-01
165 7.004243239333579e-01
166 7.004243239333579e-01
167 7.004243239333584e-01
168 7.004243239333585e-01
169 7.004243239333583e-01
170 7.004243239333585e-01
171 7.004243239333585e-01
172 7.004243239333592e-01
173 7.004243239333585e-01
174 7.004243239333583e-01
175 7.004243239333596e-01
176 7.004243239333592e-01
177 7.004243239333581e-01
178 7.004243239333563e-01
179 7.004243239333594e-01
180 7.004243239333586e-01
181 7.004243239333596e-01
182 7.004243239333594e-01
183 7.004243239333582e-01
184 7.004243239333583e-01
185 7.004243239333577e-01
186 7.004243239333579e-01
187 7.004243239333581e-01
188 7.004243239333582e-01
189 7.004243239333592e-01
190 7.004243239333587e-01
191 5.196575086811041e-01
192 5.196575086811028e-01
193 5.196575086811027e-01
194 5.196575086811028e-01
195 5.196575086811029e-01
196 5.196575086811031e-01
197 5.196575086811028e-01
198 5.196575086811028e-01
199 5.196575086811029e-01
200 5.196575086811031e-01
201 5.196575086811026e-01
202 5.196575086811028e-01
203 5.196575086811035e-01
204 5.196575086811029e-01
205 5.196575086811031e-01
206 5.196575086811027e-01
207 5.196575086811029e-01
208 5.196575086811028e-01
209 5.196575086811029e-01
210 5.196575086811031e-01
211 5.196575086811028e-01
212 5.196575086811028e-01
213 5.196575086811028e-01
214 5.196575086811029e-01
215 5.196575086811028e-01
216 5.196575086811026e-01
217 5.196575086811031e-01
218 5.196575086811031e-01
219 5.196575086811029e-01
220 5.196575086811022e-01
221 5.196575086811026e-01
222 5.196575086811031e-01
223 5.196575086811033e-01
224 5.196575086811033e-01
225 5.196575086811027e-01
226 5.196575086811029e-01
227 5.196575086811027e-01
228 5.196575086811027e-01
229 5.196575086811025e-01
230 5.196575086811024e-01
231 5.196575086811025e-01
232 5.196575086811026e-01
233 5.196575086811027e-01
234 5.196575086811027e-01
235 5.196575086811035e-01
236 5.196575086811028e-01
237 5.196575086811028e-01
238 5.196575086811027e-01
239 5.196575086811031e-01
240 5.196575086811028e-01
241 5.196575086811032e-01
242 5.196575086811029e-01
243 5.196575086811028e-01
244 5.196575086811028e-01
245 5.196575086811031e-01
246 5.196575086811027e-01
247 5.196575086811028e-01
248 5.196575086811026e-01
249 5.196575086811031e-01
250 5.196575086811031e-01
251 5.196575086811032e-01
252 5.196575086811031e-01
253 5.196575086811031e-01
254 5.196575086811033e-01
255 5.196575086811031e-01
256 5.196575086811031e-01
257 5.196575086811022e-01
258 5.196575086811028e-01
259 5.196575086811027e-01
260 5.196575086811026e-01
261 5.196575086811025e-01
262 5.196575086811023e-01
263 5.196575086811026e-01
264 5.196575086811032e-01
265 5.196575086811026e-01
266 5.196575086811028e-01
267 5.196575086811027e-01
268 5.196575086811029e-01
269 5.196575086811032e-01
270 5.196575086811035e-01
271 5.196575086811032e-01
272 5.196575086811031e-01
273 5.196575086811025e-01
274 5.196575086811026e-01
275 5.196575086811028e-01
276 5.196575086811027e-01
277 5.196575086811031e-01
278 5.196575086811033e-01
279 5.196575086811036e-01
280 5.196575086811035e-01
281 5.196575086811029e-01
282 5.196575086811035e-01
283 5.196575086811029e-01
284 5.196575086811033e-01
285 5.196575086811029e-01
286 5.196575086811035e-01
287 5.196575086811031e-01
288 5.196575086811035e-01
289 5.196575086811032e-01
290 5.196575086811029e-01
291 5.196575086811033e-01
292 5.196575086811035e-01
293 5.196575086811033e-01
294 5.196575086811027e-01
295 5.196575086811028e-01
296 5.196575086811036e-01
297 5.196575086811035e-01
298 5.196575086811031e-01
299 5.196575086811036e-01
300 5.196575086811033e-01
301 5.196575086811036e-01
302 5.196575086811033e-01
303 5.196575086811029e-01
304 5.196575086811023e-01
305 5.196575086811029e-01
306 5.196575086811039e-01
307 5.196575086811033e-01
308 5.196575086811031e-01
309 5.196575086811026e-01
310 5.196575086811028e-01
311 5.196575086811033e-01
312 5.196575086811027e-01
313 5.196575086811031e-01
314 5.196575086811031e-01
315 5.196575086811031e-01
316 5.196575086811033e-01
317 5.196575086811026e-01
318 5.196575086811028e-01
319 5.196575086811025e-01
320 5.196575086811029e-01
321 5.196575086811019e-01
322 5.196575086811029e-01
323 5.196575086811029e-01
324 5.196575086811026e-01
325 5.196575086811032e-01
326 5.196575086811032e-01
327 5.196575086811033e-01
328 5.196575086811033e-01
329 5.196575086811028e-01
330 5.196575086811029e-01
331 5.196575086811031e-01
332 5.196575086811031e-01
333 5.196575086811028e-01
334 5.196575086811033e-01
335 5.196575086811033e-01
336 5.196575086811029e-01
337 5.196575086811027e-01
338 5.196575086811032e-01
339 5.196575086811035e-01
340 5.196575086811032e-01
341 5.196575086811028e-01
342 5.196575086811037e-01
343 5.196575086811033e-01
344 5.196575086811034e-01
345 5.196575086811028e-01
346 5.196575086811035e-01
347 5.196575086811029e-01
348 5.196575086811029e-01
349 5.196575086811031e-01
350 5.196575086811031e-01
351 5.196575086811015e-01
352 5.196575086811026e-01
353 5.196575086811028e-01
354 5.196575086811029e-01
355 5.196575086811035e-01
356 5.196575086811031e-01
357 5.196575086811043e-01
358 5.196575086811042e-01
359 5.196575086811031e-01
360 5.196575086811043e-01
361 5.196575086811013e-01
362 5.196575086811032e-01
363 5.196575086811036e-01
364 5.196575086811033e-01
365 5.196575086811033e-01
366 5.196575086811039e-01
367 5.196575086811038e-01
368 5.196575086811031e-01
369 5.196575086811025e-01
370 5.196575086811032e-01
371 5.196575086811024e-01
372 5.196575086811018e-01
373 5.196575086811013e-01
374 5.196575086811028e-01
375 5.196575086811012e-01
376 5.196575086811026e-01
377 5.196575086811028e-01
378 5.196575086811028e-01
379 5.196575086811031e-01
380 5.196575086811028e-01
381 5.196575086811037e-01
382 5.196575086811047e-01
383 8.161877807719713e-01
384 8.161877807719712e-01
385 8.161877807719711e-01
386 8.161877807719714e-01
387 8.161877807719711e-01
388 8.161877807719711e-01
389 8.161877807719708e-01
390 8.161877807719713e-01
391 8.161877807719711e-01
392 8.161877807719707e-01
393 8.161877807719716e-01
394 8.161877807719711e-01
395 8.161877807719717e-01
396 8.161877807719717e-01
397 8.161877807719710e-01
398 8.161877807719715e-01
399 8.161877807719713e-01
400 8.161877807719711e-01
401 8.161877807719715e-01
402 8.161877807719711e-01
403 8.161877807719713e-01
404 8.161877807719720e-01
405 8.161877807719710e-01
406 8.161877807719711e-01
407 8.161877807719710e-01
408 8.161877807719714e-01
409 8.161877807719713e-01
410 8.161877807719715e-01
411 8.161877807719717e-01
412 8.161877807719720e-01
413 8.161877807719710e-01
414 8.161877807719715e-01
415 8.161877807719715e-01
416 8.161877807719717e-01
417 8.161877807719718e-01
418 8.161877807719717e-01
419 8.161877807719716e-01
420 8.161877807719710e-01
421 8.161877807719710e-01
422 8.161877807719708e-01
423 8.161877807719717e-01
424 8.161877807719718e-01
425 8.161877807719723e-01
426 8.161877807719718e-01
427 8.161877807719715e-01
428 8.161877807719716e-01
429 8.161877807719708e-01
430 8.161877807719713e-01
431 8.161877807719710e-01
432 8.161877807719708e-01
433 8.161877807719713e-01
434 8.161877807719715e-01
435 8.161877807719715e-01
436 8.161877807719711e-01
437 8.161877807719715e-01
438 8.161877807719715e-01
439 8.161877807719711e-01
440 8.161877807719715e-01
441 8.161877807719715e-01
442 8.161877807719721e-01
443 8.161877807719715e-01
444 8.161877807719717e-01
445 8.161877807719720e-01
446 8.161877807719715e-01
447 8.161877807719720e-01
448 8.161877807719717e-01
449 8.161877807719716e-01
450 8.161877807719717e-01
451 8.161877807719711e-01
452 8.161877807719710e-01
453 8.161877807719718e-01
454 8.161877807719713e-01
455 8.161877807719715e-01
456 8.161877807719715e-01
457 8.161877807719715e-01
458 8.161877807719715e-01
459 8.161877807719712e-01
460 8.161877807719715e-01
461 8.161877807719711e-01
462 8.161877807719713e-01
463 8.161877807719708e-01
464 8.161877807719714e-01
465 8.161877807719713e-01
466 8.161877807719713e-01
467 8.161877807719714e-01
468 8.161877807719710e-01
469 8.161877807719711e-01
470 8.161877807719720e-01
471 8.161877807719715e-01
472 8.161877807719708e-01
473 8.161877807719708e-01
474 8.161877807719717e-01
475 8.161877807719717e-01
476 8.161877807719713e-01
477 8.161877807719713e-01
478 8.161877807719714e-01
479 8.161877807719711e-01
480 8.161877807719711e-01
481 8.161877807719713e-01
482 8.161877807719711e-01
483 8.161877807719717e-01
484 8.161877807719711e-01
485 8.161877807719717e-01
486 8.161877807719716e-01
487 8.161877807719713e-01
488 8.161877807719713e-01
489 8.161877807719713e-01
490 8.161877807719718e-01
491 8.161877807719722e-01
492 8.161877807719723e-01
493 8.161877807719713e-01
494 8.161877807719713e-01
495 8.161877807719711e-01
496 8.161877807719715e-01
497 8.161877807719714e-01
498 8.161877807719715e-01
499 8.161877807719716e-01
500 8.161877807719722e-01
501 8.161877807719714e-01
502 8.161877807719708e-01
503 8.161877807719718e-01
504 8.161877807719711e-01
505 8.161877807719722e-01
506 8.161877807719715e-01
507 8.161877807719711e-01
508 8.161877807719720e-01
509 8.161877807719717e-01
510 8.161877807719715e-01
511 8.161877807719715e-01
512 8.161877807719717e-01
513 8.161877807719708e-01
514 8.161877807719715e-01
515 8.161877807719713e-01
516 8.161877807719722e-01
517 8.161877807719713e-01
518 8.161877807719715e-01
519 8.161877807719715e-01
520 8.161877807719715e-01
521 8.161877807719715e-01
522 8.161877807719708e-01
523 8.161877807719713e-01
524 8.161877807719711e-01
525 8.161877807719721e-01
526 8.161877807719716e-01
527 8.161877807719714e-01
528 8.161877807719705e-01
529 8.161877807719718e-01
530 8.161877807719717e-01
531 8.161877807719715e-01
532 8.161877807719710e-01
533 8.161877807719717e-01
534 8.161877807719711e-01
535 8.161877807719717e-01
536 8.161877807719720e-01
537 8.161877807719716e-01
538 8.161877807719720e-01
539 8.161877807719715e-01
540 8.161877807719713e-01
541 8.161877807719715e-01
542 8.161877807719715e-01
543 8.161877807719720e-01
544 8.161877807719714e-01
545 8.161877807719713e-01
546 8.161877807719711e-01
547 8.161877807719713e-01
548 8.161877807719711e-01
549 8.161877807719711e-01
550 8.161877807719714e-01
551 8.161877807719708e-01
552 8.161877807719712e-01
553 8.161877807719715e-01
554 8.161877807719713e-01
555 8.161877807719715e-01
556 8.161877807719721e-01
557 8.161877807719711e-01
558 8.161877807719712e-01
559 8.161877807719708e-01
560 8.161877807719713e-01
561 8.161877807719716e-01
562 8.161877807719713e-01
563 8.161877807719723e-01
564 8.161877807719706e-01
565 8.161877807719718e-01
566 8.161877807719713e-01
567 8.161877807719715e-01
568 8.161877807719713e-01
569 8.161877807719710e-01
570 8.161877807719717e-01
571 8.161877807719715e-01
572 8.161877807719715e-01
573 8.161877807719706e-01
574 8.161877807719720e-01
575 8.161877807719713e-01
576 8.161877807719715e-01
577 8.161877807719715e-01
578 8.161877807719720e-01
579 8.161877807719714e-01
580 8.161877807719711e-01
581 8.161877807719717e-01
582 8.161877807719717e-01
583 8.161877807719717e-01
584 8.161877807719715e-01
585 8.161877807719713e-01
586 8.161877807719713e-01
587 8.161877807719708e-01
588 8.161877807719711e-01
589 8.161877807719711e-01
590 8.161877807719717e-01
591 8.161877807719715e-01
592 8.161877807719711e-01
593 8.161877807719716e-01
594 8.161877807719714e-01
595 8.161877807719708e-01
596 8.161877807719720e-01
597 8.161877807719720e-01
598 8.161877807719720e-01
599 8.161877807719723e-01
600 8.161877807719718e-01
601 8.161877807719715e-01
602 8.161877807719714e-01
603 8.161877807719711e-01
604 8.161877807719715e-01
605 8.161877807719710e-01
606 8.161877807719717e-01
607 8.161877807719708e-01
608 8.161877807719714e-01
609 8.161877807719718e-01
610 8.161877807719717e-01
611 8.161877807719720e-01
612 8.161877807719714e-01
613 8.161877807719715e-01
614 8.161877807719716e-01
615 8.161877807719706e-01
616 8.161877807719713e-01
617 8.161877807719712e-01
618 8.161877807719717e-01
619 8.161877807719707e-01
620 8.161877807719713e-01
621 8.161877807719707e-01
622 8.161877807719710e-01
623 8.161877807719717e-01
624 8.161877807719713e-01
625 8.161877807719706e-01
626 8.161877807719711e-01
627 8.161877807719721e-01
628 8.161877807719716e-01
629 8.161877807719715e-01
630 8.161877807719717e-01
631 8.161877807719713e-01
632 8.161877807719710e-01
633 8.161877807719706e-01
634 8.161877807719713e-01
635 8.161877807719711e-01
636 8.161877807719712e-01
637 8.161877807719713e-01
638 8.161877807719718e-01
639 8.161877807719706e-01
640 8.161877807719705e-01
641 8.161877807719713e-01
642 8.161877807719711e-01
643 8.161877807719713e-01
644 8.161877807719711e-01
645 8.161877807719710e-01
646 8.161877807719706e-01
647 8.161877807719714e-01
648 8.161877807719710e-01
649 8.161877807719713e-01
650 8.161877807719717e-01
651 8.161877807719708e-01
652 8.161877807719717e-01
653 8.161877807719711e-01
654 8.161877807719707e-01
655 8.161877807719716e-01
656 8.161877807719711e-01
657 8.161877807719712e-01
658 8.161877807719710e-01
659 8.161877807719708e-01
660 8.161877807719718e-01
661 8.161877807719716e-01
662 8.161877807719711e-01
663 8.161877807719717e-01
664 8.161877807719715e-01
665 8.161877807719720e-01
666 8.161877807719716e-01
667 8.161877807719717e-01
668 8.161877807719714e-01
669 8.161877807719712e-01
670 8.161877807719717e-01
671 8.161877807719710e-01
672 8.161877807719720e-01
673 8.161877807719717e-01
674 8.161877807719718e-01
675 8.161877807719718e-01
676 8.161877807719708e-01
677 8.161877807719720e-01
678 8.161877807719711e-01
679 8.161877807719711e-01
680 8.161877807719708e-01
681 8.161877807719716e-01
682 8.161877807719717e-01
683 8.161877807719725e-01
684 8.161877807719713e-01
685 8.161877807719710e-01
686 8.161877807719711e-01
687 8.161877807719715e-01
688 8.161877807719708e-01
689 8.161877807719713e-01
690 8.161877807719713e-01
691 8.161877807719714e-01
692 8.161877807719713e-01
693 8.161877807719715e-01
694 8.161877807719713e-01
695 8.161877807719718e-01
696 8.161877807719713e-01
697 8.161877807719708e-01
698 8.161877807719712e-01
699 8.161877807719714e-01
700 8.161877807719724e-01
701 8.161877807719715e-01
702 8.161877807719713e-01
703 8.161877807719711e-01
704 8.161877807719704e-01
705 8.161877807719712e-01
706 8.161877807719691e-01
707 8.161877807719718e-01
708 8.161877807719721e-01
709 8.161877807719691e-01
710 8.161877807719694e-01
711 8.161877807719725e-01
712 8.161877807719717e-01
713 8.161877807719708e-01
714 8.161877807719722e-01
715 8.161877807719733e-01
716 8.161877807719711e-01
717 8.161877807719711e-01
718 8.161877807719725e-01
719 8.161877807719697e-01
720 8.161877807719726e-01
721 8.161877807719720e-01
722 8.161877807719727e-01
723 8.161877807719736e-01
724 8.161877807719718e-01
725 8.161877807719717e-01
726 8.161877807719714e-01
727 8.161877807719708e-01
728 8.161877807719714e-01
729 8.161877807719710e-01
730 8.161877807719695e-01
731 8.161877807719730e-01
732 8.161877807719689e-01
733 8.161877807719724e-01
734 8.161877807719737e-01
735 8.161877807719720e-01
736 8.161877807719726e-01
737 8.161877807719701e-01
738 8.161877807719706e-01
739 8.161877807719748e-01
740 8.161877807719727e-01
741 8.161877807719727e-01
742 8.161877807719693e-01
743 8.161877807719744e-01
744 8.161877807719708e-01
745 8.161877807719712e-01
746 8.161877807719669e-01
747 8.161877807719718e-01
748 8.161877807719771e-01
749 8.161877807719733e-01
750 8.161877807719666e-01
751 8.161877807719697e-01
752 8.161877807719715e-01
753 8.161877807719711e-01
754 8.161877807719712e-01
755 8.161877807719715e-01
756 8.161877807719716e-01
757 8.161877807719717e-01
758 8.161877807719718e-01
759 8.161877807719720e-01
760 8.161877807719722e-01
761 8.161877807719711e-01
762 8.161877807719715e-01
763 8.161877807719713e-01
764 8.161877807719717e-01
765 8.161877807719714e-01
766 8.161877807719687e-01


#a = 1.000000
1 6.754042861207269e-01
2 6.565301191748945e-01
3 6.565301191748933e-01
4 6.565301191748927e-01
5 6.429963998106316e-01
6 6.429963998106312e-01
7 6.429963998106329e-01
8 6.429963998106323e-01
9 6.429963998106325e-01
10 6.429963998106294e-01
11 6.631038886603257e-01
12 6.631038886603255e-01
13 6.631038886603259e-01
14 6.631038886603264e-01
15 6.631038886603280e-01
16 6.631038886603284e-01
17 6.631038886603262e-01
18 6.631038886603265e-01
19 6.631038886603244e-01
20 6.631038886603244e-01
21 6.631038886603253e-01
22 6.631038886603241e-01
23 6.497265557073064e-01
24 6.497265557073070e-01
25 6.497265557073066e-01
26 6.497265557073066e-01
27 6.497265557073075e-01
28 6.497265557073082e-01
29 6.497265557073069e-01
30 6.497265557073062e-01
31 6.497265557073062e-01
32 6.497265557073055e-01
33 6.497265557073058e-01
34 6.497265557073069e-01
35 6.497265557073064e-01
36 6.497265557073071e-01
37 6.497265557073066e-01
38 6.497265557073066e-01
39 6.497265557073060e-01
40 6.497265557073054e-01
41 6.497265557073068e-01
42 6.497265557073071e-01
43 6.497265557073080e-01
44 6.497265557073078e-01
45 6.497265557073061e-01
46 6.497265557073070e-01
47 6.817490012223714e-01
48 6.817490012223717e-01
49 6.817490012223716e-01
50 6.817490012223713e-01
51 6.817490012223706e-01
52 6.817490012223713e-01
53 6.817490012223707e-01
54 6.817490012223715e-01
55 6.817490012223718e-01
56 6.817490012223713e-01
57 6.817490012223727e-01
58 6.817490012223724e-01
59 6.817490012223717e-01
60 6.817490012223719e-01
61 6.817490012223708e-01
62 6.817490012223704e-01
63 6.817490012223724e-01
64 6.817490012223720e-01
65 6.817490012223719e-01
66 6.817490012223710e-01
67 6.817490012223713e-01
68 6.817490012223711e-01
69 6.817490012223714e-01
70 6.817490012223721e-01
71 6.817490012223719e-01
72 6.817490012223714e-01
73 6.817490012223724e-01
74 6.817490012223716e-01
75 6.817490012223720e-01
76 6.817490012223717e-01
77 6.817490012223723e-01
78 6.817490012223718e-01
79 6.817490012223727e-01
80 6.817490012223728e-01
81 6.817490012223713e-01
82 6.817490012223699e-01
83 6.817490012223711e-01
84 6.817490012223713e-01
85 6.817490012223727e-01
86 6.817490012223719e-01
87 6.817490012223710e-01
88 6.817490012223728e-01
89 6.817490012223710e-01
90 6.817490012223728e-01
91 6.817490012223709e-01
92 6.817490012223704e-01
93 6.817490012223693e-01
94 6.817490012223704e-01
95 6.765080513148740e-01
96 6.765080513148738e-01
97 6.765080513148738e-01
98 6.765080513148736e-01
99 6.765080513148753e-01
100 6.765080513148757e-01
101 6.765080513148747e-01
102 6.765080513148745e-01
103 6.765080513148738e-01
104 6.765080513148753e-01
105 6.765080513148740e-01
106 6.765080513148740e-01
107 6.765080513148743e-01
108 6.765080513148751e-01
109 6.765080513148747e-01
110 6.765080513148749e-01
111 6.765080513148740e-01
112 6.765080513148741e-01
113 6.765080513148742e-01
114 6.765080513148746e-01
115 6.765080513148747e-01
116 6.765080513148749e-01
117 6.765080513148750e-01
118 6.765080513148742e-01
119 6.765080513148749e-01
120 6.765080513148740e-01
121 6.765080513148749e-01
122 6.765080513148753e-01
123 6.765080513148746e-01
124 6.765080513148742e-01
125 6.765080513148756e-01
126 6.765080513148748e-01
127 6.765080513148751e-01
128 6.765080513148747e-01
129 6.765080513148751e-01
130 6.765080513148747e-01
131 6.765080513148731e-01
132 6.765080513148736e-01
133 6.765080513148749e-01
134 6.765080513148748e-01
135 6.765080513148749e-01
136 6.765080513148753e-01
137 6.765080513148753e-01
138 6.765080513148751e-01
139 6.765080513148740e-01
140 6.765080513148742e-01
141 6.765080513148746e-01
142 6.765080513148743e-01
143 6.765080513148739e-01
144 6.765080513148740e-01
145 6.765080513148743e-01
146 6.765080513148740e-01
147 6.765080513148745e-01
148 6.765080513148752e-01
149 6.765080513148746e-01
150 6.765080513148749e-01
151 6.765080513148739e-01
152 6.765080513148739e-01
153 6.765080513148742e-01
154 6.765080513148745e-01
155 6.765080513148740e-01
156 6.765080513148745e-01
157 6.765080513148740e-01
158 6.765080513148742e-01
159 6.765080513148750e-01
160 6.765080513148746e-01
161 6.765080513148753e-01
162 6.765080513148753e-01
163 6.765080513148743e-01
164 6.765080513148746e-01
165 6.765080513148746e-01
166 6.765080513148741e-01
167 6.765080513148743e-01
168 6.765080513148732e-01
169 6.765080513148743e-01
170 6.765080513148740e-01
171 6.765080513148748e-01
172 6.765080513148751e-01
173 6.765080513148751e-01
174 6.765080513148749e-01
175 6.765080513148740e-01
176 6.765080513148736e-01
177 6.765080513148766e-01
178 6.765080513148763e-01
179 6.765080513148740e-01
180 6.765080513148721e-01
181 6.765080513148750e-01
182 6.765080513148740e-01
183 6.765080513148749e-01
184 6.765080513148725e-01
185 6.765080513148758e-01
186 6.765080513148740e-01
187 6.765080513148749e-01
188 6.765080513148745e-01
189 6.765080513148731e-01
190 6.765080513148741e-01
191 6.187076756451806e-01
192 6.187076756451808e-01
193 6.187076756451786e-01
194 6.187076756451791e-01
195 6.187076756451800e-01
196 6.187076756451797e-01
197 6.187076756451783e-01
198 6.187076756451783e-01
199 6.187076756451788e-01
200 6.187076756451787e-01
201 6.187076756451796e-01
202 6.187076756451801e-01
203 6.187076756451797e-01
204 6.187076756451799e-01
205 6.187076756451799e-01
206 6.187076756451795e-01
207 6.187076756451797e-01
208 6.187076756451796e-01
209 6.187076756451793e-01
210 6.187076756451796e-01
211 6.187076756451786e-01
212 6.187076756451790e-01
213 6.187076756451800e-01
214 6.187076756451803e-01
215 6.187076756451806e-01
216 6.187076756451808e-01
217 6.187076756451784e-01
218 6.187076756451781e-01
219 6.187076756451800e-01
220 6.187076756451797e-01
221 6.187076756451816e-01
222 6.187076756451815e-01
223 6.187076756451785e-01
224 6.187076756451793e-01
225 6.187076756451801e-01
226 6.187076756451795e-01
227 6.187076756451798e-01
228 6.187076756451793e-01
229 6.187076756451804e-01
230 6.187076756451804e-01
231 6.187076756451804e-01
232 6.187076756451795e-01
233 6.187076756451790e-01
234 6.187076756451790e-01
235 6.187076756451791e-01
236 6.187076756451797e-01
237 6.187076756451788e-01
238 6.187076756451787e-01
239 6.187076756451795e-01
240 6.187076756451790e-01
241 6.187076756451787e-01
242 6.187076756451784e-01
243 6.187076756451801e-01
244 6.187076756451805e-01
245 6.187076756451790e-01
246 6.187076756451788e-01
247 6.187076756451801e-01
248 6.187076756451801e-01
249 6.187076756451797e-01
250 6.187076756451797e-01
251 6.187076756451797e-01
252 6.187076756451799e-01
253 6.187076756451806e-01
254 6.187076756451799e-01
255 6.187076756451785e-01
256 6.187076756451788e-01
257 6.187076756451799e-01
258 6.187076756451799e-01
259 6.187076756451801e-01
260 6.187076756451790e-01
261 6.187076756451808e-01
262 6.187076756451805e-01
263 6.187076756451781e-01
264 6.187076756451785e-01
265 6.187076756451800e-01
266 6.187076756451796e-01
267 6.187076756451808e-01
268 6.187076756451811e-01
269 6.187076756451803e-01
270 6.187076756451803e-01
271 6.187076756451795e-01
272 6.187076756451793e-01
273 6.187076756451805e-01
274 6.187076756451806e-01
275 6.187076756451803e-01
276 6.187076756451806e-01
277 6.187076756451797e-01
278 6.187076756451793e-01
279 6.187076756451796e-01
280 6.187076756451793e-01
281 6.187076756451804e-01
282 6.187076756451805e-01
283 6.187076756451789e-01
284 6.187076756451790e-01
285 6.187076756451791e-01
286 6.187076756451793e-01
287 6.187076756451794e-01
288 6.187076756451793e-01
289 6.187076756451795e-01
290 6.187076756451804e-01
291 6.187076756451795e-01
292 6.187076756451801e-01
293 6.187076756451801e-01
294 6.187076756451804e-01
295 6.187076756451804e-01
296 6.187076756451807e-01
297 6.187076756451805e-01
298 6.187076756451803e-01
299 6.187076756451805e-01
300 6.187076756451808e-01
301 6.187076756451807e-01
302 6.187076756451808e-01
303 6.187076756451795e-01
304 6.187076756451799e-01
305 6.187076756451797e-01
306 6.187076756451795e-01
307 6.187076756451801e-01
308 6.187076756451805e-01
309 6.187076756451789e-01
310 6.187076756451789e-01
311 6.187076756451795e-01
312 6.187076756451806e-01
313 6.187076756451788e-01
314 6.187076756451795e-01
315 6.187076756451784e-01
316 6.187076756451790e-01
317 6.187076756451791e-01
318 6.187076756451790e-01
319 6.187076756451793e-01
320 6.187076756451793e-01
321 6.187076756451788e-01
322 6.187076756451797e-01
323 6.187076756451797e-01
324 6.187076756451795e-01
325 6.187076756451807e-01
326 6.187076756451813e-01
327 6.187076756451784e-01
328 6.187076756451784e-01
329 6.187076756451800e-01
330 6.187076756451797e-01
331 6.187076756451803e-01
332 6.187076756451799e-01
333 6.187076756451808e-01
334 6.187076756451795e-01
335 6.187076756451794e-01
336 6.187076756451799e-01
337 6.187076756451800e-01
338 6.187076756451798e-01
339 6.187076756451803e-01
340 6.187076756451791e-01
341 6.187076756451788e-01
342 6.187076756451790e-01
343 6.187076756451801e-01
344 6.187076756451793e-01
345 6.187076756451788e-01
346 6.187076756451797e-01
347 6.187076756451786e-01
348 6.187076756451790e-01
349 6.187076756451800e-01
350 6.187076756451801e-01
351 6.187076756451781e-01
352 6.187076756451781e-01
353 6.187076756451797e-01
354 6.187076756451795e-01
355 6.187076756451790e-01
356 6.187076756451805e-01
357 6.187076756451798e-01
358 6.187076756451774e-01
359 6.187076756451768e-01
360 6.187076756451784e-01
361 6.187076756451791e-01
362 6.187076756451801e-01
363 6.187076756451777e-01
364 6.187076756451785e-01
365 6.187076756451796e-01
366 6.187076756451793e-01
367 6.187076756451783e-01
368 6.187076756451788e-01
369 6.187076756451739e-01
370 6.187076756451764e-01
371 6.187076756451795e-01
372 6.187076756451801e-01
373 6.187076756451809e-01
374 6.187076756451779e-01
375 6.187076756451804e-01
376 6.187076756451804e-01
377 6.187076756451781e-01
378 6.187076756451793e-01
379 6.187076756451778e-01
380 6.187076756451780e-01
381 6.187076756451784e-01
382 6.187076756451768e-01
383 7.747024589786831e-01
384 7.747024589786832e-01
385 7.747024589786858e-01
386 7.747024589786859e-01
387 7.747024589786846e-01
388 7.747024589786843e-01
389 7.747024589786839e-01
390 7.747024589786842e-01
391 7.747024589786854e-01
392 7.747024589786852e-01
393 7.747024589786836e-01
394 7.747024589786838e-01
395 7.747024589786857e-01
396 7.747024589786854e-01
397 7.747024589786839e-01
398 7.747024589786835e-01
399 7.747024589786862e-01
400 7.747024589786859e-01
401 7.747024589786866e-01
402 7.747024589786873e-01
403 7.747024589786848e-01
404 7.747024589786842e-01
405 7.747024589786868e-01
406 7.747024589786862e-01
407 7.747024589786853e-01
408 7.747024589786853e-01
409 7.747024589786847e-01
410 7.747024589786846e-01
411 7.747024589786852e-01
412 7.747024589786844e-01
413 7.747024589786862e-01
414 7.747024589786852e-01
415 7.747024589786848e-01
416 7.747024589786837e-01
417 7.747024589786856e-01
418 7.747024589786855e-01
419 7.747024589786844e-01
420 7.747024589786851e-01
421 7.747024589786851e-01
422 7.747024589786855e-01
423 7.747024589786864e-01
424 7.747024589786871e-01
425 7.747024589786851e-01
426 7.747024589786851e-01
427 7.747024589786857e-01
428 7.747024589786857e-01
429 7.747024589786871e-01
430 7.747024589786865e-01
431 7.747024589786849e-01
432 7.747024589786845e-01
433 7.747024589786871e-01
434 7.747024589786861e-01
435 7.747024589786849e-01
436 7.747024589786848e-01
437 7.747024589786848e-01
438 7.747024589786854e-01
439 7.747024589786855e-01
440 7.747024589786853e-01
441 7.747024589786852e-01
442 7.747024589786858e-01
443 7.747024589786868e-01
444 7.747024589786864e-01
445 7.747024589786862e-01
446 7.747024589786853e-01
447 7.747024589786836e-01
448 7.747024589786835e-01
449 7.747024589786846e-01
450 7.747024589786849e-01
451 7.747024589786849e-01
452 7.747024589786857e-01
453 7.747024589786836e-01
454 7.747024589786836e-01
455 7.747024589786846e-01
456 7.747024589786847e-01
457 7.747024589786824e-01
458 7.747024589786835e-01
459 7.747024589786857e-01
460 7.747024589786858e-01
461 7.747024589786847e-01
462 7.747024589786843e-01
463 7.747024589786853e-01
464 7.747024589786851e-01
465 7.747024589786871e-01
466 7.747024589786879e-01
467 7.747024589786857e-01
468 7.747024589786851e-01
469 7.747024589786851e-01
470 7.747024589786853e-01
471 7.747024589786859e-01
472 7.747024589786832e-01
473 7.747024589786865e-01
474 7.747024589786861e-01
475 7.747024589786844e-01
476 7.747024589786846e-01
477 7.747024589786843e-01
478 7.747024589786851e-01
479 7.747024589786858e-01
480 7.747024589786858e-01
481 7.747024589786856e-01
482 7.747024589786853e-01
483 7.747024589786848e-01
484 7.747024589786842e-01
485 7.747024589786853e-01
486 7.747024589786861e-01
487 7.747024589786859e-01
488 7.747024589786846e-01
489 7.747024589786858e-01
490 7.747024589786859e-01
491 7.747024589786856e-01
492 7.747024589786846e-01
493 7.747024589786846e-01
494 7.747024589786851e-01
495 7.747024589786844e-01
496 7.747024589786841e-01
497 7.747024589786854e-01
498 7.747024589786854e-01
499 7.747024589786847e-01
500 7.747024589786848e-01
501 7.747024589786821e-01
502 7.747024589786825e-01
503 7.747024589786831e-01
504 7.747024589786830e-01
505 7.747024589786841e-01
506 7.747024589786848e-01
507 7.747024589786844e-01
508 7.747024589786853e-01
509 7.747024589786866e-01
510 7.747024589786863e-01
511 7.747024589786862e-01
512 7.747024589786865e-01
513 7.747024589786851e-01
514 7.747024589786846e-01
515 7.747024589786847e-01
516 7.747024589786842e-01
517 7.747024589786862e-01
518 7.747024589786858e-01
519 7.747024589786851e-01
520 7.747024589786837e-01
521 7.747024589786859e-01
522 7.747024589786855e-01
523 7.747024589786865e-01
524 7.747024589786864e-01
525 7.747024589786864e-01
526 7.747024589786855e-01
527 7.747024589786851e-01
528 7.747024589786846e-01
529 7.747024589786852e-01
530 7.747024589786837e-01
531 7.747024589786833e-01
532 7.747024589786825e-01
533 7.747024589786856e-01
534 7.747024589786859e-01
535 7.747024589786847e-01
536 7.747024589786844e-01
537 7.747024589786874e-01
538 7.747024589786858e-01
539 7.747024589786835e-01
540 7.747024589786838e-01
541 7.747024589786853e-01
542 7.747024589786844e-01
543 7.747024589786842e-01
544 7.747024589786839e-01
545 7.747024589786846e-01
546 7.747024589786851e-01
547 7.747024589786868e-01
548 7.747024589786877e-01
549 7.747024589786855e-01
550 7.747024589786851e-01
551 7.747024589786848e-01
552 7.747024589786851e-01
553 7.747024589786862e-01
554 7.747024589786867e-01
555 7.747024589786864e-01
556 7.747024589786865e-01
557 7.747024589786864e-01
558 7.747024589786857e-01
559 7.747024589786848e-01
560 7.747024589786857e-01
561 7.747024589786857e-01
562 7.747024589786844e-01
563 7.747024589786855e-01
564 7.747024589786851e-01
565 7.747024589786862e-01
566 7.747024589786852e-01
567 7.747024589786848e-01
568 7.747024589786855e-01
569 7.747024589786843e-01
570 7.747024589786854e-01
571 7.747024589786862e-01
572 7.747024589786857e-01
573 7.747024589786842e-01
574 7.747024589786857e-01
575 7.747024589786849e-01
576 7.747024589786844e-01
577 7.747024589786842e-01
578 7.747024589786844e-01
579 7.747024589786856e-01
580 7.747024589786849e-01
581 7.747024589786846e-01
582 7.747024589786846e-01
583 7.747024589786859e-01
584 7.747024589786857e-01
585 7.747024589786842e-01
586 7.747024589786855e-01
587 7.747024589786851e-01
588 7.747024589786837e-01
589 7.747024589786869e-01
590 7.747024589786855e-01
591 7.747024589786857e-01
592 7.747024589786859e-01
593 7.747024589786830e-01
594 7.747024589786835e-01
595 7.747024589786845e-01
596 7.747024589786852e-01
597 7.747024589786867e-01
598 7.747024589786847e-01
599 7.747024589786839e-01
600 7.747024589786839e-01
601 7.747024589786864e-01
602 7.747024589786865e-01
603 7.747024589786864e-01
604 7.747024589786868e-01
605 7.747024589786842e-01
606 7.747024589786833e-01
607 7.747024589786827e-01
608 7.747024589786832e-01
609 7.747024589786864e-01
610 7.747024589786848e-01
611 7.747024589786856e-01
612 7.747024589786854e-01
613 7.747024589786848e-01
614 7.747024589786859e-01
615 7.747024589786856e-01
616 7.747024589786835e-01
617 7.747024589786835e-01
618 7.747024589786843e-01
619 7.747024589786833e-01
620 7.747024589786864e-01
621 7.747024589786847e-01
622 7.747024589786854e-01
623 7.747024589786845e-01
624 7.747024589786868e-01
625 7.747024589786845e-01
626 7.747024589786858e-01
627 7.747024589786844e-01
628 7.747024589786864e-01
629 7.747024589786859e-01
630 7.747024589786858e-01
631 7.747024589786849e-01
632 7.747024589786861e-01
633 7.747024589786835e-01
634 7.747024589786839e-01
635 7.747024589786837e-01
636 7.747024589786849e-01
637 7.747024589786842e-01
638 7.747024589786853e-01
639 7.747024589786848e-01
640 7.747024589786851e-01
641 7.747024589786837e-01
642 7.747024589786842e-01
643 7.747024589786852e-01
644 7.747024589786848e-01
645 7.747024589786855e-01
646 7.747024589786843e-01
647 7.747024589786857e-01
648 7.747024589786861e-01
649 7.747024589786851e-01
650 7.747024589786853e-01
651 7.747024589786859e-01
652 7.747024589786864e-01
653 7.747024589786846e-01
654 7.747024589786843e-01
655 7.747024589786844e-01
656 7.747024589786851e-01
657 7.747024589786862e-01
658 7.747024589786859e-01
659 7.747024589786857e-01
660 7.747024589786851e-01
661 7.747024589786842e-01
662 7.747024589786846e-01
663 7.747024589786839e-01
664 7.747024589786844e-01
665 7.747024589786856e-01
666 7.747024589786857e-01
667 7.747024589786839e-01
668 7.747024589786855e-01
669 7.747024589786841e-01
670 7.747024589786859e-01
671 7.747024589786853e-01
672 7.747024589786848e-01
673 7.747024589786851e-01
674 7.747024589786842e-01
675 7.747024589786857e-01
676 7.747024589786858e-01
677 7.747024589786851e-01
678 7.747024589786853e-01
679 7.747024589786826e-01
680 7.747024589786838e-01
681 7.747024589786864e-01
682 7.747024589786859e-01
683 7.747024589786852e-01
684 7.747024589786856e-01
685 7.747024589786869e-01
686 7.747024589786855e-01
687 7.747024589786864e-01
688 7.747024589786848e-01
689 7.747024589786833e-01
690 7.747024589786847e-01
691 7.747024589786821e-01
692 7.747024589786865e-01
693 7.747024589786868e-01
694 7.747024589786839e-01
695 7.747024589786859e-01
696 7.747024589786853e-01
697 7.747024589786851e-01
698 7.747024589786842e-01
699 7.747024589786853e-01
700 7.747024589786848e-01
701 7.747024589786855e-01
702 7.747024589786844e-01
703 7.747024589786869e-01
704 7.747024589786833e-01
705 7.747024589786865e-01
706 7.747024589786818e-01
707 7.747024589786811e-01
708 7.747024589786912e-01
709 7.747024589786855e-01
710 7.747024589786817e-01
711 7.747024589786826e-01
712 7.747024589786893e-01
713 7.747024589786868e-01
714 7.747024589786813e-01
715 7.747024589786832e-01
716 7.747024589786830e-01
717 7.747024589786884e-01
718 7.747024589786897e-01
719 7.747024589786896e-01
720 7.747024589786964e-01
721 7.747024589786801e-01
722 7.747024589786816e-01
723 7.747024589786877e-01
724 7.747024589786853e-01
725 7.747024589786859e-01
726 7.747024589786820e-01
727 7.747024589786853e-01
728 7.747024589786886e-01
729 7.747024589786848e-01
730 7.747024589786847e-01
731 7.747024589786881e-01
732 7.747024589786837e-01
733 7.747024589786886e-01
734 7.747024589786838e-01
735 7.747024589786822e-01
736 7.747024589786855e-01
737 7.747024589786816e-01
738 7.747024589786899e-01
739 7.747024589786797e-01
740 7.747024589787033e-01
741 7.747024589786876e-01
742 7.747024589786828e-01
743 7.747024589786822e-01
744 7.747024589786857e-01
745 7.747024589786868e-01
746 7.747024589786871e-01
747 7.747024589786933e-01
748 7.747024589786815e-01
749 7.747024589786857e-01
750 7.747024589786844e-01
751 7.747024589786841e-01
752 7.747024589786862e-01
753 7.747024589786852e-01
754 7.747024589786827e-01
755 7.747024589786846e-01
756 7.747024589786835e-01
757 7.747024589786846e-01
758 7.747024589786853e-01
759 7.747024589786858e-01
760 7.747024589786864e-01
761 7.747024589786842e-01
762 7.747024589786852e-01
763 7.747024589786832e-01
764 7.747024589786837e-01
765 7.747024589786856e-01
766 7.747024589786851e-01


#a = 2.000000
1 6.484576359667763e-01
2 6.521262624510458e-01
3 6.521262624510453e-01
4 6.521262624510475e-01
5 6.525357296422463e-01
6 6.525357296422468e-01
7 6.525357296422454e-01
8 6.525357296422452e-01
9 6.525357296422462e-01
10 6.525357296422466e-01
11 6.539066621879164e-01
12 6.539066621879185e-01
13 6.539066621879174e-01
14 6.539066621879182e-01
15 6.539066621879173e-01
16 6.539066621879160e-01
17 6.539066621879139e-01
18 6.539066621879144e-01
19 6.539066621879184e-01
20 6.539066621879180e-01
21 6.539066621879190e-01
22 6.539066621879183e-01
23 6.561455221122616e-01
24 6.561455221122628e-01
25 6.561455221122628e-01
26 6.561455221122644e-01
27 6.561455221122627e-01
28 6.561455221122636e-01
29 6.561455221122618e-01
30 6.561455221122625e-01
31 6.561455221122615e-01
32 6.561455221122618e-01
33 6.561455221122613e-01
34 6.561455221122611e-01
35 6.561455221122633e-01
36 6.561455221122621e-01
37 6.561455221122627e-01
38 6.561455221122616e-01
39 6.561455221122612e-01
40 6.561455221122624e-01
41 6.561455221122632e-01
42 6.561455221122621e-01
43 6.561455221122623e-01
44 6.561455221122623e-01
45 6.561455221122645e-01
46 6.561455221122633e-01
47 6.497858710157951e-01
48 6.497858710157962e-01
49 6.497858710157958e-01
50 6.497858710157961e-01
51 6.497858710157960e-01
52 6.497858710157960e-01
53 6.497858710157973e-01
54 6.497858710157971e-01
55 6.497858710157975e-01
56 6.497858710157961e-01
57 6.497858710157969e-01
58 6.497858710157964e-01
59 6.497858710157971e-01
60 6.497858710157974e-01
61 6.497858710157974e-01
62 6.497858710157969e-01
63 6.497858710157967e-01
64 6.497858710157961e-01
65 6.497858710157962e-01
66 6.497858710157969e-01
67 6.497858710157973e-01
68 6.497858710157980e-01
69 6.497858710157959e-01
70 6.497858710157969e-01
71 6.497858710157964e-01
72 6.497858710157964e-01
73 6.497858710157959e-01
74 6.497858710157957e-01
75 6.497858710157967e-01
76 6.497858710157962e-01
77 6.497858710157960e-01
78 6.497858710157960e-01
79 6.497858710157969e-01
80 6.497858710157972e-01
81 6.497858710157980e-01
82 6.497858710157975e-01
83 6.497858710157962e-01
84 6.497858710157971e-01
85 6.497858710157972e-01
86 6.497858710157980e-01
87 6.497858710157980e-01
88 6.497858710158004e-01
89 6.497858710157958e-01
90 6.497858710157962e-01
91 6.497858710158000e-01
92 6.497858710157961e-01
93 6.497858710157972e-01
94 6.497858710157960e-01
95 6.524338406123511e-01
96 6.524338406123524e-01
97 6.524338406123518e-01
98 6.524338406123511e-01
99 6.524338406123527e-01
100 6.524338406123522e-01
101 6.524338406123520e-01
102 6.524338406123513e-01
103 6.524338406123522e-01
104 6.524338406123519e-01
105 6.524338406123509e-01
106 6.524338406123520e-01
107 6.524338406123522e-01
108 6.524338406123524e-01
109 6.524338406123511e-01
110 6.524338406123520e-01
111 6.524338406123520e-01
112 6.524338406123512e-01
113 6.524338406123522e-01
114 6.524338406123519e-01
115 6.524338406123524e-01
116 6.524338406123522e-01
117 6.524338406123515e-01
118 6.524338406123525e-01
119 6.524338406123521e-01
120 6.524338406123524e-01
121 6.524338406123529e-01
122 6.524338406123522e-01
123 6.524338406123514e-01
124 6.524338406123527e-01
125 6.524338406123524e-01
126 6.524338406123529e-01
127 6.524338406123522e-01
128 6.524338406123520e-01
129 6.524338406123522e-01
130 6.524338406123522e-01
131 6.524338406123520e-01
132 6.524338406123527e-01
133 6.524338406123515e-01
134 6.524338406123517e-01
135 6.524338406123523e-01
136 6.524338406123525e-01
137 6.524338406123524e-01
138 6.524338406123513e-01
139 6.524338406123524e-01
140 6.524338406123518e-01
141 6.524338406123521e-01
142 6.524338406123521e-01
143 6.524338406123523e-01
144 6.524338406123527e-01
145 6.524338406123525e-01
146 6.524338406123522e-01
147 6.524338406123520e-01
148 6.524338406123518e-01
149 6.524338406123518e-01
150 6.524338406123519e-01
151 6.524338406123519e-01
152 6.524338406123515e-01
153 6.524338406123530e-01
154 6.524338406123525e-01
155 6.524338406123518e-01
156 6.524338406123514e-01
157 6.524338406123522e-01
158 6.524338406123520e-01
159 6.524338406123512e-01
160 6.524338406123515e-01
161 6.524338406123519e-01
162 6.524338406123515e-01
163 6.524338406123522e-01
164 6.524338406123525e-01
165 6.524338406123518e-01
166 6.524338406123517e-01
167 6.524338406123520e-01
168 6.524338406123520e-01
169 6.524338406123520e-01
170 6.524338406123515e-01
171 6.524338406123531e-01
172 6.524338406123534e-01
173 6.524338406123532e-01
174 6.524338406123522e-01
175 6.524338406123530e-01
176 6.524338406123520e-01
177 6.524338406123535e-01
178 6.524338406123522e-01
179 6.524338406123527e-01
180 6.524338406123518e-01
181 6.524338406123529e-01
182 6.524338406123514e-01
183 6.524338406123515e-01
184 6.524338406123509e-01
185 6.524338406123570e-01
186 6.524338406123540e-01
187 6.524338406123539e-01
188 6.524338406123530e-01
189 6.524338406123537e-01
190 6.524338406123528e-01
191 6.656749654124663e-01
192 6.656749654124661e-01
193 6.656749654124662e-01
194 6.656749654124661e-01
195 6.656749654124663e-01
196 6.656749654124661e-01
197 6.656749654124665e-01
198 6.656749654124663e-01
199 6.656749654124667e-01
200 6.656749654124665e-01
201 6.656749654124670e-01
202 6.656749654124670e-01
203 6.656749654124661e-01
204 6.656749654124661e-01
205 6.656749654124671e-01
206 6.656749654124670e-01
207 6.656749654124662e-01
208 6.656749654124663e-01
209 6.656749654124663e-01
210 6.656749654124664e-01
211 6.656749654124672e-01
212 6.656749654124672e-01
213 6.656749654124663e-01
214 6.656749654124663e-01
215 6.656749654124671e-01
216 6.656749654124672e-01
217 6.656749654124665e-01
218 6.656749654124666e-01
219 6.656749654124672e-01
220 6.656749654124668e-01
221 6.656749654124671e-01
222 6.656749654124663e-01
223 6.656749654124667e-01
224 6.656749654124667e-01
225 6.656749654124661e-01
226 6.656749654124661e-01
227 6.656749654124663e-01
228 6.656749654124661e-01
229 6.656749654124662e-01
230 6.656749654124665e-01
231 6.656749654124662e-01
232 6.656749654124664e-01
233 6.656749654124667e-01
234 6.656749654124666e-01
235 6.656749654124670e-01
236 6.656749654124666e-01
237 6.656749654124661e-01
238 6.656749654124662e-01
239 6.656749654124670e-01
240 6.656749654124662e-01
241 6.656749654124660e-01
242 6.656749654124663e-01
243 6.656749654124667e-01
244 6.656749654124667e-01
245 6.656749654124665e-01
246 6.656749654124667e-01
247 6.656749654124672e-01
248 6.656749654124668e-01
249 6.656749654124662e-01
250 6.656749654124664e-01
251 6.656749654124666e-01
252 6.656749654124666e-01
253 6.656749654124667e-01
254 6.656749654124666e-01
255 6.656749654124670e-01
256 6.656749654124665e-01
257 6.656749654124667e-01
258 6.656749654124672e-01
259 6.656749654124667e-01
260 6.656749654124667e-01
261 6.656749654124667e-01
262 6.656749654124668e-01
263 6.656749654124661e-01
264 6.656749654124661e-01
265 6.656749654124662e-01
266 6.656749654124661e-01
267 6.656749654124660e-01
268 6.656749654124665e-01
269 6.656749654124672e-01
270 6.656749654124664e-01
271 6.656749654124663e-01
272 6.656749654124665e-01
273 6.656749654124671e-01
274 6.656749654124673e-01
275 6.656749654124664e-01
276 6.656749654124663e-01
277 6.656749654124666e-01
278 6.656749654124665e-01
279 6.656749654124666e-01
280 6.656749654124661e-01
281 6.656749654124666e-01
282 6.656749654124672e-01
283 6.656749654124674e-01
284 6.656749654124665e-01
285 6.656749654124672e-01
286 6.656749654124665e-01
287 6.656749654124667e-01
288 6.656749654124666e-01
289 6.656749654124665e-01
290 6.656749654124663e-01
291 6.656749654124665e-01
292 6.656749654124662e-01
293 6.656749654124663e-01
294 6.656749654124662e-01
295 6.656749654124661e-01
296 6.656749654124662e-01
297 6.656749654124666e-01
298 6.656749654124667e-01
299 6.656749654124657e-01
300 6.656749654124662e-01
301 6.656749654124665e-01
302 6.656749654124665e-01
303 6.656749654124661e-01
304 6.656749654124661e-01
305 6.656749654124664e-01
306 6.656749654124658e-01
307 6.656749654124661e-01
308 6.656749654124663e-01
309 6.656749654124668e-01
310 6.656749654124665e-01
311 6.656749654124664e-01
312 6.656749654124660e-01
313 6.656749654124658e-01
314 6.656749654124657e-01
315 6.656749654124666e-01
316 6.656749654124652e-01
317 6.656749654124671e-01
318 6.656749654124658e-01
319 6.656749654124672e-01
320 6.656749654124658e-01
321 6.656749654124678e-01
322 6.656749654124656e-01
323 6.656749654124660e-01
324 6.656749654124667e-01
325 6.656749654124663e-01
326 6.656749654124661e-01
327 6.656749654124671e-01
328 6.656749654124682e-01
329 6.656749654124672e-01
330 6.656749654124672e-01
331 6.656749654124670e-01
332 6.656749654124672e-01
333 6.656749654124671e-01
334 6.656749654124655e-01
335 6.656749654124667e-01
336 6.656749654124658e-01
337 6.656749654124662e-01
338 6.656749654124665e-01
339 6.656749654124665e-01
340 6.656749654124672e-01
341 6.656749654124670e-01
342 6.656749654124664e-01
343 6.656749654124657e-01
344 6.656749654124672e-01
345 6.656749654124661e-01
346 6.656749654124670e-01
347 6.656749654124680e-01
348 6.656749654124654e-01
349 6.656749654124663e-01
350 6.656749654124685e-01
351 6.656749654124683e-01
352 6.656749654124656e-01
353 6.656749654124667e-01
354 6.656749654124647e-01
355 6.656749654124631e-01
356 6.656749654124664e-01
357 6.656749654124663e-01
358 6.656749654124665e-01
359 6.656749654124690e-01
360 6.656749654124596e-01
361 6.656749654124667e-01
362 6.656749654124676e-01
363 6.656749654124692e-01
364 6.656749654124667e-01
365 6.656749654124677e-01
366 6.656749654124627e-01
367 6.656749654124646e-01
368 6.656749654124710e-01
369 6.656749654124621e-01
370 6.656749654124721e-01
371 6.656749654124766e-01
372 6.656749654124626e-01
373 6.656749654124785e-01
374 6.656749654124590e-01
375 6.656749654124746e-01
376 6.656749654124576e-01
377 6.656749654124697e-01
378 6.656749654124674e-01
379 6.656749654124663e-01
380 6.656749654124675e-01
381 6.656749654124698e-01
382 6.656749654124705e-01
383 6.959703459769272e-01
384 6.959703459769252e-01
385 6.959703459769259e-01
386 6.959703459769265e-01
387 6.959703459769264e-01
388 6.959703459769265e-01
389 6.959703459769274e-01
390 6.959703459769236e-01
391 6.959703459769254e-01
392 6.959703459769263e-01
393 6.959703459769264e-01
394 6.959703459769254e-01
395 6.959703459769255e-01
396 6.959703459769263e-01
397 6.959703459769265e-01
398 6.959703459769260e-01
399 6.959703459769264e-01
400 6.959703459769268e-01
401 6.959703459769255e-01
402 6.959703459769273e-01
403 6.959703459769269e-01
404 6.959703459769251e-01
405 6.959703459769260e-01
406 6.959703459769262e-01
407 6.959703459769258e-01
408 6.959703459769256e-01
409 6.959703459769261e-01
410 6.959703459769262e-01
411 6.959703459769254e-01
412 6.959703459769271e-01
413 6.959703459769269e-01
414 6.959703459769259e-01
415 6.959703459769279e-01
416 6.959703459769251e-01
417 6.959703459769263e-01
418 6.959703459769254e-01
419 6.959703459769264e-01
420 6.959703459769256e-01
421 6.959703459769258e-01
422 6.959703459769259e-01
423 6.959703459769254e-01
424 6.959703459769261e-01
425 6.959703459769263e-01
426 6.959703459769261e-01
427 6.959703459769261e-01
428 6.959703459769260e-01
429 6.959703459769258e-01
430 6.959703459769261e-01
431 6.959703459769251e-01
432 6.959703459769265e-01
433 6.959703459769263e-01
434 6.959703459769258e-01
435 6.959703459769261e-01
436 6.959703459769258e-01
437 6.959703459769258e-01
438 6.959703459769256e-01
439 6.959703459769252e-01
440 6.959703459769271e-01
441 6.959703459769259e-01
442 6.959703459769261e-01
443 6.959703459769262e-01
444 6.959703459769269e-01
445 6.959703459769262e-01
446 6.959703459769264e-01
447 6.959703459769261e-01
448 6.959703459769253e-01
449 6.959703459769269e-01
450 6.959703459769250e-01
451 6.959703459769264e-01
452 6.959703459769260e-01
453 6.959703459769265e-01
454 6.959703459769268e-01
455 6.959703459769272e-01
456 6.959703459769265e-01
457 6.959703459769266e-01
458 6.959703459769269e-01
459 6.959703459769262e-01
460 6.959703459769260e-01
461 6.959703459769262e-01
462 6.959703459769262e-01
463 6.959703459769278e-01
464 6.959703459769261e-01
465 6.959703459769262e-01
466 6.959703459769264e-01
467 6.959703459769263e-01
468 6.959703459769260e-01
469 6.959703459769253e-01
470 6.959703459769271e-01
471 6.959703459769293e-01
472 6.959703459769252e-01
473 6.959703459769262e-01
474 6.959703459769260e-01
475 6.959703459769269e-01
476 6.959703459769266e-01
477 6.959703459769273e-01
478 6.959703459769255e-01
479 6.959703459769272e-01
480 6.959703459769253e-01
481 6.959703459769261e-01
482 6.959703459769271e-01
483 6.959703459769271e-01
484 6.959703459769254e-01
485 6.959703459769261e-01
486 6.959703459769258e-01
487 6.959703459769249e-01
488 6.959703459769286e-01
489 6.959703459769286e-01
490 6.959703459769225e-01
491 6.959703459769262e-01
492 6.959703459769254e-01
493 6.959703459769263e-01
494 6.959703459769276e-01
495 6.959703459769313e-01
496 6.959703459769208e-01
497 6.959703459769300e-01
498 6.959703459769231e-01
499 6.959703459769249e-01
500 6.959703459769283e-01
501 6.959703459769261e-01
502 6.959703459769262e-01
503 6.959703459769265e-01
504 6.959703459769268e-01
505 6.959703459769236e-01
506 6.959703459769291e-01
507 6.959703459769248e-01
508 6.959703459769266e-01
509 6.959703459769264e-01
510 6.959703459769268e-01
511 6.959703459769264e-01
512 6.959703459769268e-01
513 6.959703459769261e-01
514 6.959703459769275e-01
515 6.959703459769264e-01
516 6.959703459769258e-01
517 6.959703459769293e-01
518 6.959703459769229e-01
519 6.959703459769260e-01
520 6.959703459769253e-01
521 6.959703459769279e-01
522 6.959703459769255e-01
523 6.959703459769260e-01
524 6.959703459769252e-01
525 6.959703459769245e-01
526 6.959703459769275e-01
527 6.959703459769255e-01
528 6.959703459769272e-01
529 6.959703459769279e-01
530 6.959703459769255e-01
531 6.959703459769285e-01
532 6.959703459769236e-01
533 6.959703459769269e-01
534 6.959703459769259e-01
535 6.959703459769256e-01
536 6.959703459769263e-01
537 6.959703459769262e-01
538 6.959703459769259e-01
539 6.959703459769254e-01
540 6.959703459769276e-01
541 6.959703459769272e-01
542 6.959703459769266e-01
543 6.959703459769300e-01
544 6.959703459769241e-01
545 6.959703459769256e-01
546 6.959703459769264e-01
547 6.959703459769260e-01
548 6.959703459769270e-01
549 6.959703459769265e-01
550 6.959703459769273e-01
551 6.959703459769244e-01
552 6.959703459769280e-01
553 6.959703459769245e-01
554 6.959703459769254e-01
555 6.959703459769271e-01
556 6.959703459769259e-01
557 6.959703459769263e-01
558 6.959703459769260e-01
559 6.959703459769285e-01
560 6.959703459769236e-01
561 6.959703459769268e-01
562 6.959703459769269e-01
563 6.959703459769246e-01
564 6.959703459769292e-01
565 6.959703459769294e-01
566 6.959703459769224e-01
567 6.959703459769284e-01
568 6.959703459769220e-01
569 6.959703459769263e-01
570 6.959703459769256e-01
571 6.959703459769291e-01
572 6.959703459769232e-01
573 6.959703459769288e-01
574 6.959703459769250e-01
575 6.959703459769281e-01
576 6.959703459769246e-01
577 6.959703459769315e-01
578 6.959703459769241e-01
579 6.959703459769239e-01
580 6.959703459769296e-01
581 6.959703459769235e-01
582 6.959703459769273e-01
583 6.959703459769244e-01
584 6.959703459769266e-01
585 6.959703459769250e-01
586 6.959703459769274e-01
587 6.959703459769258e-01
588 6.959703459769283e-01
589 6.959703459769286e-01
590 6.959703459769255e-01
591 6.959703459769253e-01
592 6.959703459769301e-01
593 6.959703459769245e-01
594 6.959703459769293e-01
595 6.959703459769269e-01
596 6.959703459769260e-01
597 6.959703459769269e-01
598 6.959703459769261e-01
599 6.959703459769196e-01
600 6.959703459769322e-01
601 6.959703459769280e-01
602 6.959703459769245e-01
603 6.959703459769274e-01
604 6.959703459769261e-01
605 6.959703459769248e-01
606 6.959703459769272e-01
607 6.959703459769264e-01
608 6.959703459769271e-01
609 6.959703459769269e-01
610 6.959703459769281e-01
611 6.959703459769193e-01
612 6.959703459769313e-01
613 6.959703459769250e-01
614 6.959703459769284e-01
615 6.959703459769283e-01
616 6.959703459769231e-01
617 6.959703459769301e-01
618 6.959703459769220e-01
619 6.959703459769208e-01
620 6.959703459769317e-01
621 6.959703459769253e-01
622 6.959703459769299e-01
623 6.959703459769241e-01
624 6.959703459769274e-01
625 6.959703459769297e-01
626 6.959703459769212e-01
627 6.959703459769223e-01
628 6.959703459769300e-01
629 6.959703459769272e-01
630 6.959703459769259e-01
631 6.959703459769294e-01
632 6.959703459769212e-01
633 6.959703459769340e-01
634 6.959703459769246e-01
635 6.959703459769226e-01
636 6.959703459769271e-01
637 6.959703459769193e-01
638 6.959703459769352e-01
639 6.959703459769244e-01
640 6.959703459769262e-01
641 6.959703459769265e-01
642 6.959703459769274e-01
643 6.959703459769420e-01
644 6.959703459769075e-01
645 6.959703459769341e-01
646 6.959703459769230e-01
647 6.959703459769309e-01
648 6.959703459769235e-01
649 6.959703459769283e-01
650 6.959703459769230e-01
651 6.959703459769224e-01
652 6.959703459769301e-01
653 6.959703459769289e-01
654 6.959703459769268e-01
655 6.959703459769302e-01
656 6.959703459769235e-01
657 6.959703459769261e-01
658 6.959703459769251e-01
659 6.959703459769225e-01
660 6.959703459769325e-01
661 6.959703459769272e-01
662 6.959703459769264e-01
663 6.959703459769253e-01
664 6.959703459769280e-01
665 6.959703459769203e-01
666 6.959703459769306e-01
667 6.959703459769313e-01
668 6.959703459769180e-01
669 6.959703459769241e-01
670 6.959703459769295e-01
671 6.959703459769258e-01
672 6.959703459769241e-01
673 6.959703459769396e-01
674 6.959703459769119e-01
675 6.959703459769279e-01
676 6.959703459769261e-01
677 6.959703459769335e-01
678 6.959703459769192e-01
679 6.959703459769309e-01
680 6.959703459769229e-01
681 6.959703459769209e-01
682 6.959703459769288e-01
683 6.959703459769309e-01
684 6.959703459769230e-01
685 6.959703459769387e-01
686 6.959703459769166e-01
687 6.959703459769357e-01
688 6.959703459769231e-01
689 6.959703459769192e-01
690 6.959703459769341e-01
691 6.959703459769248e-01
692 6.959703459769329e-01
693 6.959703459769311e-01
694 6.959703459769224e-01
695 6.959703459769200e-01
696 6.959703459769252e-01
697 6.959703459769651e-01
698 6.959703459768948e-01
699 6.959703459769163e-01
700 6.959703459769377e-01
701 6.959703459768918e-01
702 6.959703459769498e-01
703 6.959703459769221e-01
704 6.959703459769232e-01
705 6.959703459769186e-01
706 6.959703459769435e-01
707 6.959703459769384e-01
708 6.959703459769113e-01
709 6.959703459769533e-01
710 6.959703459769023e-01
711 6.959703459769516e-01
712 6.959703459769168e-01
713 6.959703459769123e-01
714 6.959703459769465e-01
715 6.959703459769143e-01
716 6.959703459769345e-01
717 6.959703459769251e-01
718 6.959703459769256e-01
719 6.959703459769415e-01
720 6.959703459769028e-01
721 6.959703459769652e-01
722 6.959703459769183e-01
723 6.959703459769162e-01
724 6.959703459769332e-01
725 6.959703459769171e-01
726 6.959703459769286e-01
727 6.959703459769259e-01
728 6.959703459769216e-01
729 6.959703459769206e-01
730 6.959703459769266e-01
731 6.959703459769192e-01
732 6.959703459769269e-01
733 6.959703459769253e-01
734 6.959703459769404e-01
735 6.959703459769160e-01
736 6.959703459769495e-01
737 6.959703459768976e-01
738 6.959703459769375e-01
739 6.959703459769321e-01
740 6.959703459769276e-01
741 6.959703459768842e-01
742 6.959703459769309e-01
743 6.959703459769414e-01
744 6.959703459769050e-01
745 6.959703459769238e-01
746 6.959703459769719e-01
747 6.959703459769415e-01
748 6.959703459768419e-01
749 6.959703459769362e-01
750 6.959703459769627e-01
751 6.959703459769140e-01
752 6.959703459769059e-01
753 6.959703459769568e-01
754 6.959703459769153e-01
755 6.959703459769241e-01
756 6.959703459769129e-01
757 6.959703459769216e-01
758 6.959703459769314e-01
759 6.959703459769289e-01
760 6.959703459769285e-01
761 6.959703459769292e-01
762 6.959703459769240e-01
763 6.959703459769235e-01
764 6.959703459769342e-01
765 6.959703459769254e-01
766 6.959703459769344e-01


#a = 3.000000
1 6.510105988320821e-01
2 6.523864480279906e-01
3 6.523864480279902e-01
4 6.523864480279893e-01
5 6.541364686865305e-01
6 6.541364686865320e-01
7 6.541364686865313e-01
8 6.541364686865305e-01
9 6.541364686865312e-01
10 6.541364686865322e-01
11 6.549101427428399e-01
12 6.549101427428410e-01
13 6.549101427428395e-01
14 6.549101427428384e-01
15 6.549101427428391e-01
16 6.549101427428391e-01
17 6.549101427428399e-01
18 6.549101427428394e-01
19 6.549101427428401e-01
20 6.549101427428404e-01
21 6.549101427428405e-01
22 6.549101427428400e-01
23 6.579746424457203e-01
24 6.579746424457207e-01
25 6.579746424457220e-01
26 6.579746424457205e-01
27 6.579746424457213e-01
28 6.579746424457230e-01
29 6.579746424457203e-01
30 6.579746424457212e-01
31 6.579746424457205e-01
32 6.579746424457227e-01
33 6.579746424457220e-01
34 6.579746424457219e-01
35 6.579746424457205e-01
36 6.579746424457206e-01
37 6.579746424457229e-01
38 6.579746424457231e-01
39 6.579746424457211e-01
40 6.579746424457200e-01
41 6.579746424457209e-01
42 6.579746424457213e-01
43 6.579746424457219e-01
44 6.579746424457227e-01
45 6.579746424457216e-01
46 6.579746424457212e-01
47 6.575683469056982e-01
48 6.575683469056973e-01
49 6.575683469056999e-01
50 6.575683469056994e-01
51 6.575683469056992e-01
52 6.575683469056991e-01
53 6.575683469056992e-01
54 6.575683469056994e-01
55 6.575683469057010e-01
56 6.575683469057014e-01
57 6.575683469056999e-01
58 6.575683469057008e-01
59 6.575683469056995e-01
60 6.575683469056995e-01
61 6.575683469056990e-01
62 6.575683469056988e-01
63 6.575683469056994e-01
64 6.575683469057001e-01
65 6.575683469057001e-01
66 6.575683469056994e-01
67 6.575683469057003e-01
68 6.575683469057003e-01
69 6.575683469057014e-01
70 6.575683469057005e-01
71 6.575683469057008e-01
72 6.575683469056997e-01
73 6.575683469056983e-01
74 6.575683469056991e-01
75 6.575683469056999e-01
76 6.575683469056992e-01
77 6.575683469056989e-01
78 6.575683469056990e-01
79 6.575683469056950e-01
80 6.575683469056945e-01
81 6.575683469056991e-01
82 6.575683469056992e-01
83 6.575683469056990e-01
84 6.575683469056995e-01
85 6.575683469056990e-01
86 6.575683469056988e-01
87 6.575683469056995e-01
88 6.575683469056991e-01
89 6.575683469056981e-01
90 6.575683469056993e-01
91 6.575683469056988e-01
92 6.575683469056978e-01
93 6.575683469056999e-01
94 6.575683469056979e-01
95 6.561188711955452e-01
96 6.561188711955437e-01
97 6.561188711955448e-01
98 6.561188711955446e-01
99 6.561188711955445e-01
100 6.561188711955432e-01
101 6.561188711955445e-01
102 6.561188711955449e-01
103 6.561188711955461e-01
104 6.561188711955455e-01
105 6.561188711955466e-01
106 6.561188711955460e-01
107 6.561188711955449e-01
108 6.561188711955444e-01
109 6.561188711955454e-01
110 6.561188711955452e-01
111 6.561188711955449e-01
112 6.561188711955452e-01
113 6.561188711955450e-01
114 6.561188711955454e-01
115 6.561188711955449e-01
116 6.561188711955455e-01
117 6.561188711955448e-01
118 6.561188711955450e-01
119 6.561188711955456e-01
120 6.561188711955449e-01
121 6.561188711955452e-01
122 6.561188711955452e-01
123 6.561188711955454e-01
124 6.561188711955457e-01
125 6.561188711955448e-01
126 6.561188711955450e-01
127 6.561188711955459e-01
128 6.561188711955450e-01
129 6.561188711955455e-01
130 6.561188711955455e-01
131 6.561188711955455e-01
132 6.561188711955460e-01
133 6.561188711955452e-01
134 6.561188711955451e-01
135 6.561188711955450e-01
136 6.561188711955452e-01
137 6.561188711955451e-01
138 6.561188711955455e-01
139 6.561188711955437e-01
140 6.561188711955444e-01
141 6.561188711955460e-01
142 6.561188711955452e-01
143 6.561188711955444e-01
144 6.561188711955458e-01
145 6.561188711955436e-01
146 6.561188711955435e-01
147 6.561188711955437e-01
148 6.561188711955445e-01
149 6.561188711955461e-01
150 6.561188711955459e-01
151 6.561188711955450e-01
152 6.561188711955458e-01
153 6.561188711955460e-01
154 6.561188711955457e-01
155 6.561188711955446e-01
156 6.561188711955452e-01
157 6.561188711955448e-01
158 6.561188711955450e-01
159 6.561188711955455e-01
160 6.561188711955450e-01
161 6.561188711955449e-01
162 6.561188711955444e-01
163 6.561188711955463e-01
164 6.561188711955452e-01
165 6.561188711955444e-01
166 6.561188711955463e-01
167 6.561188711955451e-01
168 6.561188711955441e-01
169 6.561188711955457e-01
170 6.561188711955463e-01
171 6.561188711955452e-01
172 6.561188711955457e-01
173 6.561188711955459e-01
174 6.561188711955430e-01
175 6.561188711955438e-01
176 6.561188711955437e-01
177 6.561188711955467e-01
178 6.561188711955444e-01
179 6.561188711955434e-01
180 6.561188711955445e-01
181 6.561188711955436e-01
182 6.561188711955445e-01
183 6.561188711955481e-01
184 6.561188711955452e-01
185 6.561188711955508e-01
186 6.561188711955392e-01
187 6.561188711955435e-01
188 6.561188711955444e-01
189 6.561188711955457e-01
190 6.561188711955442e-01
191 6.920532226738160e-01
192 6.920532226738161e-01
193 6.920532226738150e-01
194 6.920532226738150e-01
195 6.920532226738154e-01
196 6.920532226738154e-01
197 6.920532226738163e-01
198 6.920532226738159e-01
199 6.920532226738159e-01
200 6.920532226738152e-01
201 6.920532226738152e-01
202 6.920532226738147e-01
203 6.920532226738163e-01
204 6.920532226738161e-01
205 6.920532226738161e-01
206 6.920532226738164e-01
207 6.920532226738167e-01
208 6.920532226738167e-01
209 6.920532226738164e-01
210 6.920532226738161e-01
211 6.920532226738156e-01
212 6.920532226738161e-01
213 6.920532226738167e-01
214 6.920532226738167e-01
215 6.920532226738159e-01
216 6.920532226738154e-01
217 6.920532226738159e-01
218 6.920532226738161e-01
219 6.920532226738163e-01
220 6.920532226738160e-01
221 6.920532226738163e-01
222 6.920532226738159e-01
223 6.920532226738156e-01
224 6.920532226738159e-01
225 6.920532226738161e-01
226 6.920532226738160e-01
227 6.920532226738167e-01
228 6.920532226738167e-01
229 6.920532226738157e-01
230 6.920532226738162e-01
231 6.920532226738161e-01
232 6.920532226738165e-01
233 6.920532226738155e-01
234 6.920532226738157e-01
235 6.920532226738161e-01
236 6.920532226738156e-01
237 6.920532226738161e-01
238 6.920532226738156e-01
239 6.920532226738156e-01
240 6.920532226738156e-01
241 6.920532226738160e-01
242 6.920532226738159e-01
243 6.920532226738160e-01
244 6.920532226738161e-01
245 6.920532226738161e-01
246 6.920532226738163e-01
247 6.920532226738156e-01
248 6.920532226738161e-01
249 6.920532226738163e-01
250 6.920532226738162e-01
251 6.920532226738164e-01
252 6.920532226738162e-01
253 6.920532226738164e-01
254 6.920532226738161e-01
255 6.920532226738161e-01
256 6.920532226738156e-01
257 6.920532226738165e-01
258 6.920532226738166e-01
259 6.920532226738161e-01
260 6.920532226738156e-01
261 6.920532226738160e-01
262 6.920532226738165e-01
263 6.920532226738159e-01
264 6.920532226738155e-01
265 6.920532226738165e-01
266 6.920532226738167e-01
267 6.920532226738166e-01
268 6.920532226738164e-01
269 6.920532226738167e-01
270 6.920532226738163e-01
271 6.920532226738161e-01
272 6.920532226738159e-01
273 6.920532226738159e-01
274 6.920532226738160e-01
275 6.920532226738159e-01
276 6.920532226738162e-01
277 6.920532226738161e-01
278 6.920532226738159e-01
279 6.920532226738156e-01
280 6.920532226738161e-01
281 6.920532226738163e-01
282 6.920532226738156e-01
283 6.920532226738159e-01
284 6.920532226738161e-01
285 6.920532226738161e-01
286 6.920532226738156e-01
287 6.920532226738162e-01
288 6.920532226738170e-01
289 6.920532226738175e-01
290 6.920532226738153e-01
291 6.920532226738159e-01
292 6.920532226738161e-01
293 6.920532226738155e-01
294 6.920532226738167e-01
295 6.920532226738169e-01
296 6.920532226738159e-01
297 6.920532226738149e-01
298 6.920532226738154e-01
299 6.920532226738152e-01
300 6.920532226738163e-01
301 6.920532226738156e-01
302 6.920532226738159e-01
303 6.920532226738179e-01
304 6.920532226738162e-01
305 6.920532226738163e-01
306 6.920532226738136e-01
307 6.920532226738170e-01
308 6.920532226738173e-01
309 6.920532226738161e-01
310 6.920532226738155e-01
311 6.920532226738161e-01
312 6.920532226738163e-01
313 6.920532226738163e-01
314 6.920532226738160e-01
315 6.920532226738165e-01
316 6.920532226738163e-01
317 6.920532226738163e-01
318 6.920532226738129e-01
319 6.920532226738159e-01
320 6.920532226738164e-01
321 6.920532226738153e-01
322 6.920532226738159e-01
323 6.920532226738161e-01
324 6.920532226738150e-01
325 6.920532226738165e-01
326 6.920532226738136e-01
327 6.920532226738154e-01
328 6.920532226738169e-01
329 6.920532226738130e-01
330 6.920532226738186e-01
331 6.920532226738139e-01
332 6.920532226738172e-01
333 6.920532226738176e-01
334 6.920532226738145e-01
335 6.920532226738150e-01
336 6.920532226738156e-01
337 6.920532226738138e-01
338 6.920532226738163e-01
339 6.920532226738119e-01
340 6.920532226738152e-01
341 6.920532226738164e-01
342 6.920532226738155e-01
343 6.920532226738193e-01
344 6.920532226738165e-01
345 6.920532226738072e-01
346 6.920532226738176e-01
347 6.920532226738197e-01
348 6.920532226737988e-01
349 6.920532226738163e-01
350 6.920532226738167e-01
351 6.920532226738150e-01
352 6.920532226738139e-01
353 6.920532226738096e-01
354 6.920532226738161e-01
355 6.920532226738187e-01
356 6.920532226737952e-01
357 6.920532226738181e-01
358 6.920532226738103e-01
359 6.920532226738287e-01
360 6.920532226738030e-01
361 6.920532226738070e-01
362 6.920532226738121e-01
363 6.920532226738132e-01
364 6.920532226738128e-01
365 6.920532226738177e-01
366 6.920532226738175e-01
367 6.920532226738115e-01
368 6.920532226738190e-01
369 6.920532226738045e-01
370 6.920532226738189e-01
371 6.920532226738134e-01
372 6.920532226737823e-01
373 6.920532226738152e-01
374 6.920532226738823e-01
375 6.920532226738512e-01
376 6.920532226738042e-01
377 6.920532226738108e-01
378 6.920532226738090e-01
379 6.920532226738167e-01
380 6.920532226738138e-01
381 6.920532226738201e-01
382 6.920532226738200e-01
383 6.807077788378508e-01
384 6.807077788378527e-01
385 6.807077788378566e-01
386 6.807077788378457e-01
387 6.807077788378538e-01
388 6.807077788378501e-01
389 6.807077788378499e-01
390 6.807077788378519e-01
391 6.807077788378511e-01
392 6.807077788378512e-01
393 6.807077788378525e-01
394 6.807077788378502e-01
395 6.807077788378508e-01
396 6.807077788378519e-01
397 6.807077788378524e-01
398 6.807077788378501e-01
399 6.807077788378517e-01
400 6.807077788378504e-01
401 6.807077788378512e-01
402 6.807077788378529e-01
403 6.807077788378497e-01
404 6.807077788378529e-01
405 6.807077788378496e-01
406 6.807077788378525e-01
407 6.807077788378512e-01
408 6.807077788378506e-01
409 6.807077788378499e-01
410 6.807077788378536e-01
411 6.807077788378522e-01
412 6.807077788378508e-01
413 6.807077788378507e-01
414 6.807077788378509e-01
415 6.807077788378504e-01
416 6.807077788378514e-01
417 6.807077788378525e-01
418 6.807077788378498e-01
419 6.807077788378506e-01
420 6.807077788378506e-01
421 6.807077788378529e-01
422 6.807077788378512e-01
423 6.807077788378506e-01
424 6.807077788378537e-01
425 6.807077788378518e-01
426 6.807077788378512e-01
427 6.807077788378528e-01
428 6.807077788378512e-01
429 6.807077788378469e-01
430 6.807077788378567e-01
431 6.807077788378532e-01
432 6.807077788378522e-01
433 6.807077788378523e-01
434 6.807077788378525e-01
435 6.807077788378444e-01
436 6.807077788378574e-01
437 6.807077788378521e-01
438 6.807077788378508e-01
439 6.807077788378503e-01
440 6.807077788378512e-01
441 6.807077788378557e-01
442 6.807077788378466e-01
443 6.807077788378492e-01
444 6.807077788378532e-01
445 6.807077788378546e-01
446 6.807077788378502e-01
447 6.807077788378521e-01
448 6.807077788378508e-01
449 6.807077788378472e-01
450 6.807077788378552e-01
451 6.807077788378538e-01
452 6.807077788378495e-01
453 6.807077788378527e-01
454 6.807077788378492e-01
455 6.807077788378511e-01
456 6.807077788378513e-01
457 6.807077788378466e-01
458 6.807077788378568e-01
459 6.807077788378549e-01
460 6.807077788378492e-01
461 6.807077788378508e-01
462 6.807077788378515e-01
463 6.807077788378528e-01
464 6.807077788378506e-01
465 6.807077788378515e-01
466 6.807077788378514e-01
467 6.807077788378539e-01
468 6.807077788378489e-01
469 6.807077788378481e-01
470 6.807077788378544e-01
471 6.807077788378492e-01
472 6.807077788378528e-01
473 6.807077788378505e-01
474 6.807077788378526e-01
475 6.807077788378474e-01
476 6.807077788378563e-01
477 6.807077788378511e-01
478 6.807077788378507e-01
479 6.807077788378337e-01
480 6.807077788378690e-01
481 6.807077788378506e-01
482 6.807077788378516e-01
483 6.807077788378505e-01
484 6.807077788378513e-01
485 6.807077788378542e-01
486 6.807077788378475e-01
487 6.807077788378416e-01
488 6.807077788378602e-01
489 6.807077788378406e-01
490 6.807077788378598e-01
491 6.807077788378505e-01
492 6.807077788378515e-01
493 6.807077788378511e-01
494 6.807077788378529e-01
495 6.807077788378578e-01
496 6.807077788378493e-01
497 6.807077788378525e-01
498 6.807077788378474e-01
499 6.807077788378495e-01
500 6.807077788378506e-01
501 6.807077788378384e-01
502 6.807077788378644e-01
503 6.807077788378506e-01
504 6.807077788378505e-01
505 6.807077788378492e-01
506 6.807077788378521e-01
507 6.807077788378523e-01
508 6.807077788378517e-01
509 6.807077788378526e-01
510 6.807077788378507e-01
511 6.807077788378323e-01
512 6.807077788378666e-01
513 6.807077788378526e-01
514 6.807077788378494e-01
515 6.807077788378518e-01
516 6.807077788378526e-01
517 6.807077788378502e-01
518 6.807077788378523e-01
519 6.807077788378592e-01
520 6.807077788378461e-01
521 6.807077788378540e-01
522 6.807077788378512e-01
523 6.807077788378481e-01
524 6.807077788378533e-01
525 6.807077788378620e-01
526 6.807077788378320e-01
527 6.807077788378415e-01
528 6.807077788378594e-01
529 6.807077788378526e-01
530 6.807077788378498e-01
531 6.807077788378523e-01
532 6.807077788378523e-01
533 6.807077788378533e-01
534 6.807077788378502e-01
535 6.807077788378482e-01
536 6.807077788378521e-01
537 6.807077788378525e-01
538 6.807077788378476e-01
539 6.807077788378504e-01
540 6.807077788378542e-01
541 6.807077788378472e-01
542 6.807077788378560e-01
543 6.807077788378532e-01
544 6.807077788378498e-01
545 6.807077788378522e-01
546 6.807077788378528e-01
547 6.807077788378376e-01
548 6.807077788378633e-01
549 6.807077788378569e-01
550 6.807077788378446e-01
551 6.807077788378328e-01
552 6.807077788378690e-01
553 6.807077788378528e-01
554 6.807077788378493e-01
555 6.807077788378539e-01
556 6.807077788378506e-01
557 6.807077788378542e-01
558 6.807077788378501e-01
559 6.807077788378503e-01
560 6.807077788378570e-01
561 6.807077788378687e-01
562 6.807077788378388e-01
563 6.807077788378553e-01
564 6.807077788378415e-01
565 6.807077788378523e-01
566 6.807077788378477e-01
567 6.807077788378622e-01
568 6.807077788378387e-01
569 6.807077788378523e-01
570 6.807077788378469e-01
571 6.807077788378515e-01
572 6.807077788378497e-01
573 6.807077788378600e-01
574 6.807077788378467e-01
575 6.807077788378472e-01
576 6.807077788378604e-01
577 6.807077788378482e-01
578 6.807077788378536e-01
579 6.807077788378616e-01
580 6.807077788378310e-01
581 6.807077788378499e-01
582 6.807077788378653e-01
583 6.807077788378465e-01
584 6.807077788378545e-01
585 6.807077788378462e-01
586 6.807077788378547e-01
587 6.807077788378461e-01
588 6.807077788378575e-01
589 6.807077788378341e-01
590 6.807077788378548e-01
591 6.807077788378562e-01
592 6.807077788378386e-01
593 6.807077788378514e-01
594 6.807077788378577e-01
595 6.807077788378472e-01
596 6.807077788378493e-01
597 6.807077788378466e-01
598 6.807077788378452e-01
599 6.807077788378540e-01
600 6.807077788378582e-01
601 6.807077788378540e-01
602 6.807077788378487e-01
603 6.807077788378598e-01
604 6.807077788378456e-01
605 6.807077788378617e-01
606 6.807077788378477e-01
607 6.807077788378810e-01
608 6.807077788378050e-01
609 6.807077788378558e-01
610 6.807077788378517e-01
611 6.807077788378564e-01
612 6.807077788378448e-01
613 6.807077788378997e-01
614 6.807077788378211e-01
615 6.807077788378740e-01
616 6.807077788378305e-01
617 6.807077788378224e-01
618 6.807077788378746e-01
619 6.807077788378465e-01
620 6.807077788378502e-01
621 6.807077788378534e-01
622 6.807077788378481e-01
623 6.807077788378503e-01
624 6.807077788378559e-01
625 6.807077788378390e-01
626 6.807077788378550e-01
627 6.807077788378855e-01
628 6.807077788378140e-01
629 6.807077788378590e-01
630 6.807077788378449e-01
631 6.807077788378586e-01
632 6.807077788378370e-01
633 6.807077788378399e-01
634 6.807077788378573e-01
635 6.807077788378471e-01
636 6.807077788378478e-01
637 6.807077788377778e-01
638 6.807077788379495e-01
639 6.807077788378549e-01
640 6.807077788378438e-01
641 6.807077788378487e-01
642 6.807077788378453e-01
643 6.807077788378463e-01
644 6.807077788378576e-01
645 6.807077788378512e-01
646 6.807077788378362e-01
647 6.807077788378567e-01
648 6.807077788378498e-01
649 6.807077788378871e-01
650 6.807077788378364e-01
651 6.807077788378213e-01
652 6.807077788378619e-01
653 6.807077788378236e-01
654 6.807077788378989e-01
655 6.807077788378491e-01
656 6.807077788378656e-01
657 6.807077788378482e-01
658 6.807077788378620e-01
659 6.807077788378567e-01
660 6.807077788378608e-01
661 6.807077788378665e-01
662 6.807077788378145e-01
663 6.807077788378266e-01
664 6.807077788378831e-01
665 6.807077788378476e-01
666 6.807077788378384e-01
667 6.807077788378885e-01
668 6.807077788378003e-01
669 6.807077788378583e-01
670 6.807077788378570e-01
671 6.807077788378721e-01
672 6.807077788378217e-01
673 6.807077788378637e-01
674 6.807077788378261e-01
675 6.807077788378327e-01
676 6.807077788378597e-01
677 6.807077788378368e-01
678 6.807077788378478e-01
679 6.807077788379700e-01
680 6.807077788377864e-01
681 6.807077788378297e-01
682 6.807077788378598e-01
683 6.807077788378678e-01
684 6.807077788378357e-01
685 6.807077788378778e-01
686 6.807077788378393e-01
687 6.807077788378418e-01
688 6.807077788378071e-01
689 6.807077788378675e-01
690 6.807077788378445e-01
691 6.807077788379620e-01
692 6.807077788378267e-01
693 6.807077788378489e-01
694 6.807077788378439e-01
695 6.807077788378442e-01
696 6.807077788378353e-01
697 6.807077788369499e-01
698 6.807077788388503e-01
699 6.807077788378325e-01
700 6.807077788378235e-01
701 6.807077788378446e-01
702 6.807077788378140e-01
703 6.807077788378654e-01
704 6.807077788378650e-01
705 6.807077788380363e-01
706 6.807077788377166e-01
707 6.807077788378177e-01
708 6.807077788378990e-01
709 6.807077788377768e-01
710 6.807077788379007e-01
711 6.807077788378404e-01
712 6.807077788378243e-01
713 6.807077788380199e-01
714 6.807077788378206e-01
715 6.807077788378222e-01
716 6.807077788378465e-01
717 6.807077788378978e-01
718 6.807077788378177e-01
719 6.807077788378091e-01
720 6.807077788377687e-01
721 6.807077788378302e-01
722 6.807077788380050e-01
723 6.807077788379428e-01
724 6.807077788378013e-01
725 6.807077788379918e-01
726 6.807077788377633e-01
727 6.807077788378616e-01
728 6.807077788378448e-01
729 6.807077788378825e-01
730 6.807077788378392e-01
731 6.807077788378382e-01
732 6.807077788378694e-01
733 6.807077788378167e-01
734 6.807077788378894e-01
735 6.807077788379687e-01
736 6.807077788378481e-01
737 6.807077788378988e-01
738 6.807077788378257e-01
739 6.807077788379353e-01
740 6.807077788378446e-01
741 6.807077788378115e-01
742 6.807077788378832e-01
743 6.807077788378623e-01
744 6.807077788378982e-01
745 6.807077788380842e-01
746 6.807077788379260e-01
747 6.807077788377089e-01
748 6.807077788378838e-01
749 6.807077788370982e-01
750 6.807077788379460e-01
751 6.807077788376203e-01
752 6.807077788378022e-01
753 6.807077788378902e-01
754 6.807077788378351e-01
755 6.807077788378664e-01
756 6.807077788378546e-01
757 6.807077788378693e-01
758 6.807077788378495e-01
759 6.807077788378435e-01
760 6.807077788378664e-01
761 6.807077788378562e-01
762 6.807077788378811e-01
763 6.807077788378505e-01
764 6.807077788378888e-01
765 6.807077788379514e-01
766 6.807077788377727e-01


#a = 4.000000
1 6.508002400105919e-01
2 6.529758923096252e-01
3 6.529758923096232e-01
4 6.529758923096247e-01
5 6.543758241241955e-01
6 6.543758241241907e-01
7 6.543758241241922e-01
8 6.543758241241904e-01
9 6.543758241241910e-01
10 6.543758241241915e-01
11 6.565419716007882e-01
12 6.565419716007870e-01
13 6.565419716007881e-01
14 6.565419716007876e-01
15 6.565419716007899e-01
16 6.565419716007876e-01
17 6.565419716007894e-01
18 6.565419716007894e-01
19 6.565419716007883e-01
20 6.565419716007875e-01
21 6.565419716007874e-01
22 6.565419716007885e-01
23 6.590016372461812e-01
24 6.590016372461815e-01
25 6.590016372461807e-01
26 6.590016372461807e-01
27 6.590016372461809e-01
28 6.590016372461798e-01
29 6.590016372461800e-01
30 6.590016372461811e-01
31 6.590016372461820e-01
32 6.590016372461805e-01
33 6.590016372461827e-01
34 6.590016372461818e-01
35 6.590016372461823e-01
36 6.590016372461811e-01
37 6.590016372461800e-01
38 6.590016372461820e-01
39 6.590016372461802e-01
40 6.590016372461787e-01
41 6.590016372461796e-01
42 6.590016372461787e-01
43 6.590016372461831e-01
44 6.590016372461848e-01
45 6.590016372461782e-01
46 6.590016372461757e-01
47 6.598451905483286e-01
48 6.598451905483295e-01
49 6.598451905483296e-01
50 6.598451905483282e-01
51 6.598451905483297e-01
52 6.598451905483304e-01
53 6.598451905483276e-01
54 6.598451905483272e-01
55 6.598451905483301e-01
56 6.598451905483294e-01
57 6.598451905483288e-01
58 6.598451905483289e-01
59 6.598451905483282e-01
60 6.598451905483278e-01
61 6.598451905483298e-01
62 6.598451905483300e-01
63 6.598451905483284e-01
64 6.598451905483291e-01
65 6.598451905483282e-01
66 6.598451905483282e-01
67 6.598451905483294e-01
68 6.598451905483289e-01
69 6.598451905483287e-01
70 6.598451905483302e-01
71 6.598451905483300e-01
72 6.598451905483290e-01
73 6.598451905483292e-01
74 6.598451905483289e-01
75 6.598451905483287e-01
76 6.598451905483282e-01
77 6.598451905483289e-01
78 6.598451905483280e-01
79 6.598451905483286e-01
80 6.598451905483282e-01
81 6.598451905483299e-01
82 6.598451905483286e-01
83 6.598451905483287e-01
84 6.598451905483276e-01
85 6.598451905483289e-01
86 6.598451905483276e-01
87 6.598451905483282e-01
88 6.598451905483306e-01
89 6.598451905483278e-01
90 6.598451905483300e-01
91 6.598451905483325e-01
92 6.598451905483279e-01
93 6.598451905483259e-01
94 6.598451905483298e-01
95 6.667367739010199e-01
96 6.667367739010195e-01
97 6.667367739010203e-01
98 6.667367739010199e-01
99 6.667367739010193e-01
100 6.667367739010197e-01
101 6.667367739010202e-01
102 6.667367739010194e-01
103 6.667367739010202e-01
104 6.667367739010210e-01
105 6.667367739010209e-01
106 6.667367739010210e-01
107 6.667367739010210e-01
108 6.667367739010196e-01
109 6.667367739010197e-01
110 6.667367739010188e-01
111 6.667367739010195e-01
112 6.667367739010206e-01
113 6.667367739010197e-01
114 6.667367739010199e-01
115 6.667367739010198e-01
116 6.667367739010196e-01
117 6.667367739010199e-01
118 6.667367739010190e-01
119 6.667367739010213e-01
120 6.667367739010219e-01
121 6.667367739010204e-01
122 6.667367739010209e-01
123 6.667367739010188e-01
124 6.667367739010196e-01
125 6.667367739010205e-01
126 6.667367739010199e-01
127 6.667367739010203e-01
128 6.667367739010206e-01
129 6.667367739010204e-01
130 6.667367739010210e-01
131 6.667367739010186e-01
132 6.667367739010187e-01
133 6.667367739010197e-01
134 6.667367739010202e-01
135 6.667367739010208e-01
136 6.667367739010217e-01
137 6.667367739010188e-01
138 6.667367739010199e-01
139 6.667367739010192e-01
140 6.667367739010194e-01
141 6.667367739010197e-01
142 6.667367739010198e-01
143 6.667367739010213e-01
144 6.667367739010209e-01
145 6.667367739010205e-01
146 6.667367739010204e-01
147 6.667367739010197e-01
148 6.667367739010193e-01
149 6.667367739010188e-01
150 6.667367739010186e-01
151 6.667367739010200e-01
152 6.667367739010212e-01
153 6.667367739010193e-01
154 6.667367739010202e-01
155 6.667367739010207e-01
156 6.667367739010213e-01
157 6.667367739010200e-01
158 6.667367739010199e-01
159 6.667367739010224e-01
160 6.667367739010203e-01
161 6.667367739010184e-01
162 6.667367739010182e-01
163 6.667367739010182e-01
164 6.667367739010193e-01
165 6.667367739010219e-01
166 6.667367739010210e-01
167 6.667367739010213e-01
168 6.667367739010208e-01
169 6.667367739010148e-01
170 6.667367739010173e-01
171 6.667367739010249e-01
172 6.667367739010142e-01
173 6.667367739010145e-01
174 6.667367739010233e-01
175 6.667367739010195e-01
176 6.667367739010199e-01
177 6.667367739010218e-01
178 6.667367739010213e-01
179 6.667367739010174e-01
180 6.667367739010157e-01
181 6.667367739010239e-01
182 6.667367739010198e-01
183 6.667367739010234e-01
184 6.667367739010222e-01
185 6.667367739010255e-01
186 6.667367739010113e-01
187 6.667367739010196e-01
188 6.667367739010179e-01
189 6.667367739010206e-01
190 6.667367739010188e-01
191 7.038693371026712e-01
192 7.038693371026720e-01
193 7.038693371026730e-01
194 7.038693371026739e-01
195 7.038693371026703e-01
196 7.038693371026712e-01
197 7.038693371026747e-01
198 7.038693371026730e-01
199 7.038693371026731e-01
200 7.038693371026752e-01
201 7.038693371026761e-01
202 7.038693371026770e-01
203 7.038693371026716e-01
204 7.038693371026745e-01
205 7.038693371026705e-01
206 7.038693371026719e-01
207 7.038693371026719e-01
208 7.038693371026725e-01
209 7.038693371026741e-01
210 7.038693371026739e-01
211 7.038693371026741e-01
212 7.038693371026736e-01
213 7.038693371026750e-01
214 7.038693371026745e-01
215 7.038693371026741e-01
216 7.038693371026747e-01
217 7.038693371026734e-01
218 7.038693371026741e-01
219 7.038693371026732e-01
220 7.038693371026739e-01
221 7.038693371026716e-01
222 7.038693371026724e-01
223 7.038693371026746e-01
224 7.038693371026739e-01
225 7.038693371026769e-01
226 7.038693371026767e-01
227 7.038693371026763e-01
228 7.038693371026761e-01
229 7.038693371026730e-01
230 7.038693371026741e-01
231 7.038693371026781e-01
232 7.038693371026783e-01
233 7.038693371026761e-01
234 7.038693371026757e-01
235 7.038693371026753e-01
236 7.038693371026759e-01
237 7.038693371026750e-01
238 7.038693371026747e-01
239 7.038693371026739e-01
240 7.038693371026739e-01
241 7.038693371026736e-01
242 7.038693371026734e-01
243 7.038693371026759e-01
244 7.038693371026754e-01
245 7.038693371026745e-01
246 7.038693371026788e-01
247 7.038693371026763e-01
248 7.038693371026749e-01
249 7.038693371026765e-01
250 7.038693371026755e-01
251 7.038693371026752e-01
252 7.038693371026771e-01
253 7.038693371026781e-01
254 7.038693371026760e-01
255 7.038693371026723e-01
256 7.038693371026730e-01
257 7.038693371026710e-01
258 7.038693371026692e-01
259 7.038693371026759e-01
260 7.038693371026780e-01
261 7.038693371026752e-01
262 7.038693371026732e-01
263 7.038693371026732e-01
264 7.038693371026707e-01
265 7.038693371026761e-01
266 7.038693371026756e-01
267 7.038693371026767e-01
268 7.038693371026747e-01
269 7.038693371026760e-01
270 7.038693371026745e-01
271 7.038693371026723e-01
272 7.038693371026752e-01
273 7.038693371026777e-01
274 7.038693371026762e-01
275 7.038693371026785e-01
276 7.038693371026752e-01
277 7.038693371026730e-01
278 7.038693371026743e-01
279 7.038693371026736e-01
280 7.038693371026743e-01
281 7.038693371026749e-01
282 7.038693371026727e-01
283 7.038693371026720e-01
284 7.038693371026710e-01
285 7.038693371026696e-01
286 7.038693371026719e-01
287 7.038693371026747e-01
288 7.038693371026732e-01
289 7.038693371026750e-01
290 7.038693371026736e-01
291 7.038693371026750e-01
292 7.038693371026761e-01
293 7.038693371026745e-01
294 7.038693371026745e-01
295 7.038693371026726e-01
296 7.038693371026732e-01
297 7.038693371026712e-01
298 7.038693371026835e-01
299 7.038693371026715e-01
300 7.038693371026736e-01
301 7.038693371026756e-01
302 7.038693371026741e-01
303 7.038693371026747e-01
304 7.038693371026719e-01
305 7.038693371026705e-01
306 7.038693371026818e-01
307 7.038693371026714e-01
308 7.038693371026725e-01
309 7.038693371026739e-01
310 7.038693371026735e-01
311 7.038693371026711e-01
312 7.038693371026814e-01
313 7.038693371026736e-01
314 7.038693371026731e-01
315 7.038693371026721e-01
316 7.038693371026747e-01
317 7.038693371026767e-01
318 7.038693371026730e-01
319 7.038693371026701e-01
320 7.038693371026741e-01
321 7.038693371026896e-01
322 7.038693371026714e-01
323 7.038693371026757e-01
324 7.038693371026757e-01
325 7.038693371026733e-01
326 7.038693371026754e-01
327 7.038693371026827e-01
328 7.038693371026707e-01
329 7.038693371026763e-01
330 7.038693371026743e-01
331 7.038693371026743e-01
332 7.038693371026707e-01
333 7.038693371026774e-01
334 7.038693371026745e-01
335 7.038693371026752e-01
336 7.038693371026741e-01
337 7.038693371026820e-01
338 7.038693371026625e-01
339 7.038693371026845e-01
340 7.038693371026599e-01
341 7.038693371026853e-01
342 7.038693371026570e-01
343 7.038693371026580e-01
344 7.038693371026941e-01
345 7.038693371026559e-01
346 7.038693371027092e-01
347 7.038693371026715e-01
348 7.038693371026632e-01
349 7.038693371026301e-01
350 7.038693371026905e-01
351 7.038693371026670e-01
352 7.038693371026743e-01
353 7.038693371026987e-01
354 7.038693371026701e-01
355 7.038693371026725e-01
356 7.038693371026709e-01
357 7.038693371026932e-01
358 7.038693371026655e-01
359 7.038693371026583e-01
360 7.038693371026746e-01
361 7.038693371026888e-01
362 7.038693371026785e-01
363 7.038693371026634e-01
364 7.038693371026776e-01
365 7.038693371026737e-01
366 7.038693371026736e-01
367 7.038693371026641e-01
368 7.038693371026788e-01
369 7.038693371026702e-01
370 7.038693371026821e-01
371 7.038693371026465e-01
372 7.038693371026266e-01
373 7.038693371027526e-01
374 7.038693371026192e-01
375 7.038693371026179e-01
376 7.038693371027165e-01
377 7.038693371026390e-01
378 7.038693371026994e-01
379 7.038693371026723e-01
380 7.038693371026621e-01
381 7.038693371026761e-01
382 7.038693371026736e-01
383 6.717376615121481e-01
384 6.717376615121445e-01
385 6.717376615121475e-01
386 6.717376615121501e-01
387 6.717376615121458e-01
388 6.717376615121772e-01
389 6.717376615121563e-01
390 6.717376615121508e-01
391 6.717376615121490e-01
392 6.717376615121503e-01
393 6.717376615121582e-01
394 6.717376615121422e-01
395 6.717376615121436e-01
396 6.717376615121453e-01
397 6.717376615121369e-01
398 6.717376615121633e-01
399 6.717376615121604e-01
400 6.717376615121559e-01
401 6.717376615121488e-01
402 6.717376615121580e-01
403 6.717376615121655e-01
404 6.717376615121498e-01
405 6.717376615121600e-01
406 6.717376615121581e-01
407 6.717376615121504e-01
408 6.717376615121506e-01
409 6.717376615121302e-01
410 6.717376615121439e-01
411 6.717376615121482e-01
412 6.717376615121461e-01
413 6.717376615121448e-01
414 6.717376615121476e-01
415 6.717376615121506e-01
416 6.717376615121473e-01
417 6.717376615121458e-01
418 6.717376615121394e-01
419 6.717376615121449e-01
420 6.717376615121533e-01
421 6.717376615121324e-01
422 6.717376615121620e-01
423 6.717376615121524e-01
424 6.717376615121585e-01
425 6.717376615121629e-01
426 6.717376615121565e-01
427 6.717376615121792e-01
428 6.717376615121382e-01
429 6.717376615121585e-01
430 6.717376615121526e-01
431 6.717376615121541e-01
432 6.717376615121535e-01
433 6.717376615121500e-01
434 6.717376615121490e-01
435 6.717376615121595e-01
436 6.717376615121575e-01
437 6.717376615121563e-01
438 6.717376615121544e-01
439 6.717376615121496e-01
440 6.717376615121489e-01
441 6.717376615121396e-01
442 6.717376615121522e-01
443 6.717376615121455e-01
444 6.717376615121557e-01
445 6.717376615121758e-01
446 6.717376615121347e-01
447 6.717376615121494e-01
448 6.717376615121494e-01
449 6.717376615121641e-01
450 6.717376615121304e-01
451 6.717376615121474e-01
452 6.717376615121541e-01
453 6.717376615121499e-01
454 6.717376615121554e-01
455 6.717376615121493e-01
456 6.717376615121536e-01
457 6.717376615121236e-01
458 6.717376615121692e-01
459 6.717376615121754e-01
460 6.717376615121370e-01
461 6.717376615121495e-01
462 6.717376615121579e-01
463 6.717376615121605e-01
464 6.717376615121443e-01
465 6.717376615121420e-01
466 6.717376615121603e-01
467 6.717376615121504e-01
468 6.717376615121481e-01
469 6.717376615121565e-01
470 6.717376615121464e-01
471 6.717376615121652e-01
472 6.717376615121319e-01
473 6.717376615121579e-01
474 6.717376615121556e-01
475 6.717376615121488e-01
476 6.717376615121519e-01
477 6.717376615121554e-01
478 6.717376615121499e-01
479 6.717376615121567e-01
480 6.717376615121566e-01
481 6.717376615121420e-01
482 6.717376615121656e-01
483 6.717376615121438e-01
484 6.717376615121545e-01
485 6.717376615121495e-01
486 6.717376615121485e-01
487 6.717376615121445e-01
488 6.717376615121572e-01
489 6.717376615121716e-01
490 6.717376615121404e-01
491 6.717376615121615e-01
492 6.717376615121612e-01
493 6.717376615121261e-01
494 6.717376615121554e-01
495 6.717376615121612e-01
496 6.717376615121422e-01
497 6.717376615121582e-01
498 6.717376615121490e-01
499 6.717376615121603e-01
500 6.717376615121389e-01
501 6.717376615121137e-01
502 6.717376615121826e-01
503 6.717376615121564e-01
504 6.717376615121666e-01
505 6.717376615121374e-01
506 6.717376615121666e-01
507 6.717376615122411e-01
508 6.717376615120505e-01
509 6.717376615121518e-01
510 6.717376615121552e-01
511 6.717376615121554e-01
512 6.717376615121557e-01
513 6.717376615121723e-01
514 6.717376615121194e-01
515 6.717376615120606e-01
516 6.717376615121955e-01
517 6.717376615121423e-01
518 6.717376615121754e-01
519 6.717376615121674e-01
520 6.717376615121579e-01
521 6.717376615122036e-01
522 6.717376615120965e-01
523 6.717376615121683e-01
524 6.717376615121367e-01
525 6.717376615121575e-01
526 6.717376615121712e-01
527 6.717376615121519e-01
528 6.717376615121431e-01
529 6.717376615121494e-01
530 6.717376615121955e-01
531 6.717376615121633e-01
532 6.717376615121254e-01
533 6.717376615121436e-01
534 6.717376615121614e-01
535 6.717376615121597e-01
536 6.717376615121298e-01
537 6.717376615122184e-01
538 6.717376615120940e-01
539 6.717376615121452e-01
540 6.717376615121442e-01
541 6.717376615121375e-01
542 6.717376615121606e-01
543 6.717376615121663e-01
544 6.717376615121752e-01
545 6.717376615121329e-01
546 6.717376615121733e-01
547 6.717376615121396e-01
548 6.717376615121518e-01
549 6.717376615121683e-01
550 6.717376615121484e-01
551 6.717376615121143e-01
552 6.717376615121510e-01
553 6.717376615121741e-01
554 6.717376615121489e-01
555 6.717376615121615e-01
556 6.717376615121629e-01
557 6.717376615121415e-01
558 6.717376615121473e-01
559 6.717376615121595e-01
560 6.717376615121393e-01
561 6.717376615122165e-01
562 6.717376615120866e-01
563 6.717376615121100e-01
564 6.717376615121717e-01
565 6.717376615121616e-01
566 6.717376615121404e-01
567 6.717376615121429e-01
568 6.717376615121641e-01
569 6.717376615120899e-01
570 6.717376615122214e-01
571 6.717376615121319e-01
572 6.717376615122036e-01
573 6.717376615121984e-01
574 6.717376615121023e-01
575 6.717376615121776e-01
576 6.717376615121032e-01
577 6.717376615121746e-01
578 6.717376615121432e-01
579 6.717376615121327e-01
580 6.717376615121262e-01
581 6.717376615121169e-01
582 6.717376615121672e-01
583 6.717376615121610e-01
584 6.717376615121526e-01
585 6.717376615121674e-01
586 6.717376615121421e-01
587 6.717376615121797e-01
588 6.717376615121344e-01
589 6.717376615122257e-01
590 6.717376615120944e-01
591 6.717376615121736e-01
592 6.717376615121844e-01
593 6.717376615121826e-01
594 6.717376615121909e-01
595 6.717376615121891e-01
596 6.717376615121671e-01
597 6.717376615122920e-01
598 6.717376615118218e-01
599 6.717376615121179e-01
600 6.717376615122053e-01
601 6.717376615121542e-01
602 6.717376615121166e-01
603 6.717376615121886e-01
604 6.717376615120986e-01
605 6.717376615121514e-01
606 6.717376615121773e-01
607 6.717376615120851e-01
608 6.717376615121904e-01
609 6.717376615121939e-01
610 6.717376615121868e-01
611 6.717376615121721e-01
612 6.717376615121734e-01
613 6.717376615126276e-01
614 6.717376615115113e-01
615 6.717376615122339e-01
616 6.717376615120961e-01
617 6.717376615122094e-01
618 6.717376615121433e-01
619 6.717376615122286e-01
620 6.717376615120754e-01
621 6.717376615121873e-01
622 6.717376615121204e-01
623 6.717376615121889e-01
624 6.717376615121954e-01
625 6.717376615120697e-01
626 6.717376615120877e-01
627 6.717376615121814e-01
628 6.717376615121858e-01
629 6.717376615121949e-01
630 6.717376615121748e-01
631 6.717376615120877e-01
632 6.717376615122679e-01
633 6.717376615120750e-01
634 6.717376615122407e-01
635 6.717376615120370e-01
636 6.717376615121688e-01
637 6.717376615121213e-01
638 6.717376615121747e-01
639 6.717376615122190e-01
640 6.717376615122217e-01
641 6.717376615122143e-01
642 6.717376615122194e-01
643 6.717376615133461e-01
644 6.717376615106567e-01
645 6.717376615121617e-01
646 6.717376615121942e-01
647 6.717376615120526e-01
648 6.717376615121665e-01
649 6.717376615121390e-01
650 6.717376615121771e-01
651 6.717376615121569e-01
652 6.717376615121922e-01
653 6.717376615121572e-01
654 6.717376615120902e-01
655 6.717376615119862e-01
656 6.717376615122301e-01
657 6.717376615121478e-01
658 6.717376615121714e-01
659 6.717376615119631e-01
660 6.717376615123553e-01
661 6.717376615122171e-01
662 6.717376615121329e-01
663 6.717376615122004e-01
664 6.717376615121193e-01
665 6.717376615120566e-01
666 6.717376615123358e-01
667 6.717376615122110e-01
668 6.717376615120171e-01
669 6.717376615121039e-01
670 6.717376615121735e-01
671 6.717376615121540e-01
672 6.717376615121595e-01
673 6.717376615120515e-01
674 6.717376615123644e-01
675 6.717376615117147e-01
676 6.717376615125228e-01
677 6.717376615122805e-01
678 6.717376615122949e-01
679 6.717376615119657e-01
680 6.717376615120618e-01
681 6.717376615119259e-01
682 6.717376615122478e-01
683 6.717376615121659e-01
684 6.717376615118765e-01
685 6.717376615131103e-01
686 6.717376615114996e-01
687 6.717376615128350e-01
688 6.717376615121733e-01
689 6.717376615123205e-01
690 6.717376615119988e-01
691 6.717376615140971e-01
692 6.717376615102434e-01
693 6.717376615112238e-01
694 6.717376615122099e-01
695 6.717376615129147e-01
696 6.717376615108045e-01
697 6.717376615103543e-01
698 6.717376615139614e-01
699 6.717376615153148e-01
700 6.717376615098370e-01
701 6.717376615124456e-01
702 6.717376615117052e-01
703 6.717376615123556e-01
704 6.717376615121089e-01
705 6.717376615124984e-01
706 6.717376615118522e-01
707 6.717376615111845e-01
708 6.717376615127725e-01
709 6.717376615121725e-01
710 6.717376615122481e-01
711 6.717376615120316e-01
712 6.717376615123092e-01
713 6.717376615121730e-01
714 6.717376615122677e-01
715 6.717376615131623e-01
716 6.717376615108875e-01
717 6.717376615123939e-01
718 6.717376615120874e-01
719 6.717376615120781e-01
720 6.717376615123180e-01
721 6.717376615122591e-01
722 6.717376615116956e-01
723 6.717376615125975e-01
724 6.717376615113400e-01
725 6.717376615121560e-01
726 6.717376615118185e-01
727 6.717376615131863e-01
728 6.717376615114816e-01
729 6.717376615120927e-01
730 6.717376615124998e-01
731 6.717376615122583e-01
732 6.717376615121780e-01
733 6.717376615120911e-01
734 6.717376615123642e-01
735 6.717376615121922e-01
736 6.717376615124824e-01
737 6.717376615120013e-01
738 6.717376615125017e-01
739 6.717376615121926e-01
740 6.717376615126320e-01
741 6.717376615119344e-01
742 6.717376615126912e-01
743 6.717376615128322e-01
744 6.717376615118482e-01
745 6.717376615132029e-01
746 6.717376615116789e-01
747 6.717376615143489e-01
748 6.717376615077078e-01
749 6.717376615138795e-01
750 6.717376615104300e-01
751 6.717376615112149e-01
752 6.717376615138322e-01
753 6.717376615120239e-01
754 6.717376615121429e-01
755 6.717376615127513e-01
756 6.717376615122586e-01
757 6.717376615120455e-01
758 6.717376615115345e-01
759 6.717376615118682e-01
760 6.717376615122271e-01
761 6.717376615121320e-01
762 6.717376615121625e-01
763 6.717376615120561e-01
764 6.717376615120116e-01
765 6.717376615118013e-01
766 6.717376615124738e-01


