## Parameters ##
# z = 3
# m = 9
# t = 1.000000000000000e+00
# mu = 1.000000000000000e-10
# opt = sc
#
#
#a = 0.000000
1 5.714285714285730e-01
2 5.000000000000003e-01
3 5.803571428571436e-01
4 4.999999999999986e-01
5 6.034226190476186e-01
6 5.000000000000001e-01
7 6.508556547619043e-01
8 4.999999999999996e-01
9 7.877139136904747e-01


#a = 1.000000
1 5.240992326429712e-01
2 5.000000000106560e-01
3 5.268093368542391e-01
4 5.000000000108703e-01
5 5.363120032190865e-01
6 5.000000000108042e-01
7 5.662553741505038e-01
8 5.000000000101229e-01
9 8.140183352809882e-01


#a = 2.000000
1 5.040961588478374e-01
2 5.000000000156231e-01
3 5.047342063995178e-01
4 5.000000000158806e-01
5 5.075884792365870e-01
6 5.000000000165543e-01
7 5.207743695766032e-01
8 5.000000000199016e-01
9 8.275808219189319e-01


#a = 3.000000
1 5.005231968228663e-01
2 5.000000000161983e-01
3 5.006445973607203e-01
4 5.000000000167246e-01
5 5.012863068158639e-01
6 5.000000000186084e-01
7 5.056690747103795e-01
8 5.000000000356619e-01
9 8.318242361334542e-01


#a = 4.000000
1 5.000624404375151e-01
2 5.000000000158763e-01
3 5.000823916289060e-01
4 5.000000000165307e-01
5 5.002065825895641e-01
6 5.000000000192204e-01
7 5.014869244823470e-01
8 5.000000000600545e-01
9 8.329472407933219e-01


