0 -4.559912603833942e-01 -4.571955267768928e-01
1 -4.802499514578178e-01 -4.571955267768928e-01
2 -4.418051444246474e-01 -4.571955267768928e-01
3 -4.735564890925552e-01 -4.571955267768928e-01
4 -4.321269079301617e-01 -4.571955267768928e-01
5 -4.613616813859224e-01 -4.571955267768928e-01
6 -4.746161484048301e-01 -4.571955267768928e-01
7 -4.330369859576412e-01 -4.571955267768928e-01
8 -4.746250985036123e-01 -4.571955267768928e-01
9 -4.832469034720592e-01 -4.571955267768928e-01
10 -4.397602039698088e-01 -4.571955267768928e-01
11 -4.917189971151624e-01 -4.571955267768928e-01
12 -4.156468447313300e-01 -4.571955267768928e-01
13 -4.762149071346606e-01 -4.571955267768928e-01
14 -4.968920654633708e-01 -4.571955267768928e-01
15 -4.149660175277644e-01 -4.571955267768928e-01
16 -5.164719417663290e-01 -4.571955267768928e-01
17 -3.499555432071598e-01 -4.571955267768928e-01
18 -4.848919856506297e-01 -4.571955267768928e-01
19 -5.834792067964034e-01 -4.571955267768928e-01


0 -4.578162912491780e-01 -4.571955267768928e-01
1 -4.580446628109974e-01 -4.571955267768928e-01
2 -4.581294926250743e-01 -4.571955267768928e-01
3 -4.583853252125973e-01 -4.571955267768928e-01
4 -4.591016348253194e-01 -4.571955267768928e-01
5 -4.588501913494212e-01 -4.571955267768928e-01
6 -4.591991487441544e-01 -4.571955267768928e-01
7 -4.592468934226365e-01 -4.571955267768928e-01
8 -4.598187331861896e-01 -4.571955267768928e-01
9 -4.605050237559502e-01 -4.571955267768928e-01
10 -4.605200801782817e-01 -4.571955267768928e-01
11 -4.609196725734253e-01 -4.571955267768928e-01
12 -4.607034810285120e-01 -4.571955267768928e-01
13 -4.628597313828268e-01 -4.571955267768928e-01
14 -4.633715923166405e-01 -4.571955267768928e-01
15 -4.644006738548237e-01 -4.571955267768928e-01
16 -4.658657352120918e-01 -4.571955267768928e-01
17 -4.788539270512410e-01 -4.571955267768928e-01
18 -4.749582439509991e-01 -4.571955267768928e-01
19 -5.055218339201966e-01 -4.571955267768928e-01


0 -4.743624915932051e-01 -4.571955267768928e-01
1 -4.610761418954989e-01 -4.571955267768928e-01
2 -4.600267544451442e-01 -4.571955267768928e-01
3 -4.609128589603359e-01 -4.571955267768928e-01
4 -4.606372099735573e-01 -4.571955267768928e-01
5 -4.606917748760122e-01 -4.571955267768928e-01
6 -4.606970288306730e-01 -4.571955267768928e-01
7 -4.606633751063557e-01 -4.571955267768928e-01
8 -4.607158294863477e-01 -4.571955267768928e-01
9 -4.607870507551295e-01 -4.571955267768928e-01
10 -4.605700357288327e-01 -4.571955267768928e-01
11 -4.610663423626135e-01 -4.571955267768928e-01
12 -4.599088521112200e-01 -4.571955267768928e-01
13 -4.612464504946914e-01 -4.571955267768928e-01
14 -4.635503638381534e-01 -4.571955267768928e-01
15 -4.558077195974573e-01 -4.571955267768928e-01
16 -4.709095232030781e-01 -4.571955267768928e-01
17 -4.297339472740701e-01 -4.571955267768928e-01
18 -4.722414088792203e-01 -4.571955267768928e-01
19 -5.533073504891117e-01 -4.571955267768928e-01


