# OBC
0 6.553684939078124e-01 6.525935482845778e-01
1 6.293027864487802e-01 6.525935482845778e-01
2 6.566299700122523e-01 6.525935482845778e-01
3 6.446940015135565e-01 6.525935482845778e-01
4 6.682179374650373e-01 6.525935482845778e-01
5 6.618800931056417e-01 6.525935482845778e-01
6 6.329550769547287e-01 6.525935482845778e-01
7 6.677002613218678e-01 6.525935482845778e-01
8 6.490574063624939e-01 6.525935482845778e-01
9 6.143630857285147e-01 6.525935482845778e-01
10 6.579197087405253e-01 6.525935482845778e-01
11 6.281083639051266e-01 6.525935482845778e-01
12 6.742069671697253e-01 6.525935482845778e-01
13 6.589458733947207e-01 6.525935482845778e-01
14 5.988192289751288e-01 6.525935482845778e-01
15 6.754073404750198e-01 6.525935482845778e-01
16 6.244245832972370e-01 6.525935482845778e-01
17 7.095953414298248e-01 6.525935482845778e-01
18 7.003300471831581e-01 6.525935482845778e-01
19 5.195180993984047e-01 6.525935482845778e-01
20 8.160622775840269e-01 6.525935482845778e-01


# SSD
0 6.523756928842123e-01 6.525935482845778e-01
1 6.525442868113721e-01 6.525935482845778e-01
2 6.527805742418580e-01 6.525935482845778e-01
3 6.529366401419232e-01 6.525935482845778e-01
4 6.525763612201723e-01 6.525935482845778e-01
5 6.529417568811382e-01 6.525935482845778e-01
6 6.532578958080983e-01 6.525935482845778e-01
7 6.535946812174175e-01 6.525935482845778e-01
8 6.536388331592504e-01 6.525935482845778e-01
9 6.533877075694128e-01 6.525935482845778e-01
10 6.537858414963018e-01 6.525935482845778e-01
11 6.543134746031437e-01 6.525935482845778e-01
12 6.553721234497518e-01 6.525935482845778e-01
13 6.548668213456389e-01 6.525935482845778e-01
14 6.549193036755081e-01 6.525935482845778e-01
15 6.559698665776066e-01 6.525935482845778e-01
16 6.572116114997546e-01 6.525935482845778e-01
17 6.516706334086189e-01 6.525935482845778e-01
18 6.535350720560099e-01 6.525935482845778e-01
19 6.663065047723471e-01 6.525935482845778e-01
20 6.968204722439862e-01 6.525935482845778e-01


# exp
0 6.892590528033403e-01 6.525935482845778e-01
1 6.534082580890306e-01 6.525935482845778e-01
2 6.612380230466262e-01 6.525935482845778e-01
3 6.599134731377081e-01 6.525935482845778e-01
4 6.600373517823921e-01 6.525935482845778e-01
5 6.600587623095862e-01 6.525935482845778e-01
6 6.600355343294297e-01 6.525935482845778e-01
7 6.600567961977064e-01 6.525935482845778e-01
8 6.600422138367186e-01 6.525935482845778e-01
9 6.599550720751752e-01 6.525935482845778e-01
10 6.600580726347229e-01 6.525935482845778e-01
11 6.598606887759744e-01 6.525935482845778e-01
12 6.603276331444832e-01 6.525935482845778e-01
13 6.602035212085340e-01 6.525935482845778e-01
14 6.576171120997101e-01 6.525935482845778e-01
15 6.614763320144637e-01 6.525935482845778e-01
16 6.564326678826740e-01 6.525935482845778e-01
17 6.737749610751427e-01 6.525935482845778e-01
18 6.763353581512861e-01 6.525935482845778e-01
19 5.877814828484147e-01 6.525935482845778e-01
20 7.898775295553565e-01 6.525935482845778e-01


