# z = 3, M = 6
1 -2.672327845840657
2 -2.548324784527069
3 -2.548324784527068
4 -2.449489742783181
5 -2.449489742783179
6 -2.449489742783174
7 -2.288245611270740
8 -2.288245611270740
9 -2.288245611270737
10 -2.288245611270736
11 -2.288245611270736
12 -2.288245611270735
13 -2.117749265817823
14 -2.000000000000003
15 -2.000000000000001
16 -2.000000000000001
17 -2.000000000000001
18 -2.000000000000001
19 -2.000000000000000
20 -2.000000000000000
21 -2.000000000000000
22 -1.999999999999999
23 -1.999999999999998
24 -1.999999999999998
25 -1.999999999999998
26 -1.763495467579869
27 -1.763495467579867
28 -1.414213562373097
29 -1.414213562373097
30 -1.414213562373097
31 -1.414213562373096
32 -1.414213562373096
33 -1.414213562373096
34 -1.414213562373096
35 -1.414213562373096
36 -1.414213562373096
37 -1.414213562373096
38 -1.414213562373096
39 -1.414213562373095
40 -1.414213562373095
41 -1.414213562373095
42 -1.414213562373095
43 -1.414213562373095
44 -1.414213562373095
45 -1.414213562373095
46 -1.414213562373095
47 -1.414213562373095
48 -1.414213562373095
49 -1.414213562373094
50 -1.414213562373094
51 -1.414213562373094
52 -1.414213562373094
53 -1.414213562373093
54 -1.414213562373093
55 -1.172092970490271
56 -0.874032048897644
57 -0.874032048897643
58 -0.874032048897643
59 -0.874032048897642
60 -0.874032048897641
61 -0.874032048897640
62 -0.629384245425895
63 -0.629384245425894
64 -0.000000000000008
65 -0.000000000000006
66 -0.000000000000005
67 -0.000000000000005
68 -0.000000000000005
69 -0.000000000000004
70 -0.000000000000004
71 -0.000000000000004
72 -0.000000000000003
73 -0.000000000000002
74 -0.000000000000002
75 -0.000000000000002
76 -0.000000000000002
77 -0.000000000000001
78 -0.000000000000001
79 -0.000000000000001
80 -0.000000000000001
81 -0.000000000000001
82 -0.000000000000001
83 -0.000000000000001
84 -0.000000000000001
85 -0.000000000000001
86 -0.000000000000001
87 -0.000000000000001
88 -0.000000000000001
89 -0.000000000000001
90 -0.000000000000000
91 -0.000000000000000
92 -0.000000000000000
93 -0.000000000000000
94 -0.000000000000000
95 -0.000000000000000
96 0.000000000000000
97 0.000000000000000
98 0.000000000000000
99 0.000000000000000
100 0.000000000000000
101 0.000000000000000
102 0.000000000000000
103 0.000000000000001
104 0.000000000000001
105 0.000000000000001
106 0.000000000000001
107 0.000000000000001
108 0.000000000000001
109 0.000000000000001
110 0.000000000000001
111 0.000000000000001
112 0.000000000000001
113 0.000000000000001
114 0.000000000000001
115 0.000000000000001
116 0.000000000000001
117 0.000000000000002
118 0.000000000000002
119 0.000000000000002
120 0.000000000000002
121 0.000000000000002
122 0.000000000000002
123 0.000000000000003
124 0.000000000000003
125 0.000000000000005
126 0.000000000000006
127 0.000000000000008
128 0.629384245425896
129 0.629384245425896
130 0.874032048897640
131 0.874032048897641
132 0.874032048897641
133 0.874032048897642
134 0.874032048897642
135 0.874032048897643
136 1.172092970490269
137 1.414213562373089
138 1.414213562373091
139 1.414213562373091
140 1.414213562373092
141 1.414213562373093
142 1.414213562373093
143 1.414213562373094
144 1.414213562373094
145 1.414213562373094
146 1.414213562373094
147 1.414213562373095
148 1.414213562373095
149 1.414213562373095
150 1.414213562373096
151 1.414213562373096
152 1.414213562373097
153 1.414213562373097
154 1.414213562373097
155 1.414213562373097
156 1.414213562373098
157 1.414213562373098
158 1.414213562373098
159 1.414213562373098
160 1.414213562373098
161 1.414213562373099
162 1.414213562373099
163 1.414213562373100
164 1.763495467579870
165 1.763495467579871
166 1.999999999999996
167 1.999999999999997
168 1.999999999999998
169 1.999999999999999
170 2.000000000000000
171 2.000000000000000
172 2.000000000000000
173 2.000000000000001
174 2.000000000000002
175 2.000000000000003
176 2.000000000000004
177 2.000000000000005
178 2.117749265817823
179 2.288245611270733
180 2.288245611270735
181 2.288245611270736
182 2.288245611270736
183 2.288245611270737
184 2.288245611270739
185 2.449489742783175
186 2.449489742783177
187 2.449489742783180
188 2.548324784527067
189 2.548324784527067
190 2.672327845840657


# z = 3, M = 6
1 -2.674198219215503
2 -2.550286103054897
3 -2.550286103054897
4 -2.451530134426255
5 -2.451530134426253
6 -2.451530134426245
7 -2.290429649105120
8 -2.290429649105119
9 -2.290429649105117
10 -2.290429649105116
11 -2.290429649105116
12 -2.290429649105115
13 -2.120108948349573
14 -2.002498439450084
15 -2.002498439450084
16 -2.002498439450083
17 -2.002498439450082
18 -2.002498439450078
19 -2.002498439450078
20 -2.002498439450078
21 -2.002498439450078
22 -2.002498439450077
23 -2.002498439450077
24 -2.002498439450076
25 -2.002498439450072
26 -1.766328470068562
27 -1.766328470068562
28 -1.417744687875788
29 -1.417744687875788
30 -1.417744687875787
31 -1.417744687875787
32 -1.417744687875787
33 -1.417744687875786
34 -1.417744687875785
35 -1.417744687875785
36 -1.417744687875785
37 -1.417744687875785
38 -1.417744687875785
39 -1.417744687875784
40 -1.417744687875784
41 -1.417744687875783
42 -1.417744687875783
43 -1.417744687875783
44 -1.417744687875783
45 -1.417744687875783
46 -1.417744687875782
47 -1.417744687875782
48 -1.417744687875782
49 -1.417744687875782
50 -1.417744687875781
51 -1.417744687875781
52 -1.417744687875780
53 -1.417744687875779
54 -1.417744687875777
55 -1.176351108926543
56 -0.879734063510226
57 -0.879734063510226
58 -0.879734063510224
59 -0.879734063510224
60 -0.879734063510223
61 -0.879734063510220
62 -0.637279003569335
63 -0.637279003569333
64 0.099999999999994
65 0.099999999999996
66 0.099999999999996
67 0.099999999999998
68 0.099999999999998
69 0.099999999999998
70 0.099999999999998
71 0.099999999999999
72 0.099999999999999
73 0.099999999999999
74 0.099999999999999
75 0.099999999999999
76 0.099999999999999
77 0.099999999999999
78 0.099999999999999
79 0.099999999999999
80 0.099999999999999
81 0.099999999999999
82 0.099999999999999
83 0.099999999999999
84 0.099999999999999
85 0.099999999999999
86 0.099999999999999
87 0.100000000000000
88 0.100000000000000
89 0.100000000000000
90 0.100000000000000
91 0.100000000000000
92 0.100000000000000
93 0.100000000000000
94 0.100000000000000
95 0.100000000000000
96 0.100000000000000
97 0.100000000000000
98 0.100000000000000
99 0.100000000000000
100 0.100000000000001
101 0.100000000000001
102 0.100000000000001
103 0.100000000000001
104 0.100000000000001
105 0.100000000000001
106 0.100000000000001
107 0.100000000000001
108 0.100000000000001
109 0.100000000000001
110 0.100000000000001
111 0.100000000000002
112 0.100000000000002
113 0.100000000000002
114 0.100000000000002
115 0.100000000000002
116 0.100000000000002
117 0.100000000000002
118 0.100000000000003
119 0.100000000000003
120 0.100000000000003
121 0.100000000000004
122 0.100000000000004
123 0.100000000000004
124 0.100000000000006
125 0.100000000000006
126 0.100000000000006
127 0.100000000000006
128 0.637279003569331
129 0.637279003569335
130 0.879734063510220
131 0.879734063510222
132 0.879734063510223
133 0.879734063510223
134 0.879734063510224
135 0.879734063510224
136 1.176351108926543
137 1.417744687875780
138 1.417744687875781
139 1.417744687875781
140 1.417744687875781
141 1.417744687875782
142 1.417744687875782
143 1.417744687875782
144 1.417744687875782
145 1.417744687875782
146 1.417744687875782
147 1.417744687875782
148 1.417744687875782
149 1.417744687875782
150 1.417744687875782
151 1.417744687875783
152 1.417744687875783
153 1.417744687875783
154 1.417744687875783
155 1.417744687875783
156 1.417744687875783
157 1.417744687875783
158 1.417744687875784
159 1.417744687875784
160 1.417744687875784
161 1.417744687875784
162 1.417744687875785
163 1.417744687875785
164 1.766328470068561
165 1.766328470068567
166 2.002498439450078
167 2.002498439450078
168 2.002498439450079
169 2.002498439450079
170 2.002498439450079
171 2.002498439450080
172 2.002498439450080
173 2.002498439450080
174 2.002498439450080
175 2.002498439450080
176 2.002498439450082
177 2.002498439450082
178 2.120108948349571
179 2.290429649105115
180 2.290429649105116
181 2.290429649105116
182 2.290429649105116
183 2.290429649105117
184 2.290429649105118
185 2.451530134426251
186 2.451530134426252
187 2.451530134426259
188 2.550286103054895
189 2.550286103054896
190 2.674198219215501


# z = 3, M = 6
1 -2.679801506764143
2 -2.556161029245800
3 -2.556161029245799
4 -2.457641145488904
5 -2.457641145488903
6 -2.457641145488901
7 -2.296969302689918
8 -2.296969302689918
9 -2.296969302689917
10 -2.296969302689917
11 -2.296969302689915
12 -2.296969302689909
13 -2.127172290359180
14 -2.009975124224184
15 -2.009975124224184
16 -2.009975124224182
17 -2.009975124224180
18 -2.009975124224179
19 -2.009975124224179
20 -2.009975124224178
21 -2.009975124224178
22 -2.009975124224178
23 -2.009975124224177
24 -2.009975124224175
25 -2.009975124224172
26 -1.774800344876780
27 -1.774800344876779
28 -1.428285685708574
29 -1.428285685708573
30 -1.428285685708572
31 -1.428285685708572
32 -1.428285685708571
33 -1.428285685708571
34 -1.428285685708571
35 -1.428285685708570
36 -1.428285685708570
37 -1.428285685708570
38 -1.428285685708570
39 -1.428285685708570
40 -1.428285685708570
41 -1.428285685708570
42 -1.428285685708570
43 -1.428285685708569
44 -1.428285685708569
45 -1.428285685708569
46 -1.428285685708569
47 -1.428285685708568
48 -1.428285685708568
49 -1.428285685708568
50 -1.428285685708568
51 -1.428285685708568
52 -1.428285685708567
53 -1.428285685708567
54 -1.428285685708566
55 -1.189034032932912
56 -0.896622564126185
57 -0.896622564126184
58 -0.896622564126184
59 -0.896622564126183
60 -0.896622564126181
61 -0.896622564126177
62 -0.660397250441221
63 -0.660397250441217
64 0.199999999999994
65 0.199999999999995
66 0.199999999999996
67 0.199999999999996
68 0.199999999999997
69 0.199999999999997
70 0.199999999999997
71 0.199999999999997
72 0.199999999999998
73 0.199999999999998
74 0.199999999999998
75 0.199999999999998
76 0.199999999999999
77 0.199999999999999
78 0.199999999999999
79 0.199999999999999
80 0.199999999999999
81 0.199999999999999
82 0.199999999999999
83 0.199999999999999
84 0.199999999999999
85 0.199999999999999
86 0.199999999999999
87 0.199999999999999
88 0.199999999999999
89 0.199999999999999
90 0.200000000000000
91 0.200000000000000
92 0.200000000000000
93 0.200000000000000
94 0.200000000000000
95 0.200000000000000
96 0.200000000000000
97 0.200000000000000
98 0.200000000000000
99 0.200000000000000
100 0.200000000000000
101 0.200000000000000
102 0.200000000000000
103 0.200000000000000
104 0.200000000000000
105 0.200000000000000
106 0.200000000000000
107 0.200000000000001
108 0.200000000000001
109 0.200000000000001
110 0.200000000000001
111 0.200000000000001
112 0.200000000000001
113 0.200000000000001
114 0.200000000000001
115 0.200000000000001
116 0.200000000000001
117 0.200000000000001
118 0.200000000000002
119 0.200000000000002
120 0.200000000000002
121 0.200000000000002
122 0.200000000000002
123 0.200000000000002
124 0.200000000000003
125 0.200000000000003
126 0.200000000000005
127 0.200000000000005
128 0.660397250441220
129 0.660397250441221
130 0.896622564126182
131 0.896622564126182
132 0.896622564126182
133 0.896622564126183
134 0.896622564126184
135 0.896622564126184
136 1.189034032932912
137 1.428285685708567
138 1.428285685708568
139 1.428285685708568
140 1.428285685708568
141 1.428285685708569
142 1.428285685708569
143 1.428285685708569
144 1.428285685708569
145 1.428285685708569
146 1.428285685708569
147 1.428285685708570
148 1.428285685708570
149 1.428285685708570
150 1.428285685708570
151 1.428285685708570
152 1.428285685708570
153 1.428285685708570
154 1.428285685708570
155 1.428285685708571
156 1.428285685708571
157 1.428285685708571
158 1.428285685708571
159 1.428285685708571
160 1.428285685708572
161 1.428285685708572
162 1.428285685708572
163 1.428285685708572
164 1.774800344876781
165 1.774800344876783
166 2.009975124224173
167 2.009975124224173
168 2.009975124224176
169 2.009975124224177
170 2.009975124224177
171 2.009975124224177
172 2.009975124224178
173 2.009975124224179
174 2.009975124224180
175 2.009975124224180
176 2.009975124224181
177 2.009975124224181
178 2.127172290359182
179 2.296969302689913
180 2.296969302689913
181 2.296969302689914
182 2.296969302689914
183 2.296969302689916
184 2.296969302689917
185 2.457641145488899
186 2.457641145488902
187 2.457641145488911
188 2.556161029245797
189 2.556161029245798
190 2.679801506764143


# z = 3, M = 6
1 -2.689114373851620
2 -2.565922681499763
3 -2.565922681499757
4 -2.467792535850619
5 -2.467792535850619
6 -2.467792535850612
7 -2.307827545008468
8 -2.307827545008467
9 -2.307827545008466
10 -2.307827545008462
11 -2.307827545008462
12 -2.307827545008459
13 -2.138892693164368
14 -2.022374841615672
15 -2.022374841615672
16 -2.022374841615671
17 -2.022374841615670
18 -2.022374841615669
19 -2.022374841615669
20 -2.022374841615669
21 -2.022374841615668
22 -2.022374841615667
23 -2.022374841615667
24 -2.022374841615666
25 -2.022374841615663
26 -1.788830976972042
27 -1.788830976972040
28 -1.445683229480099
29 -1.445683229480098
30 -1.445683229480098
31 -1.445683229480097
32 -1.445683229480097
33 -1.445683229480097
34 -1.445683229480097
35 -1.445683229480097
36 -1.445683229480097
37 -1.445683229480097
38 -1.445683229480097
39 -1.445683229480097
40 -1.445683229480096
41 -1.445683229480096
42 -1.445683229480096
43 -1.445683229480096
44 -1.445683229480096
45 -1.445683229480095
46 -1.445683229480095
47 -1.445683229480095
48 -1.445683229480095
49 -1.445683229480094
50 -1.445683229480094
51 -1.445683229480094
52 -1.445683229480093
53 -1.445683229480093
54 -1.445683229480093
55 -1.209876824917606
56 -0.924084423903041
57 -0.924084423903039
58 -0.924084423903039
59 -0.924084423903039
60 -0.924084423903039
61 -0.924084423903038
62 -0.697226310741589
63 -0.697226310741589
64 0.299999999999995
65 0.299999999999996
66 0.299999999999997
67 0.299999999999997
68 0.299999999999998
69 0.299999999999998
70 0.299999999999998
71 0.299999999999998
72 0.299999999999998
73 0.299999999999998
74 0.299999999999999
75 0.299999999999999
76 0.299999999999999
77 0.299999999999999
78 0.299999999999999
79 0.299999999999999
80 0.299999999999999
81 0.299999999999999
82 0.299999999999999
83 0.299999999999999
84 0.299999999999999
85 0.299999999999999
86 0.299999999999999
87 0.299999999999999
88 0.300000000000000
89 0.300000000000000
90 0.300000000000000
91 0.300000000000000
92 0.300000000000000
93 0.300000000000000
94 0.300000000000000
95 0.300000000000000
96 0.300000000000000
97 0.300000000000000
98 0.300000000000000
99 0.300000000000000
100 0.300000000000000
101 0.300000000000000
102 0.300000000000000
103 0.300000000000001
104 0.300000000000001
105 0.300000000000001
106 0.300000000000001
107 0.300000000000001
108 0.300000000000001
109 0.300000000000001
110 0.300000000000001
111 0.300000000000001
112 0.300000000000001
113 0.300000000000001
114 0.300000000000001
115 0.300000000000001
116 0.300000000000001
117 0.300000000000001
118 0.300000000000001
119 0.300000000000002
120 0.300000000000002
121 0.300000000000002
122 0.300000000000002
123 0.300000000000002
124 0.300000000000002
125 0.300000000000003
126 0.300000000000004
127 0.300000000000005
128 0.697226310741585
129 0.697226310741588
130 0.924084423903035
131 0.924084423903037
132 0.924084423903038
133 0.924084423903039
134 0.924084423903039
135 0.924084423903040
136 1.209876824917605
137 1.445683229480093
138 1.445683229480093
139 1.445683229480094
140 1.445683229480094
141 1.445683229480095
142 1.445683229480095
143 1.445683229480095
144 1.445683229480096
145 1.445683229480096
146 1.445683229480096
147 1.445683229480096
148 1.445683229480096
149 1.445683229480096
150 1.445683229480096
151 1.445683229480096
152 1.445683229480096
153 1.445683229480096
154 1.445683229480096
155 1.445683229480097
156 1.445683229480097
157 1.445683229480097
158 1.445683229480097
159 1.445683229480097
160 1.445683229480098
161 1.445683229480098
162 1.445683229480099
163 1.445683229480100
164 1.788830976972041
165 1.788830976972043
166 2.022374841615666
167 2.022374841615668
168 2.022374841615668
169 2.022374841615668
170 2.022374841615670
171 2.022374841615670
172 2.022374841615670
173 2.022374841615670
174 2.022374841615670
175 2.022374841615670
176 2.022374841615671
177 2.022374841615671
178 2.138892693164370
179 2.307827545008462
180 2.307827545008463
181 2.307827545008463
182 2.307827545008463
183 2.307827545008464
184 2.307827545008466
185 2.467792535850612
186 2.467792535850613
187 2.467792535850614
188 2.565922681499765
189 2.565922681499766
190 2.689114373851615


# z = 3, M = 6
1 -2.702098465203543
2 -2.579526934814782
3 -2.579526934814782
4 -2.481934729198176
5 -2.481934729198171
6 -2.481934729198166
7 -2.322943817120812
8 -2.322943817120809
9 -2.322943817120807
10 -2.322943817120806
11 -2.322943817120805
12 -2.322943817120804
13 -2.155194179852927
14 -2.039607805437116
15 -2.039607805437116
16 -2.039607805437115
17 -2.039607805437115
18 -2.039607805437114
19 -2.039607805437114
20 -2.039607805437114
21 -2.039607805437114
22 -2.039607805437112
23 -2.039607805437112
24 -2.039607805437112
25 -2.039607805437112
26 -1.808290978845702
27 -1.808290978845696
28 -1.469693845669909
29 -1.469693845669909
30 -1.469693845669909
31 -1.469693845669909
32 -1.469693845669908
33 -1.469693845669908
34 -1.469693845669908
35 -1.469693845669908
36 -1.469693845669908
37 -1.469693845669908
38 -1.469693845669907
39 -1.469693845669907
40 -1.469693845669907
41 -1.469693845669907
42 -1.469693845669907
43 -1.469693845669906
44 -1.469693845669906
45 -1.469693845669906
46 -1.469693845669906
47 -1.469693845669906
48 -1.469693845669905
49 -1.469693845669905
50 -1.469693845669905
51 -1.469693845669904
52 -1.469693845669904
53 -1.469693845669904
54 -1.469693845669903
55 -1.238467573847901
56 -0.961213827668023
57 -0.961213827668023
58 -0.961213827668022
59 -0.961213827668020
60 -0.961213827668020
61 -0.961213827668019
62 -0.745737573406572
63 -0.745737573406572
64 0.399999999999995
65 0.399999999999996
66 0.399999999999997
67 0.399999999999997
68 0.399999999999998
69 0.399999999999998
70 0.399999999999998
71 0.399999999999998
72 0.399999999999998
73 0.399999999999998
74 0.399999999999998
75 0.399999999999998
76 0.399999999999999
77 0.399999999999999
78 0.399999999999999
79 0.399999999999999
80 0.399999999999999
81 0.399999999999999
82 0.399999999999999
83 0.399999999999999
84 0.399999999999999
85 0.399999999999999
86 0.399999999999999
87 0.399999999999999
88 0.400000000000000
89 0.400000000000000
90 0.400000000000000
91 0.400000000000000
92 0.400000000000000
93 0.400000000000000
94 0.400000000000000
95 0.400000000000000
96 0.400000000000000
97 0.400000000000000
98 0.400000000000000
99 0.400000000000000
100 0.400000000000000
101 0.400000000000000
102 0.400000000000000
103 0.400000000000000
104 0.400000000000000
105 0.400000000000001
106 0.400000000000001
107 0.400000000000001
108 0.400000000000001
109 0.400000000000001
110 0.400000000000001
111 0.400000000000001
112 0.400000000000001
113 0.400000000000001
114 0.400000000000001
115 0.400000000000001
116 0.400000000000002
117 0.400000000000002
118 0.400000000000002
119 0.400000000000002
120 0.400000000000002
121 0.400000000000002
122 0.400000000000002
123 0.400000000000002
124 0.400000000000003
125 0.400000000000003
126 0.400000000000004
127 0.400000000000004
128 0.745737573406572
129 0.745737573406573
130 0.961213827668017
131 0.961213827668021
132 0.961213827668022
133 0.961213827668022
134 0.961213827668023
135 0.961213827668024
136 1.238467573847899
137 1.469693845669903
138 1.469693845669904
139 1.469693845669904
140 1.469693845669905
141 1.469693845669906
142 1.469693845669906
143 1.469693845669906
144 1.469693845669906
145 1.469693845669906
146 1.469693845669906
147 1.469693845669906
148 1.469693845669906
149 1.469693845669906
150 1.469693845669906
151 1.469693845669906
152 1.469693845669907
153 1.469693845669907
154 1.469693845669907
155 1.469693845669907
156 1.469693845669907
157 1.469693845669907
158 1.469693845669908
159 1.469693845669908
160 1.469693845669908
161 1.469693845669908
162 1.469693845669908
163 1.469693845669908
164 1.808290978845697
165 1.808290978845703
166 2.039607805437110
167 2.039607805437110
168 2.039607805437110
169 2.039607805437111
170 2.039607805437112
171 2.039607805437112
172 2.039607805437112
173 2.039607805437113
174 2.039607805437113
175 2.039607805437115
176 2.039607805437115
177 2.039607805437115
178 2.155194179852924
179 2.322943817120805
180 2.322943817120807
181 2.322943817120808
182 2.322943817120810
183 2.322943817120812
184 2.322943817120813
185 2.481934729198172
186 2.481934729198172
187 2.481934729198179
188 2.579526934814775
189 2.579526934814781
190 2.702098465203544


# z = 3, M = 6
1 -2.718701181751193
2 -2.596913400064576
3 -2.596913400064571
4 -2.500000000000006
5 -2.500000000000003
6 -2.500000000000002
7 -2.342235679324307
8 -2.342235679324304
9 -2.342235679324304
10 -2.342235679324301
11 -2.342235679324300
12 -2.342235679324297
13 -2.175973794160193
14 -2.061552812808833
15 -2.061552812808832
16 -2.061552812808832
17 -2.061552812808832
18 -2.061552812808831
19 -2.061552812808831
20 -2.061552812808831
21 -2.061552812808830
22 -2.061552812808829
23 -2.061552812808829
24 -2.061552812808828
25 -2.061552812808827
26 -1.833007437021126
27 -1.833007437021122
28 -1.500000000000001
29 -1.500000000000001
30 -1.500000000000001
31 -1.500000000000001
32 -1.500000000000000
33 -1.500000000000000
34 -1.500000000000000
35 -1.500000000000000
36 -1.500000000000000
37 -1.500000000000000
38 -1.500000000000000
39 -1.500000000000000
40 -1.500000000000000
41 -1.500000000000000
42 -1.499999999999999
43 -1.499999999999999
44 -1.499999999999999
45 -1.499999999999999
46 -1.499999999999999
47 -1.499999999999999
48 -1.499999999999998
49 -1.499999999999998
50 -1.499999999999998
51 -1.499999999999998
52 -1.499999999999998
53 -1.499999999999998
54 -1.499999999999997
55 -1.274284870612814
56 -1.006941916150189
57 -1.006941916150188
58 -1.006941916150188
59 -1.006941916150187
60 -1.006941916150187
61 -1.006941916150184
62 -0.803818716123431
63 -0.803818716123430
64 0.499999999999996
65 0.499999999999996
66 0.499999999999997
67 0.499999999999997
68 0.499999999999997
69 0.499999999999997
70 0.499999999999998
71 0.499999999999998
72 0.499999999999998
73 0.499999999999998
74 0.499999999999998
75 0.499999999999998
76 0.499999999999998
77 0.499999999999999
78 0.499999999999999
79 0.499999999999999
80 0.499999999999999
81 0.499999999999999
82 0.499999999999999
83 0.499999999999999
84 0.499999999999999
85 0.499999999999999
86 0.499999999999999
87 0.499999999999999
88 0.499999999999999
89 0.499999999999999
90 0.500000000000000
91 0.500000000000000
92 0.500000000000000
93 0.500000000000000
94 0.500000000000000
95 0.500000000000000
96 0.500000000000000
97 0.500000000000000
98 0.500000000000000
99 0.500000000000000
100 0.500000000000000
101 0.500000000000000
102 0.500000000000000
103 0.500000000000000
104 0.500000000000001
105 0.500000000000001
106 0.500000000000001
107 0.500000000000001
108 0.500000000000001
109 0.500000000000001
110 0.500000000000001
111 0.500000000000001
112 0.500000000000001
113 0.500000000000001
114 0.500000000000001
115 0.500000000000001
116 0.500000000000002
117 0.500000000000002
118 0.500000000000002
119 0.500000000000002
120 0.500000000000002
121 0.500000000000002
122 0.500000000000002
123 0.500000000000002
124 0.500000000000002
125 0.500000000000003
126 0.500000000000003
127 0.500000000000005
128 0.803818716123429
129 0.803818716123432
130 1.006941916150184
131 1.006941916150184
132 1.006941916150184
133 1.006941916150186
134 1.006941916150187
135 1.006941916150187
136 1.274284870612815
137 1.499999999999997
138 1.499999999999998
139 1.499999999999998
140 1.499999999999999
141 1.499999999999999
142 1.499999999999999
143 1.499999999999999
144 1.499999999999999
145 1.499999999999999
146 1.499999999999999
147 1.499999999999999
148 1.499999999999999
149 1.499999999999999
150 1.500000000000000
151 1.500000000000000
152 1.500000000000000
153 1.500000000000000
154 1.500000000000001
155 1.500000000000001
156 1.500000000000001
157 1.500000000000001
158 1.500000000000001
159 1.500000000000001
160 1.500000000000001
161 1.500000000000001
162 1.500000000000002
163 1.500000000000003
164 1.833007437021123
165 1.833007437021124
166 2.061552812808826
167 2.061552812808829
168 2.061552812808829
169 2.061552812808829
170 2.061552812808830
171 2.061552812808830
172 2.061552812808830
173 2.061552812808830
174 2.061552812808831
175 2.061552812808832
176 2.061552812808833
177 2.061552812808833
178 2.175973794160191
179 2.342235679324304
180 2.342235679324305
181 2.342235679324305
182 2.342235679324306
183 2.342235679324306
184 2.342235679324307
185 2.499999999999999
186 2.499999999999999
187 2.500000000000002
188 2.596913400064572
189 2.596913400064574
190 2.718701181751190


# z = 3, M = 6
1 -2.738856716890344
2 -2.618006724100403
3 -2.618006724100403
4 -2.521904042583702
5 -2.521904042583700
6 -2.521904042583698
7 -2.365600975967801
8 -2.365600975967797
9 -2.365600975967794
10 -2.365600975967792
11 -2.365600975967791
12 -2.365600975967789
13 -2.201104711928065
14 -2.088061301782114
15 -2.088061301782112
16 -2.088061301782111
17 -2.088061301782111
18 -2.088061301782110
19 -2.088061301782110
20 -2.088061301782109
21 -2.088061301782109
22 -2.088061301782108
23 -2.088061301782108
24 -2.088061301782108
25 -2.088061301782107
26 -1.862771125011001
27 -1.862771125011000
28 -1.536229149573725
29 -1.536229149573725
30 -1.536229149573725
31 -1.536229149573723
32 -1.536229149573723
33 -1.536229149573723
34 -1.536229149573723
35 -1.536229149573722
36 -1.536229149573722
37 -1.536229149573722
38 -1.536229149573722
39 -1.536229149573722
40 -1.536229149573722
41 -1.536229149573722
42 -1.536229149573722
43 -1.536229149573721
44 -1.536229149573721
45 -1.536229149573721
46 -1.536229149573721
47 -1.536229149573720
48 -1.536229149573720
49 -1.536229149573720
50 -1.536229149573719
51 -1.536229149573719
52 -1.536229149573719
53 -1.536229149573719
54 -1.536229149573719
55 -1.316739128101202
56 -1.060156602818765
57 -1.060156602818761
58 -1.060156602818758
59 -1.060156602818757
60 -1.060156602818757
61 -1.060156602818754
62 -0.869554212450451
63 -0.869554212450449
64 0.599999999999996
65 0.599999999999996
66 0.599999999999997
67 0.599999999999997
68 0.599999999999998
69 0.599999999999998
70 0.599999999999998
71 0.599999999999998
72 0.599999999999998
73 0.599999999999998
74 0.599999999999999
75 0.599999999999999
76 0.599999999999999
77 0.599999999999999
78 0.599999999999999
79 0.599999999999999
80 0.599999999999999
81 0.599999999999999
82 0.599999999999999
83 0.599999999999999
84 0.599999999999999
85 0.599999999999999
86 0.600000000000000
87 0.600000000000000
88 0.600000000000000
89 0.600000000000000
90 0.600000000000000
91 0.600000000000000
92 0.600000000000000
93 0.600000000000000
94 0.600000000000000
95 0.600000000000000
96 0.600000000000000
97 0.600000000000000
98 0.600000000000000
99 0.600000000000000
100 0.600000000000001
101 0.600000000000001
102 0.600000000000001
103 0.600000000000001
104 0.600000000000001
105 0.600000000000001
106 0.600000000000001
107 0.600000000000001
108 0.600000000000001
109 0.600000000000001
110 0.600000000000001
111 0.600000000000001
112 0.600000000000002
113 0.600000000000002
114 0.600000000000002
115 0.600000000000002
116 0.600000000000002
117 0.600000000000002
118 0.600000000000002
119 0.600000000000002
120 0.600000000000002
121 0.600000000000003
122 0.600000000000003
123 0.600000000000003
124 0.600000000000003
125 0.600000000000003
126 0.600000000000004
127 0.600000000000005
128 0.869554212450450
129 0.869554212450451
130 1.060156602818757
131 1.060156602818757
132 1.060156602818758
133 1.060156602818758
134 1.060156602818759
135 1.060156602818762
136 1.316739128101199
137 1.536229149573719
138 1.536229149573719
139 1.536229149573719
140 1.536229149573720
141 1.536229149573720
142 1.536229149573720
143 1.536229149573720
144 1.536229149573721
145 1.536229149573721
146 1.536229149573721
147 1.536229149573721
148 1.536229149573721
149 1.536229149573721
150 1.536229149573721
151 1.536229149573721
152 1.536229149573721
153 1.536229149573722
154 1.536229149573722
155 1.536229149573722
156 1.536229149573722
157 1.536229149573722
158 1.536229149573722
159 1.536229149573722
160 1.536229149573723
161 1.536229149573723
162 1.536229149573723
163 1.536229149573723
164 1.862771125011002
165 1.862771125011003
166 2.088061301782107
167 2.088061301782109
168 2.088061301782109
169 2.088061301782109
170 2.088061301782110
171 2.088061301782110
172 2.088061301782111
173 2.088061301782111
174 2.088061301782111
175 2.088061301782112
176 2.088061301782112
177 2.088061301782113
178 2.201104711928058
179 2.365600975967791
180 2.365600975967792
181 2.365600975967795
182 2.365600975967798
183 2.365600975967799
184 2.365600975967804
185 2.521904042583698
186 2.521904042583700
187 2.521904042583700
188 2.618006724100403
189 2.618006724100408
190 2.738856716890346


# z = 3, M = 6
1 -2.762487305971814
2 -2.642718147558484
3 -2.642718147558480
4 -2.547547840571400
5 -2.547547840571399
6 -2.547547840571399
7 -2.392920386786784
8 -2.392920386786782
9 -2.392920386786781
10 -2.392920386786781
11 -2.392920386786776
12 -2.392920386786773
13 -2.230439856367329
14 -2.118962010041711
15 -2.118962010041711
16 -2.118962010041710
17 -2.118962010041709
18 -2.118962010041709
19 -2.118962010041709
20 -2.118962010041708
21 -2.118962010041708
22 -2.118962010041706
23 -2.118962010041705
24 -2.118962010041704
25 -2.118962010041704
26 -1.897344529645249
27 -1.897344529645243
28 -1.577973383805952
29 -1.577973383805952
30 -1.577973383805952
31 -1.577973383805952
32 -1.577973383805951
33 -1.577973383805951
34 -1.577973383805951
35 -1.577973383805951
36 -1.577973383805951
37 -1.577973383805951
38 -1.577973383805951
39 -1.577973383805950
40 -1.577973383805950
41 -1.577973383805950
42 -1.577973383805950
43 -1.577973383805950
44 -1.577973383805950
45 -1.577973383805950
46 -1.577973383805950
47 -1.577973383805949
48 -1.577973383805949
49 -1.577973383805949
50 -1.577973383805949
51 -1.577973383805948
52 -1.577973383805947
53 -1.577973383805947
54 -1.577973383805947
55 -1.365211313853178
56 -1.119791061984431
57 -1.119791061984429
58 -1.119791061984428
59 -1.119791061984427
60 -1.119791061984425
61 -1.119791061984424
62 -0.941341876466956
63 -0.941341876466951
64 0.699999999999994
65 0.699999999999997
66 0.699999999999997
67 0.699999999999997
68 0.699999999999997
69 0.699999999999998
70 0.699999999999998
71 0.699999999999998
72 0.699999999999998
73 0.699999999999998
74 0.699999999999998
75 0.699999999999998
76 0.699999999999998
77 0.699999999999999
78 0.699999999999999
79 0.699999999999999
80 0.699999999999999
81 0.699999999999999
82 0.699999999999999
83 0.699999999999999
84 0.699999999999999
85 0.699999999999999
86 0.699999999999999
87 0.699999999999999
88 0.699999999999999
89 0.699999999999999
90 0.700000000000000
91 0.700000000000000
92 0.700000000000000
93 0.700000000000000
94 0.700000000000000
95 0.700000000000000
96 0.700000000000000
97 0.700000000000000
98 0.700000000000000
99 0.700000000000000
100 0.700000000000000
101 0.700000000000000
102 0.700000000000001
103 0.700000000000001
104 0.700000000000001
105 0.700000000000001
106 0.700000000000001
107 0.700000000000001
108 0.700000000000001
109 0.700000000000001
110 0.700000000000001
111 0.700000000000001
112 0.700000000000001
113 0.700000000000001
114 0.700000000000001
115 0.700000000000002
116 0.700000000000002
117 0.700000000000002
118 0.700000000000002
119 0.700000000000002
120 0.700000000000002
121 0.700000000000002
122 0.700000000000002
123 0.700000000000003
124 0.700000000000003
125 0.700000000000003
126 0.700000000000003
127 0.700000000000005
128 0.941341876466954
129 0.941341876466957
130 1.119791061984425
131 1.119791061984426
132 1.119791061984426
133 1.119791061984426
134 1.119791061984428
135 1.119791061984429
136 1.365211313853173
137 1.577973383805948
138 1.577973383805948
139 1.577973383805948
140 1.577973383805948
141 1.577973383805948
142 1.577973383805949
143 1.577973383805949
144 1.577973383805949
145 1.577973383805950
146 1.577973383805950
147 1.577973383805950
148 1.577973383805950
149 1.577973383805950
150 1.577973383805950
151 1.577973383805950
152 1.577973383805950
153 1.577973383805951
154 1.577973383805951
155 1.577973383805951
156 1.577973383805951
157 1.577973383805952
158 1.577973383805952
159 1.577973383805952
160 1.577973383805952
161 1.577973383805952
162 1.577973383805953
163 1.577973383805953
164 1.897344529645248
165 1.897344529645248
166 2.118962010041706
167 2.118962010041707
168 2.118962010041707
169 2.118962010041707
170 2.118962010041708
171 2.118962010041708
172 2.118962010041708
173 2.118962010041709
174 2.118962010041709
175 2.118962010041710
176 2.118962010041711
177 2.118962010041712
178 2.230439856367326
179 2.392920386786777
180 2.392920386786777
181 2.392920386786777
182 2.392920386786778
183 2.392920386786778
184 2.392920386786780
185 2.547547840571397
186 2.547547840571399
187 2.547547840571402
188 2.642718147558482
189 2.642718147558490
190 2.762487305971808


# z = 3, M = 6
1 -2.789504636249126
2 -2.670947249092527
3 -2.670947249092526
4 -2.576819745345033
5 -2.576819745345029
6 -2.576819745345023
7 -2.424060225633804
8 -2.424060225633802
9 -2.424060225633800
10 -2.424060225633799
11 -2.424060225633797
12 -2.424060225633796
13 -2.263815794818992
14 -2.154065922853806
15 -2.154065922853805
16 -2.154065922853805
17 -2.154065922853804
18 -2.154065922853803
19 -2.154065922853802
20 -2.154065922853801
21 -2.154065922853801
22 -2.154065922853800
23 -2.154065922853800
24 -2.154065922853798
25 -2.154065922853796
26 -1.936470052485900
27 -1.936470052485895
28 -1.624807680927197
29 -1.624807680927195
30 -1.624807680927194
31 -1.624807680927194
32 -1.624807680927193
33 -1.624807680927193
34 -1.624807680927193
35 -1.624807680927193
36 -1.624807680927193
37 -1.624807680927193
38 -1.624807680927193
39 -1.624807680927193
40 -1.624807680927193
41 -1.624807680927192
42 -1.624807680927192
43 -1.624807680927192
44 -1.624807680927192
45 -1.624807680927192
46 -1.624807680927191
47 -1.624807680927191
48 -1.624807680927191
49 -1.624807680927191
50 -1.624807680927191
51 -1.624807680927191
52 -1.624807680927189
53 -1.624807680927189
54 -1.624807680927189
55 -1.419084892271324
56 -1.184876374353130
57 -1.184876374353130
58 -1.184876374353129
59 -1.184876374353127
60 -1.184876374353126
61 -1.184876374353125
62 -1.017902022981746
63 -1.017902022981743
64 0.799999999999996
65 0.799999999999997
66 0.799999999999997
67 0.799999999999997
68 0.799999999999997
69 0.799999999999997
70 0.799999999999997
71 0.799999999999998
72 0.799999999999998
73 0.799999999999998
74 0.799999999999998
75 0.799999999999998
76 0.799999999999998
77 0.799999999999999
78 0.799999999999999
79 0.799999999999999
80 0.799999999999999
81 0.799999999999999
82 0.799999999999999
83 0.799999999999999
84 0.799999999999999
85 0.799999999999999
86 0.799999999999999
87 0.799999999999999
88 0.799999999999999
89 0.800000000000000
90 0.800000000000000
91 0.800000000000000
92 0.800000000000000
93 0.800000000000000
94 0.800000000000000
95 0.800000000000000
96 0.800000000000000
97 0.800000000000000
98 0.800000000000000
99 0.800000000000000
100 0.800000000000000
101 0.800000000000000
102 0.800000000000001
103 0.800000000000001
104 0.800000000000001
105 0.800000000000001
106 0.800000000000001
107 0.800000000000001
108 0.800000000000001
109 0.800000000000001
110 0.800000000000001
111 0.800000000000001
112 0.800000000000001
113 0.800000000000001
114 0.800000000000002
115 0.800000000000002
116 0.800000000000002
117 0.800000000000002
118 0.800000000000002
119 0.800000000000002
120 0.800000000000002
121 0.800000000000003
122 0.800000000000003
123 0.800000000000003
124 0.800000000000003
125 0.800000000000003
126 0.800000000000004
127 0.800000000000006
128 1.017902022981741
129 1.017902022981742
130 1.184876374353125
131 1.184876374353127
132 1.184876374353127
133 1.184876374353128
134 1.184876374353128
135 1.184876374353129
136 1.419084892271327
137 1.624807680927189
138 1.624807680927191
139 1.624807680927191
140 1.624807680927191
141 1.624807680927191
142 1.624807680927191
143 1.624807680927191
144 1.624807680927191
145 1.624807680927191
146 1.624807680927192
147 1.624807680927192
148 1.624807680927192
149 1.624807680927192
150 1.624807680927192
151 1.624807680927192
152 1.624807680927193
153 1.624807680927193
154 1.624807680927193
155 1.624807680927193
156 1.624807680927193
157 1.624807680927193
158 1.624807680927194
159 1.624807680927194
160 1.624807680927194
161 1.624807680927195
162 1.624807680927195
163 1.624807680927196
164 1.936470052485898
165 1.936470052485902
166 2.154065922853797
167 2.154065922853799
168 2.154065922853800
169 2.154065922853800
170 2.154065922853802
171 2.154065922853802
172 2.154065922853802
173 2.154065922853802
174 2.154065922853803
175 2.154065922853804
176 2.154065922853805
177 2.154065922853806
178 2.263815794818987
179 2.424060225633797
180 2.424060225633799
181 2.424060225633800
182 2.424060225633800
183 2.424060225633803
184 2.424060225633804
185 2.576819745345023
186 2.576819745345028
187 2.576819745345029
188 2.670947249092528
189 2.670947249092530
190 2.789504636249122


# z = 3, M = 6
1 -2.819811361714708
2 -2.702583802111407
3 -2.702583802111400
4 -2.609597670139984
5 -2.609597670139979
6 -2.609597670139976
7 -2.458875348101200
8 -2.458875348101196
9 -2.458875348101196
10 -2.458875348101195
11 -2.458875348101195
12 -2.458875348101194
13 -2.301056703532517
14 -2.193171219946136
15 -2.193171219946134
16 -2.193171219946132
17 -2.193171219946132
18 -2.193171219946132
19 -2.193171219946132
20 -2.193171219946132
21 -2.193171219946132
22 -2.193171219946131
23 -2.193171219946130
24 -2.193171219946130
25 -2.193171219946129
26 -1.979877840720167
27 -1.979877840720167
28 -1.676305461424025
29 -1.676305461424024
30 -1.676305461424024
31 -1.676305461424024
32 -1.676305461424023
33 -1.676305461424023
34 -1.676305461424023
35 -1.676305461424023
36 -1.676305461424022
37 -1.676305461424022
38 -1.676305461424022
39 -1.676305461424022
40 -1.676305461424022
41 -1.676305461424022
42 -1.676305461424022
43 -1.676305461424022
44 -1.676305461424021
45 -1.676305461424021
46 -1.676305461424021
47 -1.676305461424021
48 -1.676305461424021
49 -1.676305461424020
50 -1.676305461424020
51 -1.676305461424019
52 -1.676305461424019
53 -1.676305461424019
54 -1.676305461424018
55 -1.477769241618158
56 -1.254564475226451
57 -1.254564475226450
58 -1.254564475226448
59 -1.254564475226447
60 -1.254564475226446
61 -1.254564475226443
62 -1.098237009206267
63 -1.098237009206263
64 0.899999999999996
65 0.899999999999996
66 0.899999999999997
67 0.899999999999997
68 0.899999999999997
69 0.899999999999997
70 0.899999999999997
71 0.899999999999998
72 0.899999999999998
73 0.899999999999998
74 0.899999999999998
75 0.899999999999998
76 0.899999999999998
77 0.899999999999998
78 0.899999999999998
79 0.899999999999998
80 0.899999999999999
81 0.899999999999999
82 0.899999999999999
83 0.899999999999999
84 0.899999999999999
85 0.899999999999999
86 0.899999999999999
87 0.899999999999999
88 0.900000000000000
89 0.900000000000000
90 0.900000000000000
91 0.900000000000000
92 0.900000000000000
93 0.900000000000000
94 0.900000000000000
95 0.900000000000000
96 0.900000000000000
97 0.900000000000000
98 0.900000000000000
99 0.900000000000000
100 0.900000000000000
101 0.900000000000000
102 0.900000000000000
103 0.900000000000000
104 0.900000000000001
105 0.900000000000001
106 0.900000000000001
107 0.900000000000001
108 0.900000000000001
109 0.900000000000001
110 0.900000000000001
111 0.900000000000001
112 0.900000000000001
113 0.900000000000001
114 0.900000000000001
115 0.900000000000002
116 0.900000000000002
117 0.900000000000002
118 0.900000000000002
119 0.900000000000002
120 0.900000000000002
121 0.900000000000002
122 0.900000000000002
123 0.900000000000003
124 0.900000000000003
125 0.900000000000003
126 0.900000000000003
127 0.900000000000005
128 1.098237009206259
129 1.098237009206266
130 1.254564475226446
131 1.254564475226446
132 1.254564475226447
133 1.254564475226448
134 1.254564475226448
135 1.254564475226449
136 1.477769241618157
137 1.676305461424018
138 1.676305461424020
139 1.676305461424020
140 1.676305461424020
141 1.676305461424020
142 1.676305461424020
143 1.676305461424020
144 1.676305461424020
145 1.676305461424020
146 1.676305461424021
147 1.676305461424021
148 1.676305461424021
149 1.676305461424021
150 1.676305461424022
151 1.676305461424022
152 1.676305461424022
153 1.676305461424022
154 1.676305461424022
155 1.676305461424022
156 1.676305461424022
157 1.676305461424022
158 1.676305461424023
159 1.676305461424023
160 1.676305461424023
161 1.676305461424024
162 1.676305461424025
163 1.676305461424028
164 1.979877840720164
165 1.979877840720166
166 2.193171219946127
167 2.193171219946128
168 2.193171219946128
169 2.193171219946129
170 2.193171219946130
171 2.193171219946131
172 2.193171219946131
173 2.193171219946132
174 2.193171219946132
175 2.193171219946132
176 2.193171219946135
177 2.193171219946135
178 2.301056703532517
179 2.458875348101196
180 2.458875348101198
181 2.458875348101200
182 2.458875348101201
183 2.458875348101202
184 2.458875348101203
185 2.609597670139973
186 2.609597670139979
187 2.609597670139984
188 2.702583802111406
189 2.702583802111411
190 2.819811361714713


