# z = 3, M = 5
1 -2.628595816430503
2 -2.449489742783179
3 -2.449489742783178
4 -2.288245611270739
5 -2.288245611270738
6 -2.288245611270735
7 -2.000000000000001
8 -2.000000000000001
9 -2.000000000000000
10 -2.000000000000000
11 -2.000000000000000
12 -1.999999999999999
13 -1.899815971907897
14 -1.414213562373096
15 -1.414213562373096
16 -1.414213562373096
17 -1.414213562373096
18 -1.414213562373096
19 -1.414213562373095
20 -1.414213562373095
21 -1.414213562373095
22 -1.414213562373095
23 -1.414213562373095
24 -1.414213562373094
25 -1.414213562373094
26 -1.414213562373094
27 -1.414213562373094
28 -0.874032048897643
29 -0.874032048897641
30 -0.874032048897640
31 -0.693673775436049
32 -0.000000000000003
33 -0.000000000000003
34 -0.000000000000003
35 -0.000000000000002
36 -0.000000000000001
37 -0.000000000000001
38 -0.000000000000001
39 -0.000000000000001
40 -0.000000000000000
41 -0.000000000000000
42 -0.000000000000000
43 -0.000000000000000
44 -0.000000000000000
45 -0.000000000000000
46 -0.000000000000000
47 0.000000000000000
48 0.000000000000000
49 0.000000000000000
50 0.000000000000000
51 0.000000000000000
52 0.000000000000001
53 0.000000000000001
54 0.000000000000001
55 0.000000000000001
56 0.000000000000001
57 0.000000000000001
58 0.000000000000002
59 0.000000000000002
60 0.000000000000002
61 0.000000000000002
62 0.000000000000003
63 0.000000000000008
64 0.693673775436049
65 0.874032048897638
66 0.874032048897642
67 0.874032048897643
68 1.414213562373093
69 1.414213562373094
70 1.414213562373094
71 1.414213562373094
72 1.414213562373094
73 1.414213562373095
74 1.414213562373095
75 1.414213562373095
76 1.414213562373096
77 1.414213562373096
78 1.414213562373096
79 1.414213562373098
80 1.414213562373098
81 1.414213562373098
82 1.899815971907896
83 1.999999999999996
84 1.999999999999996
85 2.000000000000000
86 2.000000000000000
87 2.000000000000002
88 2.000000000000002
89 2.288245611270729
90 2.288245611270736
91 2.288245611270736
92 2.449489742783179
93 2.449489742783179
94 2.628595816430503


# z = 3, M = 5
1 -2.630497284955061
2 -2.451530134426254
3 -2.451530134426252
4 -2.290429649105119
5 -2.290429649105116
6 -2.290429649105116
7 -2.002498439450080
8 -2.002498439450079
9 -2.002498439450079
10 -2.002498439450079
11 -2.002498439450077
12 -2.002498439450077
13 -1.902445985334760
14 -1.417744687875784
15 -1.417744687875784
16 -1.417744687875783
17 -1.417744687875783
18 -1.417744687875783
19 -1.417744687875783
20 -1.417744687875783
21 -1.417744687875782
22 -1.417744687875782
23 -1.417744687875782
24 -1.417744687875782
25 -1.417744687875782
26 -1.417744687875781
27 -1.417744687875781
28 -0.879734063510224
29 -0.879734063510224
30 -0.879734063510223
31 -0.700844709424065
32 -0.100000000000002
33 -0.100000000000002
34 -0.100000000000002
35 -0.100000000000001
36 -0.100000000000001
37 -0.100000000000001
38 -0.100000000000001
39 -0.100000000000001
40 -0.100000000000001
41 -0.100000000000001
42 -0.100000000000001
43 -0.100000000000000
44 -0.100000000000000
45 -0.100000000000000
46 -0.100000000000000
47 -0.100000000000000
48 -0.100000000000000
49 -0.100000000000000
50 -0.100000000000000
51 -0.100000000000000
52 -0.100000000000000
53 -0.100000000000000
54 -0.100000000000000
55 -0.099999999999999
56 -0.099999999999999
57 -0.099999999999999
58 -0.099999999999999
59 -0.099999999999999
60 -0.099999999999999
61 -0.099999999999999
62 -0.099999999999998
63 -0.099999999999998
64 0.700844709424064
65 0.879734063510223
66 0.879734063510224
67 0.879734063510227
68 1.417744687875781
69 1.417744687875781
70 1.417744687875781
71 1.417744687875782
72 1.417744687875782
73 1.417744687875783
74 1.417744687875783
75 1.417744687875783
76 1.417744687875784
77 1.417744687875784
78 1.417744687875784
79 1.417744687875784
80 1.417744687875784
81 1.417744687875786
82 1.902445985334760
83 2.002498439450076
84 2.002498439450078
85 2.002498439450078
86 2.002498439450078
87 2.002498439450079
88 2.002498439450080
89 2.290429649105115
90 2.290429649105117
91 2.290429649105118
92 2.451530134426253
93 2.451530134426254
94 2.630497284955062


# z = 3, M = 5
1 -2.636193461443212
2 -2.457641145488906
3 -2.457641145488900
4 -2.296969302689917
5 -2.296969302689914
6 -2.296969302689913
7 -2.009975124224179
8 -2.009975124224179
9 -2.009975124224179
10 -2.009975124224178
11 -2.009975124224177
12 -2.009975124224175
13 -1.910314300610335
14 -1.428285685708572
15 -1.428285685708572
16 -1.428285685708571
17 -1.428285685708571
18 -1.428285685708571
19 -1.428285685708570
20 -1.428285685708570
21 -1.428285685708570
22 -1.428285685708570
23 -1.428285685708569
24 -1.428285685708569
25 -1.428285685708569
26 -1.428285685708569
27 -1.428285685708569
28 -0.896622564126184
29 -0.896622564126183
30 -0.896622564126182
31 -0.721930264449205
32 -0.200000000000002
33 -0.200000000000002
34 -0.200000000000001
35 -0.200000000000001
36 -0.200000000000001
37 -0.200000000000001
38 -0.200000000000001
39 -0.200000000000001
40 -0.200000000000001
41 -0.200000000000001
42 -0.200000000000000
43 -0.200000000000000
44 -0.200000000000000
45 -0.200000000000000
46 -0.200000000000000
47 -0.200000000000000
48 -0.200000000000000
49 -0.200000000000000
50 -0.200000000000000
51 -0.200000000000000
52 -0.200000000000000
53 -0.200000000000000
54 -0.199999999999999
55 -0.199999999999999
56 -0.199999999999999
57 -0.199999999999999
58 -0.199999999999999
59 -0.199999999999999
60 -0.199999999999998
61 -0.199999999999998
62 -0.199999999999998
63 -0.199999999999998
64 0.721930264449210
65 0.896622564126181
66 0.896622564126184
67 0.896622564126184
68 1.428285685708568
69 1.428285685708568
70 1.428285685708569
71 1.428285685708569
72 1.428285685708569
73 1.428285685708569
74 1.428285685708570
75 1.428285685708570
76 1.428285685708571
77 1.428285685708571
78 1.428285685708571
79 1.428285685708572
80 1.428285685708572
81 1.428285685708572
82 1.910314300610332
83 2.009975124224177
84 2.009975124224178
85 2.009975124224179
86 2.009975124224179
87 2.009975124224180
88 2.009975124224180
89 2.296969302689912
90 2.296969302689913
91 2.296969302689914
92 2.457641145488900
93 2.457641145488903
94 2.636193461443213


# z = 3, M = 5
1 -2.645659835684844
2 -2.467792535850616
3 -2.467792535850614
4 -2.307827545008462
5 -2.307827545008460
6 -2.307827545008460
7 -2.022374841615668
8 -2.022374841615668
9 -2.022374841615667
10 -2.022374841615667
11 -2.022374841615667
12 -2.022374841615664
13 -1.923356630247325
14 -1.445683229480097
15 -1.445683229480097
16 -1.445683229480097
17 -1.445683229480097
18 -1.445683229480097
19 -1.445683229480097
20 -1.445683229480096
21 -1.445683229480096
22 -1.445683229480096
23 -1.445683229480096
24 -1.445683229480095
25 -1.445683229480095
26 -1.445683229480095
27 -1.445683229480095
28 -0.924084423903040
29 -0.924084423903039
30 -0.924084423903038
31 -0.755766701256216
32 -0.300000000000003
33 -0.300000000000002
34 -0.300000000000002
35 -0.300000000000002
36 -0.300000000000002
37 -0.300000000000001
38 -0.300000000000001
39 -0.300000000000001
40 -0.300000000000001
41 -0.300000000000001
42 -0.300000000000001
43 -0.300000000000000
44 -0.300000000000000
45 -0.300000000000000
46 -0.300000000000000
47 -0.300000000000000
48 -0.300000000000000
49 -0.300000000000000
50 -0.300000000000000
51 -0.300000000000000
52 -0.300000000000000
53 -0.300000000000000
54 -0.299999999999999
55 -0.299999999999999
56 -0.299999999999999
57 -0.299999999999999
58 -0.299999999999999
59 -0.299999999999999
60 -0.299999999999999
61 -0.299999999999999
62 -0.299999999999998
63 -0.299999999999997
64 0.755766701256216
65 0.924084423903036
66 0.924084423903040
67 0.924084423903040
68 1.445683229480095
69 1.445683229480095
70 1.445683229480095
71 1.445683229480096
72 1.445683229480096
73 1.445683229480096
74 1.445683229480097
75 1.445683229480097
76 1.445683229480097
77 1.445683229480097
78 1.445683229480097
79 1.445683229480098
80 1.445683229480098
81 1.445683229480099
82 1.923356630247324
83 2.022374841615665
84 2.022374841615667
85 2.022374841615667
86 2.022374841615667
87 2.022374841615668
88 2.022374841615671
89 2.307827545008462
90 2.307827545008464
91 2.307827545008465
92 2.467792535850613
93 2.467792535850614
94 2.645659835684844


# z = 3, M = 5
1 -2.658856138672408
2 -2.481934729198173
3 -2.481934729198171
4 -2.322943817120809
5 -2.322943817120806
6 -2.322943817120806
7 -2.039607805437118
8 -2.039607805437117
9 -2.039607805437114
10 -2.039607805437114
11 -2.039607805437113
12 -2.039607805437111
13 -1.941468703614957
14 -1.469693845669908
15 -1.469693845669908
16 -1.469693845669908
17 -1.469693845669908
18 -1.469693845669907
19 -1.469693845669907
20 -1.469693845669907
21 -1.469693845669906
22 -1.469693845669906
23 -1.469693845669906
24 -1.469693845669906
25 -1.469693845669906
26 -1.469693845669905
27 -1.469693845669904
28 -0.961213827668023
29 -0.961213827668023
30 -0.961213827668020
31 -0.800739225171154
32 -0.400000000000002
33 -0.400000000000002
34 -0.400000000000002
35 -0.400000000000001
36 -0.400000000000001
37 -0.400000000000001
38 -0.400000000000001
39 -0.400000000000001
40 -0.400000000000000
41 -0.400000000000000
42 -0.400000000000000
43 -0.400000000000000
44 -0.400000000000000
45 -0.400000000000000
46 -0.400000000000000
47 -0.400000000000000
48 -0.400000000000000
49 -0.400000000000000
50 -0.400000000000000
51 -0.400000000000000
52 -0.400000000000000
53 -0.399999999999999
54 -0.399999999999999
55 -0.399999999999999
56 -0.399999999999999
57 -0.399999999999999
58 -0.399999999999999
59 -0.399999999999999
60 -0.399999999999998
61 -0.399999999999998
62 -0.399999999999998
63 -0.399999999999997
64 0.800739225171155
65 0.961213827668020
66 0.961213827668021
67 0.961213827668024
68 1.469693845669905
69 1.469693845669905
70 1.469693845669906
71 1.469693845669906
72 1.469693845669906
73 1.469693845669907
74 1.469693845669907
75 1.469693845669907
76 1.469693845669908
77 1.469693845669908
78 1.469693845669908
79 1.469693845669908
80 1.469693845669908
81 1.469693845669909
82 1.941468703614963
83 2.039607805437111
84 2.039607805437111
85 2.039607805437113
86 2.039607805437113
87 2.039607805437116
88 2.039607805437117
89 2.322943817120803
90 2.322943817120805
91 2.322943817120809
92 2.481934729198168
93 2.481934729198173
94 2.658856138672410


# z = 3, M = 5
1 -2.675727184553010
2 -2.500000000000004
3 -2.500000000000001
4 -2.342235679324308
5 -2.342235679324304
6 -2.342235679324302
7 -2.061552812808833
8 -2.061552812808833
9 -2.061552812808832
10 -2.061552812808831
11 -2.061552812808830
12 -2.061552812808829
13 -1.964510302115096
14 -1.500000000000003
15 -1.500000000000002
16 -1.500000000000001
17 -1.500000000000001
18 -1.500000000000001
19 -1.500000000000001
20 -1.500000000000001
21 -1.500000000000001
22 -1.500000000000001
23 -1.500000000000000
24 -1.500000000000000
25 -1.500000000000000
26 -1.499999999999999
27 -1.499999999999999
28 -1.006941916150187
29 -1.006941916150186
30 -1.006941916150185
31 -0.855092572022288
32 -0.500000000000002
33 -0.500000000000002
34 -0.500000000000002
35 -0.500000000000001
36 -0.500000000000001
37 -0.500000000000001
38 -0.500000000000001
39 -0.500000000000001
40 -0.500000000000001
41 -0.500000000000000
42 -0.500000000000000
43 -0.500000000000000
44 -0.500000000000000
45 -0.500000000000000
46 -0.500000000000000
47 -0.500000000000000
48 -0.500000000000000
49 -0.500000000000000
50 -0.500000000000000
51 -0.500000000000000
52 -0.500000000000000
53 -0.499999999999999
54 -0.499999999999999
55 -0.499999999999999
56 -0.499999999999999
57 -0.499999999999999
58 -0.499999999999999
59 -0.499999999999999
60 -0.499999999999999
61 -0.499999999999999
62 -0.499999999999998
63 -0.499999999999998
64 0.855092572022296
65 1.006941916150186
66 1.006941916150188
67 1.006941916150189
68 1.499999999999998
69 1.499999999999999
70 1.499999999999999
71 1.499999999999999
72 1.500000000000000
73 1.500000000000000
74 1.500000000000000
75 1.500000000000000
76 1.500000000000001
77 1.500000000000001
78 1.500000000000001
79 1.500000000000001
80 1.500000000000002
81 1.500000000000002
82 1.964510302115098
83 2.061552812808828
84 2.061552812808829
85 2.061552812808829
86 2.061552812808831
87 2.061552812808832
88 2.061552812808833
89 2.342235679324304
90 2.342235679324308
91 2.342235679324312
92 2.499999999999994
93 2.499999999999998
94 2.675727184553004


# z = 3, M = 5
1 -2.696203991940507
2 -2.521904042583699
3 -2.521904042583699
4 -2.365600975967797
5 -2.365600975967795
6 -2.365600975967793
7 -2.088061301782111
8 -2.088061301782110
9 -2.088061301782110
10 -2.088061301782110
11 -2.088061301782109
12 -2.088061301782109
13 -1.992310399289314
14 -1.536229149573724
15 -1.536229149573723
16 -1.536229149573723
17 -1.536229149573723
18 -1.536229149573723
19 -1.536229149573723
20 -1.536229149573722
21 -1.536229149573722
22 -1.536229149573722
23 -1.536229149573721
24 -1.536229149573721
25 -1.536229149573720
26 -1.536229149573720
27 -1.536229149573719
28 -1.060156602818760
29 -1.060156602818760
30 -1.060156602818758
31 -0.917160458550032
32 -0.600000000000002
33 -0.600000000000002
34 -0.600000000000002
35 -0.600000000000002
36 -0.600000000000001
37 -0.600000000000001
38 -0.600000000000001
39 -0.600000000000001
40 -0.600000000000001
41 -0.600000000000001
42 -0.600000000000001
43 -0.600000000000001
44 -0.600000000000001
45 -0.600000000000000
46 -0.600000000000000
47 -0.600000000000000
48 -0.600000000000000
49 -0.600000000000000
50 -0.600000000000000
51 -0.600000000000000
52 -0.600000000000000
53 -0.600000000000000
54 -0.600000000000000
55 -0.600000000000000
56 -0.599999999999999
57 -0.599999999999999
58 -0.599999999999999
59 -0.599999999999999
60 -0.599999999999999
61 -0.599999999999999
62 -0.599999999999998
63 -0.599999999999998
64 0.917160458550030
65 1.060156602818757
66 1.060156602818758
67 1.060156602818759
68 1.536229149573720
69 1.536229149573720
70 1.536229149573721
71 1.536229149573721
72 1.536229149573721
73 1.536229149573721
74 1.536229149573722
75 1.536229149573722
76 1.536229149573722
77 1.536229149573723
78 1.536229149573723
79 1.536229149573723
80 1.536229149573723
81 1.536229149573723
82 1.992310399289308
83 2.088061301782106
84 2.088061301782108
85 2.088061301782110
86 2.088061301782110
87 2.088061301782111
88 2.088061301782112
89 2.365600975967797
90 2.365600975967799
91 2.365600975967801
92 2.521904042583691
93 2.521904042583701
94 2.696203991940516


# z = 3, M = 5
1 -2.720205133102269
2 -2.547547840571402
3 -2.547547840571399
4 -2.392920386786781
5 -2.392920386786777
6 -2.392920386786777
7 -2.118962010041712
8 -2.118962010041710
9 -2.118962010041709
10 -2.118962010041709
11 -2.118962010041708
12 -2.118962010041708
13 -2.024672992637659
14 -1.577973383805952
15 -1.577973383805951
16 -1.577973383805951
17 -1.577973383805951
18 -1.577973383805950
19 -1.577973383805950
20 -1.577973383805950
21 -1.577973383805950
22 -1.577973383805949
23 -1.577973383805949
24 -1.577973383805949
25 -1.577973383805949
26 -1.577973383805949
27 -1.577973383805949
28 -1.119791061984428
29 -1.119791061984428
30 -1.119791061984425
31 -0.985486330056234
32 -0.700000000000003
33 -0.700000000000002
34 -0.700000000000002
35 -0.700000000000002
36 -0.700000000000002
37 -0.700000000000002
38 -0.700000000000002
39 -0.700000000000001
40 -0.700000000000001
41 -0.700000000000001
42 -0.700000000000001
43 -0.700000000000001
44 -0.700000000000000
45 -0.700000000000000
46 -0.700000000000000
47 -0.700000000000000
48 -0.700000000000000
49 -0.700000000000000
50 -0.700000000000000
51 -0.700000000000000
52 -0.700000000000000
53 -0.700000000000000
54 -0.700000000000000
55 -0.699999999999999
56 -0.699999999999999
57 -0.699999999999999
58 -0.699999999999999
59 -0.699999999999999
60 -0.699999999999998
61 -0.699999999999998
62 -0.699999999999998
63 -0.699999999999997
64 0.985486330056234
65 1.119791061984424
66 1.119791061984425
67 1.119791061984428
68 1.577973383805948
69 1.577973383805948
70 1.577973383805949
71 1.577973383805949
72 1.577973383805949
73 1.577973383805950
74 1.577973383805950
75 1.577973383805950
76 1.577973383805950
77 1.577973383805950
78 1.577973383805950
79 1.577973383805951
80 1.577973383805951
81 1.577973383805952
82 2.024672992637664
83 2.118962010041707
84 2.118962010041707
85 2.118962010041708
86 2.118962010041709
87 2.118962010041709
88 2.118962010041711
89 2.392920386786779
90 2.392920386786781
91 2.392920386786782
92 2.547547840571399
93 2.547547840571402
94 2.720205133102269


# z = 3, M = 5
1 -2.747638252418966
2 -2.576819745345025
3 -2.576819745345024
4 -2.424060225633803
5 -2.424060225633800
6 -2.424060225633799
7 -2.154065922853803
8 -2.154065922853803
9 -2.154065922853801
10 -2.154065922853801
11 -2.154065922853800
12 -2.154065922853799
13 -2.061383207246131
14 -1.624807680927195
15 -1.624807680927193
16 -1.624807680927193
17 -1.624807680927193
18 -1.624807680927193
19 -1.624807680927192
20 -1.624807680927192
21 -1.624807680927191
22 -1.624807680927191
23 -1.624807680927191
24 -1.624807680927191
25 -1.624807680927191
26 -1.624807680927190
27 -1.624807680927190
28 -1.184876374353127
29 -1.184876374353126
30 -1.184876374353126
31 -1.058859436718445
32 -0.800000000000003
33 -0.800000000000002
34 -0.800000000000002
35 -0.800000000000002
36 -0.800000000000002
37 -0.800000000000001
38 -0.800000000000001
39 -0.800000000000001
40 -0.800000000000001
41 -0.800000000000001
42 -0.800000000000001
43 -0.800000000000001
44 -0.800000000000000
45 -0.800000000000000
46 -0.800000000000000
47 -0.800000000000000
48 -0.800000000000000
49 -0.800000000000000
50 -0.800000000000000
51 -0.800000000000000
52 -0.800000000000000
53 -0.799999999999999
54 -0.799999999999999
55 -0.799999999999999
56 -0.799999999999999
57 -0.799999999999999
58 -0.799999999999999
59 -0.799999999999998
60 -0.799999999999998
61 -0.799999999999998
62 -0.799999999999998
63 -0.799999999999997
64 1.058859436718446
65 1.184876374353125
66 1.184876374353126
67 1.184876374353128
68 1.624807680927188
69 1.624807680927188
70 1.624807680927189
71 1.624807680927189
72 1.624807680927190
73 1.624807680927190
74 1.624807680927191
75 1.624807680927192
76 1.624807680927192
77 1.624807680927193
78 1.624807680927193
79 1.624807680927193
80 1.624807680927194
81 1.624807680927198
82 2.061383207246131
83 2.154065922853798
84 2.154065922853800
85 2.154065922853805
86 2.154065922853805
87 2.154065922853805
88 2.154065922853806
89 2.424060225633800
90 2.424060225633801
91 2.424060225633801
92 2.576819745345024
93 2.576819745345026
94 2.747638252418966


# z = 3, M = 5
1 -2.778401692728385
2 -2.609597670139978
3 -2.609597670139974
4 -2.458875348101199
5 -2.458875348101196
6 -2.458875348101195
7 -2.193171219946134
8 -2.193171219946133
9 -2.193171219946132
10 -2.193171219946132
11 -2.193171219946130
12 -2.193171219946130
13 -2.102213292488739
14 -1.676305461424023
15 -1.676305461424023
16 -1.676305461424023
17 -1.676305461424022
18 -1.676305461424022
19 -1.676305461424022
20 -1.676305461424021
21 -1.676305461424021
22 -1.676305461424021
23 -1.676305461424020
24 -1.676305461424020
25 -1.676305461424020
26 -1.676305461424019
27 -1.676305461424019
28 -1.254564475226447
29 -1.254564475226447
30 -1.254564475226447
31 -1.136302471495905
32 -0.900000000000003
33 -0.900000000000002
34 -0.900000000000002
35 -0.900000000000002
36 -0.900000000000001
37 -0.900000000000001
38 -0.900000000000001
39 -0.900000000000001
40 -0.900000000000001
41 -0.900000000000001
42 -0.900000000000001
43 -0.900000000000001
44 -0.900000000000000
45 -0.900000000000000
46 -0.900000000000000
47 -0.900000000000000
48 -0.900000000000000
49 -0.900000000000000
50 -0.900000000000000
51 -0.900000000000000
52 -0.900000000000000
53 -0.899999999999999
54 -0.899999999999999
55 -0.899999999999999
56 -0.899999999999999
57 -0.899999999999999
58 -0.899999999999998
59 -0.899999999999998
60 -0.899999999999998
61 -0.899999999999998
62 -0.899999999999998
63 -0.899999999999997
64 1.136302471495906
65 1.254564475226445
66 1.254564475226448
67 1.254564475226450
68 1.676305461424016
69 1.676305461424017
70 1.676305461424017
71 1.676305461424019
72 1.676305461424020
73 1.676305461424020
74 1.676305461424020
75 1.676305461424021
76 1.676305461424022
77 1.676305461424022
78 1.676305461424022
79 1.676305461424023
80 1.676305461424025
81 1.676305461424026
82 2.102213292488739
83 2.193171219946128
84 2.193171219946128
85 2.193171219946129
86 2.193171219946131
87 2.193171219946133
88 2.193171219946135
89 2.458875348101195
90 2.458875348101198
91 2.458875348101198
92 2.609597670139975
93 2.609597670139979
94 2.778401692728381


