# z = 3, M = 10
1 -2.753981909215192
2 -2.713855952574624
3 -2.713855952574621
4 -2.689994047855830
5 -2.689994047855830
6 -2.689994047855829
7 -2.657852097554702
8 -2.657852097554700
9 -2.657852097554700
10 -2.657852097554699
11 -2.657852097554696
12 -2.657852097554693
13 -2.613125929752758
14 -2.613125929752758
15 -2.613125929752757
16 -2.613125929752754
17 -2.613125929752754
18 -2.613125929752753
19 -2.613125929752753
20 -2.613125929752752
21 -2.613125929752750
22 -2.613125929752748
23 -2.613125929752746
24 -2.613125929752742
25 -2.548324784527081
26 -2.548324784527079
27 -2.548324784527077
28 -2.548324784527076
29 -2.548324784527074
30 -2.548324784527074
31 -2.548324784527072
32 -2.548324784527072
33 -2.548324784527071
34 -2.548324784527071
35 -2.548324784527070
36 -2.548324784527070
37 -2.548324784527070
38 -2.548324784527070
39 -2.548324784527070
40 -2.548324784527070
41 -2.548324784527069
42 -2.548324784527069
43 -2.548324784527067
44 -2.548324784527067
45 -2.548324784527066
46 -2.548324784527065
47 -2.548324784527064
48 -2.548324784527063
49 -2.508595932161135
50 -2.449489742783194
51 -2.449489742783193
52 -2.449489742783188
53 -2.449489742783185
54 -2.449489742783185
55 -2.449489742783184
56 -2.449489742783184
57 -2.449489742783184
58 -2.449489742783184
59 -2.449489742783183
60 -2.449489742783181
61 -2.449489742783181
62 -2.449489742783181
63 -2.449489742783181
64 -2.449489742783181
65 -2.449489742783180
66 -2.449489742783180
67 -2.449489742783180
68 -2.449489742783179
69 -2.449489742783179
70 -2.449489742783178
71 -2.449489742783178
72 -2.449489742783178
73 -2.449489742783178
74 -2.449489742783178
75 -2.449489742783178
76 -2.449489742783177
77 -2.449489742783177
78 -2.449489742783177
79 -2.449489742783176
80 -2.449489742783176
81 -2.449489742783175
82 -2.449489742783175
83 -2.449489742783175
84 -2.449489742783175
85 -2.449489742783175
86 -2.449489742783175
87 -2.449489742783175
88 -2.449489742783175
89 -2.449489742783174
90 -2.449489742783174
91 -2.449489742783174
92 -2.449489742783172
93 -2.449489742783172
94 -2.449489742783171
95 -2.449489742783170
96 -2.449489742783169
97 -2.449489742783165
98 -2.379424311048270
99 -2.379424311048269
100 -2.288245611270758
101 -2.288245611270755
102 -2.288245611270754
103 -2.288245611270753
104 -2.288245611270750
105 -2.288245611270749
106 -2.288245611270748
107 -2.288245611270747
108 -2.288245611270747
109 -2.288245611270746
110 -2.288245611270746
111 -2.288245611270746
112 -2.288245611270745
113 -2.288245611270745
114 -2.288245611270745
115 -2.288245611270744
116 -2.288245611270744
117 -2.288245611270744
118 -2.288245611270743
119 -2.288245611270743
120 -2.288245611270743
121 -2.288245611270743
122 -2.288245611270742
123 -2.288245611270742
124 -2.288245611270741
125 -2.288245611270741
126 -2.288245611270741
127 -2.288245611270741
128 -2.288245611270741
129 -2.288245611270741
130 -2.288245611270741
131 -2.288245611270741
132 -2.288245611270741
133 -2.288245611270740
134 -2.288245611270740
135 -2.288245611270740
136 -2.288245611270739
137 -2.288245611270739
138 -2.288245611270739
139 -2.288245611270739
140 -2.288245611270739
141 -2.288245611270739
142 -2.288245611270739
143 -2.288245611270739
144 -2.288245611270739
145 -2.288245611270739
146 -2.288245611270739
147 -2.288245611270738
148 -2.288245611270738
149 -2.288245611270738
150 -2.288245611270737
151 -2.288245611270737
152 -2.288245611270737
153 -2.288245611270737
154 -2.288245611270737
155 -2.288245611270737
156 -2.288245611270737
157 -2.288245611270736
158 -2.288245611270736
159 -2.288245611270736
160 -2.288245611270736
161 -2.288245611270736
162 -2.288245611270736
163 -2.288245611270735
164 -2.288245611270735
165 -2.288245611270735
166 -2.288245611270735
167 -2.288245611270735
168 -2.288245611270734
169 -2.288245611270734
170 -2.288245611270734
171 -2.288245611270734
172 -2.288245611270734
173 -2.288245611270733
174 -2.288245611270733
175 -2.288245611270733
176 -2.288245611270733
177 -2.288245611270733
178 -2.288245611270733
179 -2.288245611270732
180 -2.288245611270732
181 -2.288245611270731
182 -2.288245611270731
183 -2.288245611270731
184 -2.288245611270730
185 -2.288245611270730
186 -2.288245611270730
187 -2.288245611270730
188 -2.288245611270730
189 -2.288245611270729
190 -2.288245611270728
191 -2.288245611270728
192 -2.288245611270728
193 -2.288245611270727
194 -2.288245611270727
195 -2.288245611270727
196 -2.288245611270726
197 -2.288245611270726
198 -2.288245611270724
199 -2.166700881678813
200 -2.166700881678810
201 -2.166700881678807
202 -2.166700881678803
203 -2.166700881678802
204 -2.166700881678799
205 -2.078188632919922
206 -2.000000000000016
207 -2.000000000000012
208 -2.000000000000012
209 -2.000000000000012
210 -2.000000000000011
211 -2.000000000000010
212 -2.000000000000008
213 -2.000000000000008
214 -2.000000000000008
215 -2.000000000000008
216 -2.000000000000008
217 -2.000000000000008
218 -2.000000000000007
219 -2.000000000000007
220 -2.000000000000007
221 -2.000000000000007
222 -2.000000000000007
223 -2.000000000000006
224 -2.000000000000006
225 -2.000000000000006
226 -2.000000000000006
227 -2.000000000000006
228 -2.000000000000006
229 -2.000000000000006
230 -2.000000000000006
231 -2.000000000000006
232 -2.000000000000006
233 -2.000000000000006
234 -2.000000000000005
235 -2.000000000000005
236 -2.000000000000005
237 -2.000000000000005
238 -2.000000000000005
239 -2.000000000000005
240 -2.000000000000005
241 -2.000000000000004
242 -2.000000000000004
243 -2.000000000000004
244 -2.000000000000004
245 -2.000000000000004
246 -2.000000000000004
247 -2.000000000000004
248 -2.000000000000004
249 -2.000000000000004
250 -2.000000000000004
251 -2.000000000000004
252 -2.000000000000004
253 -2.000000000000004
254 -2.000000000000004
255 -2.000000000000004
256 -2.000000000000004
257 -2.000000000000004
258 -2.000000000000004
259 -2.000000000000004
260 -2.000000000000003
261 -2.000000000000003
262 -2.000000000000003
263 -2.000000000000003
264 -2.000000000000003
265 -2.000000000000003
266 -2.000000000000002
267 -2.000000000000002
268 -2.000000000000002
269 -2.000000000000002
270 -2.000000000000002
271 -2.000000000000002
272 -2.000000000000002
273 -2.000000000000002
274 -2.000000000000002
275 -2.000000000000002
276 -2.000000000000002
277 -2.000000000000002
278 -2.000000000000002
279 -2.000000000000002
280 -2.000000000000002
281 -2.000000000000002
282 -2.000000000000002
283 -2.000000000000002
284 -2.000000000000002
285 -2.000000000000002
286 -2.000000000000001
287 -2.000000000000001
288 -2.000000000000001
289 -2.000000000000001
290 -2.000000000000001
291 -2.000000000000001
292 -2.000000000000001
293 -2.000000000000001
294 -2.000000000000001
295 -2.000000000000001
296 -2.000000000000001
297 -2.000000000000000
298 -2.000000000000000
299 -2.000000000000000
300 -2.000000000000000
301 -2.000000000000000
302 -2.000000000000000
303 -2.000000000000000
304 -2.000000000000000
305 -2.000000000000000
306 -2.000000000000000
307 -2.000000000000000
308 -2.000000000000000
309 -2.000000000000000
310 -2.000000000000000
311 -2.000000000000000
312 -2.000000000000000
313 -2.000000000000000
314 -2.000000000000000
315 -2.000000000000000
316 -1.999999999999999
317 -1.999999999999999
318 -1.999999999999999
319 -1.999999999999999
320 -1.999999999999999
321 -1.999999999999999
322 -1.999999999999999
323 -1.999999999999999
324 -1.999999999999999
325 -1.999999999999999
326 -1.999999999999999
327 -1.999999999999999
328 -1.999999999999999
329 -1.999999999999999
330 -1.999999999999999
331 -1.999999999999998
332 -1.999999999999998
333 -1.999999999999998
334 -1.999999999999998
335 -1.999999999999998
336 -1.999999999999998
337 -1.999999999999998
338 -1.999999999999998
339 -1.999999999999998
340 -1.999999999999998
341 -1.999999999999998
342 -1.999999999999998
343 -1.999999999999998
344 -1.999999999999998
345 -1.999999999999998
346 -1.999999999999998
347 -1.999999999999997
348 -1.999999999999997
349 -1.999999999999997
350 -1.999999999999997
351 -1.999999999999997
352 -1.999999999999997
353 -1.999999999999997
354 -1.999999999999997
355 -1.999999999999997
356 -1.999999999999997
357 -1.999999999999997
358 -1.999999999999997
359 -1.999999999999997
360 -1.999999999999997
361 -1.999999999999997
362 -1.999999999999997
363 -1.999999999999997
364 -1.999999999999996
365 -1.999999999999996
366 -1.999999999999996
367 -1.999999999999996
368 -1.999999999999996
369 -1.999999999999996
370 -1.999999999999996
371 -1.999999999999996
372 -1.999999999999996
373 -1.999999999999996
374 -1.999999999999996
375 -1.999999999999995
376 -1.999999999999995
377 -1.999999999999995
378 -1.999999999999995
379 -1.999999999999995
380 -1.999999999999995
381 -1.999999999999995
382 -1.999999999999995
383 -1.999999999999994
384 -1.999999999999994
385 -1.999999999999994
386 -1.999999999999994
387 -1.999999999999994
388 -1.999999999999994
389 -1.999999999999993
390 -1.999999999999993
391 -1.999999999999993
392 -1.999999999999992
393 -1.999999999999992
394 -1.999999999999992
395 -1.999999999999992
396 -1.999999999999992
397 -1.999999999999992
398 -1.999999999999992
399 -1.999999999999990
400 -1.999999999999990
401 -1.999999999999989
402 -1.999999999999989
403 -1.999999999999989
404 -1.999999999999989
405 -1.999999999999987
406 -1.999999999999987
407 -1.999999999999986
408 -1.999999999999986
409 -1.999999999999985
410 -1.852225862822044
411 -1.852225862822043
412 -1.763495467579875
413 -1.763495467579873
414 -1.763495467579873
415 -1.763495467579872
416 -1.763495467579872
417 -1.763495467579872
418 -1.763495467579872
419 -1.763495467579872
420 -1.763495467579871
421 -1.763495467579871
422 -1.763495467579871
423 -1.763495467579871
424 -1.763495467579870
425 -1.763495467579870
426 -1.763495467579870
427 -1.763495467579870
428 -1.763495467579869
429 -1.763495467579868
430 -1.763495467579868
431 -1.763495467579867
432 -1.763495467579867
433 -1.763495467579866
434 -1.763495467579866
435 -1.763495467579866
436 -1.662507751109813
437 -1.662507751109811
438 -1.662507751109811
439 -1.485035675935419
440 -1.414213562373112
441 -1.414213562373107
442 -1.414213562373105
443 -1.414213562373105
444 -1.414213562373105
445 -1.414213562373105
446 -1.414213562373103
447 -1.414213562373102
448 -1.414213562373102
449 -1.414213562373102
450 -1.414213562373102
451 -1.414213562373102
452 -1.414213562373101
453 -1.414213562373101
454 -1.414213562373101
455 -1.414213562373101
456 -1.414213562373101
457 -1.414213562373101
458 -1.414213562373101
459 -1.414213562373100
460 -1.414213562373100
461 -1.414213562373100
462 -1.414213562373100
463 -1.414213562373100
464 -1.414213562373100
465 -1.414213562373100
466 -1.414213562373100
467 -1.414213562373100
468 -1.414213562373100
469 -1.414213562373100
470 -1.414213562373100
471 -1.414213562373100
472 -1.414213562373100
473 -1.414213562373100
474 -1.414213562373100
475 -1.414213562373100
476 -1.414213562373100
477 -1.414213562373099
478 -1.414213562373099
479 -1.414213562373099
480 -1.414213562373099
481 -1.414213562373099
482 -1.414213562373099
483 -1.414213562373099
484 -1.414213562373099
485 -1.414213562373099
486 -1.414213562373099
487 -1.414213562373099
488 -1.414213562373099
489 -1.414213562373099
490 -1.414213562373099
491 -1.414213562373099
492 -1.414213562373099
493 -1.414213562373099
494 -1.414213562373099
495 -1.414213562373099
496 -1.414213562373099
497 -1.414213562373099
498 -1.414213562373099
499 -1.414213562373099
500 -1.414213562373099
501 -1.414213562373098
502 -1.414213562373098
503 -1.414213562373098
504 -1.414213562373098
505 -1.414213562373098
506 -1.414213562373098
507 -1.414213562373098
508 -1.414213562373098
509 -1.414213562373098
510 -1.414213562373098
511 -1.414213562373098
512 -1.414213562373098
513 -1.414213562373098
514 -1.414213562373098
515 -1.414213562373098
516 -1.414213562373098
517 -1.414213562373098
518 -1.414213562373098
519 -1.414213562373098
520 -1.414213562373098
521 -1.414213562373098
522 -1.414213562373098
523 -1.414213562373098
524 -1.414213562373098
525 -1.414213562373098
526 -1.414213562373098
527 -1.414213562373098
528 -1.414213562373098
529 -1.414213562373098
530 -1.414213562373098
531 -1.414213562373098
532 -1.414213562373098
533 -1.414213562373098
534 -1.414213562373098
535 -1.414213562373098
536 -1.414213562373097
537 -1.414213562373097
538 -1.414213562373097
539 -1.414213562373097
540 -1.414213562373097
541 -1.414213562373097
542 -1.414213562373097
543 -1.414213562373097
544 -1.414213562373097
545 -1.414213562373097
546 -1.414213562373097
547 -1.414213562373097
548 -1.414213562373097
549 -1.414213562373097
550 -1.414213562373097
551 -1.414213562373097
552 -1.414213562373097
553 -1.414213562373097
554 -1.414213562373097
555 -1.414213562373097
556 -1.414213562373097
557 -1.414213562373097
558 -1.414213562373097
559 -1.414213562373097
560 -1.414213562373097
561 -1.414213562373097
562 -1.414213562373097
563 -1.414213562373097
564 -1.414213562373097
565 -1.414213562373097
566 -1.414213562373097
567 -1.414213562373097
568 -1.414213562373097
569 -1.414213562373097
570 -1.414213562373097
571 -1.414213562373097
572 -1.414213562373097
573 -1.414213562373097
574 -1.414213562373097
575 -1.414213562373097
576 -1.414213562373097
577 -1.414213562373097
578 -1.414213562373097
579 -1.414213562373097
580 -1.414213562373097
581 -1.414213562373097
582 -1.414213562373097
583 -1.414213562373097
584 -1.414213562373097
585 -1.414213562373097
586 -1.414213562373097
587 -1.414213562373097
588 -1.414213562373097
589 -1.414213562373097
590 -1.414213562373097
591 -1.414213562373097
592 -1.414213562373097
593 -1.414213562373096
594 -1.414213562373096
595 -1.414213562373096
596 -1.414213562373096
597 -1.414213562373096
598 -1.414213562373096
599 -1.414213562373096
600 -1.414213562373096
601 -1.414213562373096
602 -1.414213562373096
603 -1.414213562373096
604 -1.414213562373096
605 -1.414213562373096
606 -1.414213562373096
607 -1.414213562373096
608 -1.414213562373096
609 -1.414213562373096
610 -1.414213562373096
611 -1.414213562373096
612 -1.414213562373096
613 -1.414213562373096
614 -1.414213562373096
615 -1.414213562373096
616 -1.414213562373096
617 -1.414213562373096
618 -1.414213562373096
619 -1.414213562373096
620 -1.414213562373096
621 -1.414213562373096
622 -1.414213562373096
623 -1.414213562373096
624 -1.414213562373096
625 -1.414213562373096
626 -1.414213562373096
627 -1.414213562373096
628 -1.414213562373096
629 -1.414213562373096
630 -1.414213562373096
631 -1.414213562373096
632 -1.414213562373096
633 -1.414213562373096
634 -1.414213562373096
635 -1.414213562373096
636 -1.414213562373096
637 -1.414213562373096
638 -1.414213562373096
639 -1.414213562373096
640 -1.414213562373096
641 -1.414213562373096
642 -1.414213562373096
643 -1.414213562373096
644 -1.414213562373096
645 -1.414213562373096
646 -1.414213562373096
647 -1.414213562373096
648 -1.414213562373096
649 -1.414213562373096
650 -1.414213562373096
651 -1.414213562373096
652 -1.414213562373096
653 -1.414213562373095
654 -1.414213562373095
655 -1.414213562373095
656 -1.414213562373095
657 -1.414213562373095
658 -1.414213562373095
659 -1.414213562373095
660 -1.414213562373095
661 -1.414213562373095
662 -1.414213562373095
663 -1.414213562373095
664 -1.414213562373095
665 -1.414213562373095
666 -1.414213562373095
667 -1.414213562373095
668 -1.414213562373095
669 -1.414213562373095
670 -1.414213562373095
671 -1.414213562373095
672 -1.414213562373095
673 -1.414213562373095
674 -1.414213562373095
675 -1.414213562373095
676 -1.414213562373095
677 -1.414213562373095
678 -1.414213562373095
679 -1.414213562373095
680 -1.414213562373095
681 -1.414213562373095
682 -1.414213562373095
683 -1.414213562373095
684 -1.414213562373095
685 -1.414213562373095
686 -1.414213562373095
687 -1.414213562373095
688 -1.414213562373095
689 -1.414213562373095
690 -1.414213562373095
691 -1.414213562373095
692 -1.414213562373095
693 -1.414213562373095
694 -1.414213562373095
695 -1.414213562373095
696 -1.414213562373095
697 -1.414213562373095
698 -1.414213562373095
699 -1.414213562373094
700 -1.414213562373094
701 -1.414213562373094
702 -1.414213562373094
703 -1.414213562373094
704 -1.414213562373094
705 -1.414213562373094
706 -1.414213562373094
707 -1.414213562373094
708 -1.414213562373094
709 -1.414213562373094
710 -1.414213562373094
711 -1.414213562373094
712 -1.414213562373094
713 -1.414213562373094
714 -1.414213562373094
715 -1.414213562373094
716 -1.414213562373094
717 -1.414213562373094
718 -1.414213562373094
719 -1.414213562373094
720 -1.414213562373094
721 -1.414213562373094
722 -1.414213562373094
723 -1.414213562373094
724 -1.414213562373094
725 -1.414213562373094
726 -1.414213562373094
727 -1.414213562373094
728 -1.414213562373094
729 -1.414213562373094
730 -1.414213562373094
731 -1.414213562373094
732 -1.414213562373094
733 -1.414213562373094
734 -1.414213562373094
735 -1.414213562373094
736 -1.414213562373094
737 -1.414213562373094
738 -1.414213562373094
739 -1.414213562373094
740 -1.414213562373094
741 -1.414213562373094
742 -1.414213562373094
743 -1.414213562373094
744 -1.414213562373094
745 -1.414213562373094
746 -1.414213562373093
747 -1.414213562373093
748 -1.414213562373093
749 -1.414213562373093
750 -1.414213562373093
751 -1.414213562373093
752 -1.414213562373093
753 -1.414213562373093
754 -1.414213562373093
755 -1.414213562373093
756 -1.414213562373093
757 -1.414213562373093
758 -1.414213562373093
759 -1.414213562373093
760 -1.414213562373093
761 -1.414213562373093
762 -1.414213562373093
763 -1.414213562373093
764 -1.414213562373093
765 -1.414213562373093
766 -1.414213562373093
767 -1.414213562373093
768 -1.414213562373093
769 -1.414213562373093
770 -1.414213562373093
771 -1.414213562373093
772 -1.414213562373093
773 -1.414213562373093
774 -1.414213562373093
775 -1.414213562373093
776 -1.414213562373093
777 -1.414213562373093
778 -1.414213562373093
779 -1.414213562373093
780 -1.414213562373093
781 -1.414213562373093
782 -1.414213562373093
783 -1.414213562373093
784 -1.414213562373092
785 -1.414213562373092
786 -1.414213562373092
787 -1.414213562373092
788 -1.414213562373092
789 -1.414213562373092
790 -1.414213562373092
791 -1.414213562373092
792 -1.414213562373092
793 -1.414213562373092
794 -1.414213562373092
795 -1.414213562373092
796 -1.414213562373092
797 -1.414213562373092
798 -1.414213562373092
799 -1.414213562373092
800 -1.414213562373092
801 -1.414213562373092
802 -1.414213562373092
803 -1.414213562373092
804 -1.414213562373092
805 -1.414213562373092
806 -1.414213562373092
807 -1.414213562373092
808 -1.414213562373092
809 -1.414213562373092
810 -1.414213562373092
811 -1.414213562373092
812 -1.414213562373092
813 -1.414213562373092
814 -1.414213562373092
815 -1.414213562373092
816 -1.414213562373092
817 -1.414213562373092
818 -1.414213562373092
819 -1.414213562373092
820 -1.414213562373092
821 -1.414213562373091
822 -1.414213562373091
823 -1.414213562373091
824 -1.414213562373091
825 -1.414213562373091
826 -1.414213562373091
827 -1.414213562373091
828 -1.414213562373091
829 -1.414213562373091
830 -1.414213562373091
831 -1.414213562373091
832 -1.414213562373091
833 -1.414213562373091
834 -1.414213562373091
835 -1.414213562373091
836 -1.414213562373091
837 -1.414213562373091
838 -1.414213562373091
839 -1.414213562373090
840 -1.414213562373090
841 -1.414213562373090
842 -1.414213562373090
843 -1.414213562373090
844 -1.414213562373090
845 -1.414213562373090
846 -1.414213562373090
847 -1.414213562373090
848 -1.414213562373090
849 -1.414213562373090
850 -1.414213562373090
851 -1.414213562373090
852 -1.414213562373090
853 -1.414213562373090
854 -1.414213562373090
855 -1.414213562373090
856 -1.414213562373090
857 -1.414213562373089
858 -1.414213562373089
859 -1.414213562373089
860 -1.414213562373089
861 -1.414213562373089
862 -1.414213562373089
863 -1.414213562373088
864 -1.414213562373088
865 -1.414213562373088
866 -1.414213562373088
867 -1.414213562373088
868 -1.414213562373087
869 -1.414213562373086
870 -1.414213562373085
871 -1.414213562373085
872 -1.414213562373085
873 -1.414213562373083
874 -1.414213562373080
875 -1.414213562373079
876 -1.414213562373076
877 -1.414213562373070
878 -1.174971090801327
879 -1.174971090801325
880 -1.082392200292396
881 -1.082392200292396
882 -1.082392200292395
883 -1.082392200292395
884 -1.082392200292395
885 -1.082392200292394
886 -1.082392200292394
887 -1.082392200292394
888 -1.082392200292394
889 -1.082392200292393
890 -1.082392200292393
891 -1.082392200292392
892 -0.874032048897646
893 -0.874032048897646
894 -0.874032048897645
895 -0.874032048897644
896 -0.874032048897644
897 -0.874032048897644
898 -0.874032048897644
899 -0.874032048897644
900 -0.874032048897644
901 -0.874032048897644
902 -0.874032048897644
903 -0.874032048897644
904 -0.874032048897644
905 -0.874032048897644
906 -0.874032048897643
907 -0.874032048897643
908 -0.874032048897643
909 -0.874032048897643
910 -0.874032048897643
911 -0.874032048897643
912 -0.874032048897643
913 -0.874032048897643
914 -0.874032048897643
915 -0.874032048897643
916 -0.874032048897643
917 -0.874032048897643
918 -0.874032048897643
919 -0.874032048897643
920 -0.874032048897643
921 -0.874032048897643
922 -0.874032048897643
923 -0.874032048897643
924 -0.874032048897643
925 -0.874032048897643
926 -0.874032048897643
927 -0.874032048897643
928 -0.874032048897643
929 -0.874032048897643
930 -0.874032048897643
931 -0.874032048897643
932 -0.874032048897643
933 -0.874032048897643
934 -0.874032048897642
935 -0.874032048897642
936 -0.874032048897642
937 -0.874032048897642
938 -0.874032048897642
939 -0.874032048897642
940 -0.874032048897642
941 -0.874032048897642
942 -0.874032048897642
943 -0.874032048897642
944 -0.874032048897642
945 -0.874032048897642
946 -0.874032048897642
947 -0.874032048897642
948 -0.874032048897642
949 -0.874032048897642
950 -0.874032048897642
951 -0.874032048897642
952 -0.874032048897642
953 -0.874032048897642
954 -0.874032048897642
955 -0.874032048897642
956 -0.874032048897642
957 -0.874032048897642
958 -0.874032048897641
959 -0.874032048897641
960 -0.874032048897641
961 -0.874032048897641
962 -0.874032048897641
963 -0.874032048897641
964 -0.874032048897641
965 -0.874032048897641
966 -0.874032048897641
967 -0.874032048897641
968 -0.874032048897641
969 -0.874032048897641
970 -0.874032048897641
971 -0.874032048897641
972 -0.874032048897641
973 -0.874032048897641
974 -0.874032048897641
975 -0.874032048897641
976 -0.874032048897641
977 -0.874032048897641
978 -0.874032048897641
979 -0.874032048897641
980 -0.874032048897641
981 -0.874032048897641
982 -0.874032048897641
983 -0.874032048897641
984 -0.874032048897640
985 -0.874032048897640
986 -0.874032048897640
987 -0.874032048897640
988 -0.874032048897640
989 -0.874032048897640
990 -0.874032048897633
991 -0.773518674668899
992 -0.629384245425898
993 -0.629384245425898
994 -0.629384245425898
995 -0.629384245425897
996 -0.629384245425896
997 -0.629384245425896
998 -0.629384245425896
999 -0.629384245425896
1000 -0.629384245425896
1001 -0.629384245425896
1002 -0.629384245425896
1003 -0.629384245425896
1004 -0.629384245425895
1005 -0.629384245425895
1006 -0.629384245425895
1007 -0.629384245425895
1008 -0.629384245425894
1009 -0.629384245425894
1010 -0.629384245425893
1011 -0.629384245425893
1012 -0.629384245425893
1013 -0.629384245425893
1014 -0.629384245425892
1015 -0.629384245425891
1016 -0.491151215875892
1017 -0.491151215875892
1018 -0.491151215875891
1019 -0.491151215875891
1020 -0.491151215875890
1021 -0.491151215875890
1022 -0.402527148826027
1023 -0.402527148826027
1024 -0.000000000000085
1025 -0.000000000000062
1026 -0.000000000000046
1027 -0.000000000000046
1028 -0.000000000000034
1029 -0.000000000000032
1030 -0.000000000000029
1031 -0.000000000000029
1032 -0.000000000000027
1033 -0.000000000000027
1034 -0.000000000000027
1035 -0.000000000000026
1036 -0.000000000000025
1037 -0.000000000000025
1038 -0.000000000000025
1039 -0.000000000000024
1040 -0.000000000000024
1041 -0.000000000000023
1042 -0.000000000000023
1043 -0.000000000000023
1044 -0.000000000000022
1045 -0.000000000000022
1046 -0.000000000000022
1047 -0.000000000000022
1048 -0.000000000000021
1049 -0.000000000000021
1050 -0.000000000000021
1051 -0.000000000000021
1052 -0.000000000000021
1053 -0.000000000000020
1054 -0.000000000000020
1055 -0.000000000000020
1056 -0.000000000000019
1057 -0.000000000000019
1058 -0.000000000000019
1059 -0.000000000000019
1060 -0.000000000000018
1061 -0.000000000000018
1062 -0.000000000000018
1063 -0.000000000000018
1064 -0.000000000000018
1065 -0.000000000000017
1066 -0.000000000000017
1067 -0.000000000000016
1068 -0.000000000000016
1069 -0.000000000000016
1070 -0.000000000000016
1071 -0.000000000000016
1072 -0.000000000000016
1073 -0.000000000000016
1074 -0.000000000000015
1075 -0.000000000000015
1076 -0.000000000000015
1077 -0.000000000000015
1078 -0.000000000000015
1079 -0.000000000000015
1080 -0.000000000000015
1081 -0.000000000000015
1082 -0.000000000000015
1083 -0.000000000000015
1084 -0.000000000000015
1085 -0.000000000000014
1086 -0.000000000000014
1087 -0.000000000000014
1088 -0.000000000000014
1089 -0.000000000000014
1090 -0.000000000000014
1091 -0.000000000000014
1092 -0.000000000000014
1093 -0.000000000000014
1094 -0.000000000000014
1095 -0.000000000000014
1096 -0.000000000000014
1097 -0.000000000000013
1098 -0.000000000000013
1099 -0.000000000000013
1100 -0.000000000000013
1101 -0.000000000000013
1102 -0.000000000000013
1103 -0.000000000000013
1104 -0.000000000000013
1105 -0.000000000000013
1106 -0.000000000000013
1107 -0.000000000000013
1108 -0.000000000000013
1109 -0.000000000000013
1110 -0.000000000000012
1111 -0.000000000000012
1112 -0.000000000000012
1113 -0.000000000000012
1114 -0.000000000000012
1115 -0.000000000000012
1116 -0.000000000000012
1117 -0.000000000000012
1118 -0.000000000000012
1119 -0.000000000000012
1120 -0.000000000000012
1121 -0.000000000000012
1122 -0.000000000000012
1123 -0.000000000000012
1124 -0.000000000000012
1125 -0.000000000000012
1126 -0.000000000000012
1127 -0.000000000000012
1128 -0.000000000000011
1129 -0.000000000000011
1130 -0.000000000000011
1131 -0.000000000000011
1132 -0.000000000000011
1133 -0.000000000000011
1134 -0.000000000000011
1135 -0.000000000000010
1136 -0.000000000000010
1137 -0.000000000000010
1138 -0.000000000000010
1139 -0.000000000000010
1140 -0.000000000000010
1141 -0.000000000000010
1142 -0.000000000000010
1143 -0.000000000000010
1144 -0.000000000000010
1145 -0.000000000000010
1146 -0.000000000000009
1147 -0.000000000000009
1148 -0.000000000000009
1149 -0.000000000000009
1150 -0.000000000000009
1151 -0.000000000000009
1152 -0.000000000000009
1153 -0.000000000000009
1154 -0.000000000000009
1155 -0.000000000000009
1156 -0.000000000000009
1157 -0.000000000000009
1158 -0.000000000000009
1159 -0.000000000000009
1160 -0.000000000000009
1161 -0.000000000000009
1162 -0.000000000000008
1163 -0.000000000000008
1164 -0.000000000000008
1165 -0.000000000000008
1166 -0.000000000000008
1167 -0.000000000000008
1168 -0.000000000000008
1169 -0.000000000000008
1170 -0.000000000000008
1171 -0.000000000000008
1172 -0.000000000000008
1173 -0.000000000000008
1174 -0.000000000000008
1175 -0.000000000000008
1176 -0.000000000000008
1177 -0.000000000000008
1178 -0.000000000000008
1179 -0.000000000000008
1180 -0.000000000000008
1181 -0.000000000000007
1182 -0.000000000000007
1183 -0.000000000000007
1184 -0.000000000000007
1185 -0.000000000000007
1186 -0.000000000000007
1187 -0.000000000000007
1188 -0.000000000000007
1189 -0.000000000000007
1190 -0.000000000000007
1191 -0.000000000000007
1192 -0.000000000000007
1193 -0.000000000000007
1194 -0.000000000000006
1195 -0.000000000000006
1196 -0.000000000000006
1197 -0.000000000000006
1198 -0.000000000000006
1199 -0.000000000000006
1200 -0.000000000000006
1201 -0.000000000000006
1202 -0.000000000000006
1203 -0.000000000000006
1204 -0.000000000000006
1205 -0.000000000000006
1206 -0.000000000000006
1207 -0.000000000000006
1208 -0.000000000000006
1209 -0.000000000000006
1210 -0.000000000000006
1211 -0.000000000000006
1212 -0.000000000000005
1213 -0.000000000000005
1214 -0.000000000000005
1215 -0.000000000000005
1216 -0.000000000000005
1217 -0.000000000000005
1218 -0.000000000000005
1219 -0.000000000000005
1220 -0.000000000000005
1221 -0.000000000000005
1222 -0.000000000000005
1223 -0.000000000000005
1224 -0.000000000000005
1225 -0.000000000000005
1226 -0.000000000000005
1227 -0.000000000000005
1228 -0.000000000000005
1229 -0.000000000000005
1230 -0.000000000000005
1231 -0.000000000000005
1232 -0.000000000000005
1233 -0.000000000000005
1234 -0.000000000000004
1235 -0.000000000000004
1236 -0.000000000000004
1237 -0.000000000000004
1238 -0.000000000000004
1239 -0.000000000000004
1240 -0.000000000000004
1241 -0.000000000000004
1242 -0.000000000000004
1243 -0.000000000000004
1244 -0.000000000000004
1245 -0.000000000000004
1246 -0.000000000000004
1247 -0.000000000000004
1248 -0.000000000000004
1249 -0.000000000000004
1250 -0.000000000000004
1251 -0.000000000000004
1252 -0.000000000000004
1253 -0.000000000000004
1254 -0.000000000000004
1255 -0.000000000000004
1256 -0.000000000000004
1257 -0.000000000000004
1258 -0.000000000000004
1259 -0.000000000000004
1260 -0.000000000000004
1261 -0.000000000000004
1262 -0.000000000000004
1263 -0.000000000000004
1264 -0.000000000000004
1265 -0.000000000000004
1266 -0.000000000000004
1267 -0.000000000000004
1268 -0.000000000000003
1269 -0.000000000000003
1270 -0.000000000000003
1271 -0.000000000000003
1272 -0.000000000000003
1273 -0.000000000000003
1274 -0.000000000000003
1275 -0.000000000000003
1276 -0.000000000000003
1277 -0.000000000000003
1278 -0.000000000000003
1279 -0.000000000000003
1280 -0.000000000000003
1281 -0.000000000000003
1282 -0.000000000000003
1283 -0.000000000000003
1284 -0.000000000000003
1285 -0.000000000000003
1286 -0.000000000000003
1287 -0.000000000000003
1288 -0.000000000000003
1289 -0.000000000000003
1290 -0.000000000000003
1291 -0.000000000000003
1292 -0.000000000000003
1293 -0.000000000000003
1294 -0.000000000000003
1295 -0.000000000000003
1296 -0.000000000000003
1297 -0.000000000000003
1298 -0.000000000000003
1299 -0.000000000000003
1300 -0.000000000000003
1301 -0.000000000000003
1302 -0.000000000000003
1303 -0.000000000000003
1304 -0.000000000000003
1305 -0.000000000000003
1306 -0.000000000000003
1307 -0.000000000000003
1308 -0.000000000000003
1309 -0.000000000000003
1310 -0.000000000000003
1311 -0.000000000000003
1312 -0.000000000000003
1313 -0.000000000000003
1314 -0.000000000000003
1315 -0.000000000000003
1316 -0.000000000000003
1317 -0.000000000000003
1318 -0.000000000000003
1319 -0.000000000000003
1320 -0.000000000000003
1321 -0.000000000000003
1322 -0.000000000000003
1323 -0.000000000000003
1324 -0.000000000000003
1325 -0.000000000000003
1326 -0.000000000000003
1327 -0.000000000000003
1328 -0.000000000000003
1329 -0.000000000000003
1330 -0.000000000000003
1331 -0.000000000000003
1332 -0.000000000000003
1333 -0.000000000000003
1334 -0.000000000000003
1335 -0.000000000000003
1336 -0.000000000000003
1337 -0.000000000000003
1338 -0.000000000000003
1339 -0.000000000000002
1340 -0.000000000000002
1341 -0.000000000000002
1342 -0.000000000000002
1343 -0.000000000000002
1344 -0.000000000000002
1345 -0.000000000000002
1346 -0.000000000000002
1347 -0.000000000000002
1348 -0.000000000000002
1349 -0.000000000000002
1350 -0.000000000000002
1351 -0.000000000000002
1352 -0.000000000000002
1353 -0.000000000000002
1354 -0.000000000000002
1355 -0.000000000000002
1356 -0.000000000000002
1357 -0.000000000000002
1358 -0.000000000000002
1359 -0.000000000000002
1360 -0.000000000000002
1361 -0.000000000000002
1362 -0.000000000000002
1363 -0.000000000000002
1364 -0.000000000000002
1365 -0.000000000000002
1366 -0.000000000000002
1367 -0.000000000000002
1368 -0.000000000000002
1369 -0.000000000000002
1370 -0.000000000000002
1371 -0.000000000000002
1372 -0.000000000000002
1373 -0.000000000000002
1374 -0.000000000000002
1375 -0.000000000000002
1376 -0.000000000000002
1377 -0.000000000000002
1378 -0.000000000000002
1379 -0.000000000000002
1380 -0.000000000000002
1381 -0.000000000000002
1382 -0.000000000000002
1383 -0.000000000000002
1384 -0.000000000000002
1385 -0.000000000000002
1386 -0.000000000000002
1387 -0.000000000000002
1388 -0.000000000000002
1389 -0.000000000000002
1390 -0.000000000000002
1391 -0.000000000000002
1392 -0.000000000000002
1393 -0.000000000000002
1394 -0.000000000000002
1395 -0.000000000000002
1396 -0.000000000000002
1397 -0.000000000000002
1398 -0.000000000000002
1399 -0.000000000000002
1400 -0.000000000000002
1401 -0.000000000000002
1402 -0.000000000000002
1403 -0.000000000000002
1404 -0.000000000000002
1405 -0.000000000000002
1406 -0.000000000000002
1407 -0.000000000000002
1408 -0.000000000000002
1409 -0.000000000000002
1410 -0.000000000000002
1411 -0.000000000000002
1412 -0.000000000000002
1413 -0.000000000000002
1414 -0.000000000000002
1415 -0.000000000000002
1416 -0.000000000000002
1417 -0.000000000000002
1418 -0.000000000000002
1419 -0.000000000000002
1420 -0.000000000000002
1421 -0.000000000000002
1422 -0.000000000000002
1423 -0.000000000000002
1424 -0.000000000000002
1425 -0.000000000000002
1426 -0.000000000000002
1427 -0.000000000000002
1428 -0.000000000000002
1429 -0.000000000000002
1430 -0.000000000000002
1431 -0.000000000000001
1432 -0.000000000000001
1433 -0.000000000000001
1434 -0.000000000000001
1435 -0.000000000000001
1436 -0.000000000000001
1437 -0.000000000000001
1438 -0.000000000000001
1439 -0.000000000000001
1440 -0.000000000000001
1441 -0.000000000000001
1442 -0.000000000000001
1443 -0.000000000000001
1444 -0.000000000000001
1445 -0.000000000000001
1446 -0.000000000000001
1447 -0.000000000000001
1448 -0.000000000000001
1449 -0.000000000000001
1450 -0.000000000000001
1451 -0.000000000000001
1452 -0.000000000000001
1453 -0.000000000000001
1454 -0.000000000000001
1455 -0.000000000000001
1456 -0.000000000000001
1457 -0.000000000000001
1458 -0.000000000000001
1459 -0.000000000000001
1460 -0.000000000000001
1461 -0.000000000000001
1462 -0.000000000000001
1463 -0.000000000000001
1464 -0.000000000000001
1465 -0.000000000000001
1466 -0.000000000000001
1467 -0.000000000000001
1468 -0.000000000000001
1469 -0.000000000000001
1470 -0.000000000000001
1471 -0.000000000000001
1472 -0.000000000000001
1473 -0.000000000000001
1474 -0.000000000000001
1475 -0.000000000000001
1476 -0.000000000000001
1477 -0.000000000000001
1478 -0.000000000000001
1479 -0.000000000000001
1480 -0.000000000000001
1481 -0.000000000000001
1482 -0.000000000000001
1483 -0.000000000000001
1484 -0.000000000000001
1485 -0.000000000000001
1486 -0.000000000000001
1487 -0.000000000000001
1488 -0.000000000000001
1489 -0.000000000000001
1490 -0.000000000000001
1491 -0.000000000000001
1492 -0.000000000000001
1493 -0.000000000000001
1494 -0.000000000000001
1495 -0.000000000000001
1496 -0.000000000000001
1497 -0.000000000000001
1498 -0.000000000000001
1499 -0.000000000000001
1500 -0.000000000000001
1501 -0.000000000000001
1502 -0.000000000000001
1503 -0.000000000000001
1504 -0.000000000000001
1505 -0.000000000000001
1506 -0.000000000000001
1507 -0.000000000000001
1508 -0.000000000000001
1509 -0.000000000000001
1510 -0.000000000000001
1511 -0.000000000000001
1512 -0.000000000000001
1513 -0.000000000000001
1514 -0.000000000000001
1515 -0.000000000000001
1516 -0.000000000000001
1517 -0.000000000000001
1518 -0.000000000000001
1519 -0.000000000000001
1520 -0.000000000000001
1521 -0.000000000000001
1522 -0.000000000000001
1523 -0.000000000000001
1524 -0.000000000000001
1525 -0.000000000000001
1526 -0.000000000000001
1527 -0.000000000000001
1528 -0.000000000000001
1529 -0.000000000000001
1530 -0.000000000000001
1531 -0.000000000000001
1532 -0.000000000000001
1533 -0.000000000000001
1534 -0.000000000000001
1535 -0.000000000000001
1536 -0.000000000000001
1537 -0.000000000000001
1538 -0.000000000000001
1539 -0.000000000000001
1540 -0.000000000000001
1541 -0.000000000000001
1542 -0.000000000000001
1543 -0.000000000000001
1544 -0.000000000000001
1545 -0.000000000000001
1546 -0.000000000000001
1547 -0.000000000000000
1548 -0.000000000000000
1549 -0.000000000000000
1550 -0.000000000000000
1551 -0.000000000000000
1552 -0.000000000000000
1553 -0.000000000000000
1554 -0.000000000000000
1555 -0.000000000000000
1556 -0.000000000000000
1557 -0.000000000000000
1558 -0.000000000000000
1559 -0.000000000000000
1560 -0.000000000000000
1561 -0.000000000000000
1562 -0.000000000000000
1563 -0.000000000000000
1564 -0.000000000000000
1565 -0.000000000000000
1566 -0.000000000000000
1567 -0.000000000000000
1568 -0.000000000000000
1569 -0.000000000000000
1570 -0.000000000000000
1571 -0.000000000000000
1572 -0.000000000000000
1573 -0.000000000000000
1574 -0.000000000000000
1575 -0.000000000000000
1576 -0.000000000000000
1577 -0.000000000000000
1578 -0.000000000000000
1579 -0.000000000000000
1580 -0.000000000000000
1581 -0.000000000000000
1582 -0.000000000000000
1583 -0.000000000000000
1584 -0.000000000000000
1585 -0.000000000000000
1586 -0.000000000000000
1587 -0.000000000000000
1588 -0.000000000000000
1589 -0.000000000000000
1590 -0.000000000000000
1591 -0.000000000000000
1592 -0.000000000000000
1593 -0.000000000000000
1594 -0.000000000000000
1595 -0.000000000000000
1596 -0.000000000000000
1597 -0.000000000000000
1598 -0.000000000000000
1599 -0.000000000000000
1600 -0.000000000000000
1601 -0.000000000000000
1602 -0.000000000000000
1603 -0.000000000000000
1604 -0.000000000000000
1605 -0.000000000000000
1606 -0.000000000000000
1607 0.000000000000000
1608 0.000000000000000
1609 0.000000000000000
1610 0.000000000000000
1611 0.000000000000000
1612 0.000000000000000
1613 0.000000000000000
1614 0.000000000000000
1615 0.000000000000000
1616 0.000000000000000
1617 0.000000000000000
1618 0.000000000000000
1619 0.000000000000000
1620 0.000000000000000
1621 0.000000000000000
1622 0.000000000000000
1623 0.000000000000000
1624 0.000000000000000
1625 0.000000000000000
1626 0.000000000000000
1627 0.000000000000000
1628 0.000000000000000
1629 0.000000000000000
1630 0.000000000000000
1631 0.000000000000000
1632 0.000000000000000
1633 0.000000000000000
1634 0.000000000000000
1635 0.000000000000000
1636 0.000000000000000
1637 0.000000000000000
1638 0.000000000000000
1639 0.000000000000000
1640 0.000000000000000
1641 0.000000000000000
1642 0.000000000000000
1643 0.000000000000000
1644 0.000000000000000
1645 0.000000000000000
1646 0.000000000000000
1647 0.000000000000000
1648 0.000000000000000
1649 0.000000000000000
1650 0.000000000000000
1651 0.000000000000000
1652 0.000000000000000
1653 0.000000000000000
1654 0.000000000000000
1655 0.000000000000000
1656 0.000000000000000
1657 0.000000000000000
1658 0.000000000000000
1659 0.000000000000000
1660 0.000000000000000
1661 0.000000000000000
1662 0.000000000000001
1663 0.000000000000001
1664 0.000000000000001
1665 0.000000000000001
1666 0.000000000000001
1667 0.000000000000001
1668 0.000000000000001
1669 0.000000000000001
1670 0.000000000000001
1671 0.000000000000001
1672 0.000000000000001
1673 0.000000000000001
1674 0.000000000000001
1675 0.000000000000001
1676 0.000000000000001
1677 0.000000000000001
1678 0.000000000000001
1679 0.000000000000001
1680 0.000000000000001
1681 0.000000000000001
1682 0.000000000000001
1683 0.000000000000001
1684 0.000000000000001
1685 0.000000000000001
1686 0.000000000000001
1687 0.000000000000001
1688 0.000000000000001
1689 0.000000000000001
1690 0.000000000000001
1691 0.000000000000001
1692 0.000000000000001
1693 0.000000000000001
1694 0.000000000000001
1695 0.000000000000001
1696 0.000000000000001
1697 0.000000000000001
1698 0.000000000000001
1699 0.000000000000001
1700 0.000000000000001
1701 0.000000000000001
1702 0.000000000000001
1703 0.000000000000001
1704 0.000000000000001
1705 0.000000000000001
1706 0.000000000000001
1707 0.000000000000001
1708 0.000000000000001
1709 0.000000000000001
1710 0.000000000000001
1711 0.000000000000001
1712 0.000000000000001
1713 0.000000000000001
1714 0.000000000000001
1715 0.000000000000001
1716 0.000000000000001
1717 0.000000000000001
1718 0.000000000000001
1719 0.000000000000001
1720 0.000000000000001
1721 0.000000000000001
1722 0.000000000000001
1723 0.000000000000001
1724 0.000000000000001
1725 0.000000000000001
1726 0.000000000000001
1727 0.000000000000001
1728 0.000000000000001
1729 0.000000000000001
1730 0.000000000000001
1731 0.000000000000001
1732 0.000000000000001
1733 0.000000000000001
1734 0.000000000000001
1735 0.000000000000001
1736 0.000000000000001
1737 0.000000000000001
1738 0.000000000000001
1739 0.000000000000001
1740 0.000000000000001
1741 0.000000000000001
1742 0.000000000000001
1743 0.000000000000001
1744 0.000000000000001
1745 0.000000000000001
1746 0.000000000000001
1747 0.000000000000001
1748 0.000000000000001
1749 0.000000000000001
1750 0.000000000000001
1751 0.000000000000001
1752 0.000000000000001
1753 0.000000000000001
1754 0.000000000000002
1755 0.000000000000002
1756 0.000000000000002
1757 0.000000000000002
1758 0.000000000000002
1759 0.000000000000002
1760 0.000000000000002
1761 0.000000000000002
1762 0.000000000000002
1763 0.000000000000002
1764 0.000000000000002
1765 0.000000000000002
1766 0.000000000000002
1767 0.000000000000002
1768 0.000000000000002
1769 0.000000000000002
1770 0.000000000000002
1771 0.000000000000002
1772 0.000000000000002
1773 0.000000000000002
1774 0.000000000000002
1775 0.000000000000002
1776 0.000000000000002
1777 0.000000000000002
1778 0.000000000000002
1779 0.000000000000002
1780 0.000000000000002
1781 0.000000000000002
1782 0.000000000000002
1783 0.000000000000002
1784 0.000000000000002
1785 0.000000000000002
1786 0.000000000000002
1787 0.000000000000002
1788 0.000000000000002
1789 0.000000000000002
1790 0.000000000000002
1791 0.000000000000002
1792 0.000000000000002
1793 0.000000000000002
1794 0.000000000000002
1795 0.000000000000002
1796 0.000000000000002
1797 0.000000000000002
1798 0.000000000000002
1799 0.000000000000002
1800 0.000000000000002
1801 0.000000000000002
1802 0.000000000000002
1803 0.000000000000002
1804 0.000000000000002
1805 0.000000000000002
1806 0.000000000000002
1807 0.000000000000002
1808 0.000000000000002
1809 0.000000000000002
1810 0.000000000000002
1811 0.000000000000002
1812 0.000000000000002
1813 0.000000000000002
1814 0.000000000000002
1815 0.000000000000002
1816 0.000000000000002
1817 0.000000000000002
1818 0.000000000000002
1819 0.000000000000002
1820 0.000000000000002
1821 0.000000000000002
1822 0.000000000000002
1823 0.000000000000002
1824 0.000000000000002
1825 0.000000000000002
1826 0.000000000000002
1827 0.000000000000002
1828 0.000000000000002
1829 0.000000000000002
1830 0.000000000000002
1831 0.000000000000002
1832 0.000000000000002
1833 0.000000000000002
1834 0.000000000000002
1835 0.000000000000002
1836 0.000000000000002
1837 0.000000000000002
1838 0.000000000000002
1839 0.000000000000002
1840 0.000000000000002
1841 0.000000000000002
1842 0.000000000000002
1843 0.000000000000002
1844 0.000000000000002
1845 0.000000000000002
1846 0.000000000000002
1847 0.000000000000002
1848 0.000000000000002
1849 0.000000000000002
1850 0.000000000000002
1851 0.000000000000002
1852 0.000000000000003
1853 0.000000000000003
1854 0.000000000000003
1855 0.000000000000003
1856 0.000000000000003
1857 0.000000000000003
1858 0.000000000000003
1859 0.000000000000003
1860 0.000000000000003
1861 0.000000000000003
1862 0.000000000000003
1863 0.000000000000003
1864 0.000000000000003
1865 0.000000000000003
1866 0.000000000000003
1867 0.000000000000003
1868 0.000000000000003
1869 0.000000000000003
1870 0.000000000000003
1871 0.000000000000003
1872 0.000000000000003
1873 0.000000000000003
1874 0.000000000000003
1875 0.000000000000003
1876 0.000000000000003
1877 0.000000000000003
1878 0.000000000000003
1879 0.000000000000003
1880 0.000000000000003
1881 0.000000000000003
1882 0.000000000000003
1883 0.000000000000003
1884 0.000000000000003
1885 0.000000000000003
1886 0.000000000000003
1887 0.000000000000003
1888 0.000000000000003
1889 0.000000000000003
1890 0.000000000000003
1891 0.000000000000003
1892 0.000000000000003
1893 0.000000000000003
1894 0.000000000000003
1895 0.000000000000003
1896 0.000000000000003
1897 0.000000000000003
1898 0.000000000000003
1899 0.000000000000003
1900 0.000000000000003
1901 0.000000000000003
1902 0.000000000000004
1903 0.000000000000004
1904 0.000000000000004
1905 0.000000000000004
1906 0.000000000000004
1907 0.000000000000004
1908 0.000000000000004
1909 0.000000000000004
1910 0.000000000000004
1911 0.000000000000004
1912 0.000000000000004
1913 0.000000000000004
1914 0.000000000000004
1915 0.000000000000004
1916 0.000000000000004
1917 0.000000000000004
1918 0.000000000000004
1919 0.000000000000004
1920 0.000000000000004
1921 0.000000000000004
1922 0.000000000000004
1923 0.000000000000004
1924 0.000000000000004
1925 0.000000000000004
1926 0.000000000000004
1927 0.000000000000004
1928 0.000000000000004
1929 0.000000000000004
1930 0.000000000000004
1931 0.000000000000004
1932 0.000000000000004
1933 0.000000000000004
1934 0.000000000000004
1935 0.000000000000005
1936 0.000000000000005
1937 0.000000000000005
1938 0.000000000000005
1939 0.000000000000005
1940 0.000000000000005
1941 0.000000000000005
1942 0.000000000000005
1943 0.000000000000005
1944 0.000000000000005
1945 0.000000000000005
1946 0.000000000000005
1947 0.000000000000005
1948 0.000000000000005
1949 0.000000000000005
1950 0.000000000000005
1951 0.000000000000005
1952 0.000000000000005
1953 0.000000000000005
1954 0.000000000000005
1955 0.000000000000005
1956 0.000000000000006
1957 0.000000000000006
1958 0.000000000000006
1959 0.000000000000006
1960 0.000000000000006
1961 0.000000000000006
1962 0.000000000000006
1963 0.000000000000006
1964 0.000000000000006
1965 0.000000000000006
1966 0.000000000000006
1967 0.000000000000006
1968 0.000000000000006
1969 0.000000000000007
1970 0.000000000000007
1971 0.000000000000007
1972 0.000000000000007
1973 0.000000000000007
1974 0.000000000000007
1975 0.000000000000007
1976 0.000000000000007
1977 0.000000000000007
1978 0.000000000000008
1979 0.000000000000008
1980 0.000000000000008
1981 0.000000000000008
1982 0.000000000000008
1983 0.000000000000008
1984 0.000000000000008
1985 0.000000000000008
1986 0.000000000000008
1987 0.000000000000008
1988 0.000000000000008
1989 0.000000000000008
1990 0.000000000000009
1991 0.000000000000009
1992 0.000000000000009
1993 0.000000000000009
1994 0.000000000000009
1995 0.000000000000009
1996 0.000000000000009
1997 0.000000000000010
1998 0.000000000000010
1999 0.000000000000010
2000 0.000000000000010
2001 0.000000000000010
2002 0.000000000000010
2003 0.000000000000010
2004 0.000000000000011
2005 0.000000000000011
2006 0.000000000000011
2007 0.000000000000011
2008 0.000000000000011
2009 0.000000000000011
2010 0.000000000000011
2011 0.000000000000011
2012 0.000000000000012
2013 0.000000000000012
2014 0.000000000000012
2015 0.000000000000012
2016 0.000000000000012
2017 0.000000000000012
2018 0.000000000000012
2019 0.000000000000012
2020 0.000000000000013
2021 0.000000000000013
2022 0.000000000000014
2023 0.000000000000014
2024 0.000000000000014
2025 0.000000000000014
2026 0.000000000000015
2027 0.000000000000015
2028 0.000000000000015
2029 0.000000000000015
2030 0.000000000000016
2031 0.000000000000016
2032 0.000000000000016
2033 0.000000000000016
2034 0.000000000000017
2035 0.000000000000017
2036 0.000000000000017
2037 0.000000000000018
2038 0.000000000000021
2039 0.000000000000024
2040 0.000000000000026
2041 0.000000000000027
2042 0.000000000000029
2043 0.000000000000030
2044 0.000000000000030
2045 0.000000000000037
2046 0.000000000000044
2047 0.000000000000057
2048 0.402527148826024
2049 0.402527148826031
2050 0.491151215875886
2051 0.491151215875891
2052 0.491151215875892
2053 0.491151215875893
2054 0.491151215875894
2055 0.491151215875902
2056 0.629384245425881
2057 0.629384245425883
2058 0.629384245425890
2059 0.629384245425891
2060 0.629384245425892
2061 0.629384245425893
2062 0.629384245425893
2063 0.629384245425894
2064 0.629384245425894
2065 0.629384245425895
2066 0.629384245425895
2067 0.629384245425895
2068 0.629384245425896
2069 0.629384245425896
2070 0.629384245425896
2071 0.629384245425897
2072 0.629384245425897
2073 0.629384245425897
2074 0.629384245425898
2075 0.629384245425900
2076 0.629384245425901
2077 0.629384245425901
2078 0.629384245425903
2079 0.629384245425906
2080 0.773518674668902
2081 0.874032048897622
2082 0.874032048897625
2083 0.874032048897627
2084 0.874032048897627
2085 0.874032048897628
2086 0.874032048897628
2087 0.874032048897630
2088 0.874032048897630
2089 0.874032048897631
2090 0.874032048897631
2091 0.874032048897632
2092 0.874032048897633
2093 0.874032048897634
2094 0.874032048897634
2095 0.874032048897634
2096 0.874032048897634
2097 0.874032048897634
2098 0.874032048897635
2099 0.874032048897636
2100 0.874032048897636
2101 0.874032048897636
2102 0.874032048897637
2103 0.874032048897637
2104 0.874032048897637
2105 0.874032048897637
2106 0.874032048897638
2107 0.874032048897638
2108 0.874032048897638
2109 0.874032048897638
2110 0.874032048897638
2111 0.874032048897638
2112 0.874032048897638
2113 0.874032048897638
2114 0.874032048897638
2115 0.874032048897639
2116 0.874032048897639
2117 0.874032048897640
2118 0.874032048897640
2119 0.874032048897640
2120 0.874032048897640
2121 0.874032048897640
2122 0.874032048897640
2123 0.874032048897641
2124 0.874032048897641
2125 0.874032048897641
2126 0.874032048897641
2127 0.874032048897642
2128 0.874032048897642
2129 0.874032048897643
2130 0.874032048897643
2131 0.874032048897643
2132 0.874032048897643
2133 0.874032048897643
2134 0.874032048897643
2135 0.874032048897644
2136 0.874032048897644
2137 0.874032048897644
2138 0.874032048897644
2139 0.874032048897644
2140 0.874032048897645
2141 0.874032048897645
2142 0.874032048897645
2143 0.874032048897646
2144 0.874032048897646
2145 0.874032048897646
2146 0.874032048897646
2147 0.874032048897646
2148 0.874032048897646
2149 0.874032048897647
2150 0.874032048897647
2151 0.874032048897647
2152 0.874032048897647
2153 0.874032048897647
2154 0.874032048897648
2155 0.874032048897648
2156 0.874032048897648
2157 0.874032048897648
2158 0.874032048897649
2159 0.874032048897649
2160 0.874032048897650
2161 0.874032048897650
2162 0.874032048897651
2163 0.874032048897651
2164 0.874032048897651
2165 0.874032048897652
2166 0.874032048897652
2167 0.874032048897652
2168 0.874032048897652
2169 0.874032048897652
2170 0.874032048897654
2171 0.874032048897655
2172 0.874032048897655
2173 0.874032048897656
2174 0.874032048897657
2175 0.874032048897657
2176 0.874032048897658
2177 0.874032048897659
2178 0.874032048897663
2179 0.874032048897665
2180 1.082392200292385
2181 1.082392200292386
2182 1.082392200292389
2183 1.082392200292391
2184 1.082392200292392
2185 1.082392200292393
2186 1.082392200292395
2187 1.082392200292397
2188 1.082392200292397
2189 1.082392200292398
2190 1.082392200292400
2191 1.082392200292402
2192 1.174971090801330
2193 1.174971090801332
2194 1.414213562373069
2195 1.414213562373070
2196 1.414213562373072
2197 1.414213562373073
2198 1.414213562373073
2199 1.414213562373073
2200 1.414213562373074
2201 1.414213562373074
2202 1.414213562373076
2203 1.414213562373076
2204 1.414213562373076
2205 1.414213562373077
2206 1.414213562373077
2207 1.414213562373078
2208 1.414213562373079
2209 1.414213562373079
2210 1.414213562373080
2211 1.414213562373080
2212 1.414213562373080
2213 1.414213562373080
2214 1.414213562373080
2215 1.414213562373080
2216 1.414213562373080
2217 1.414213562373081
2218 1.414213562373082
2219 1.414213562373082
2220 1.414213562373082
2221 1.414213562373082
2222 1.414213562373083
2223 1.414213562373083
2224 1.414213562373083
2225 1.414213562373084
2226 1.414213562373084
2227 1.414213562373084
2228 1.414213562373084
2229 1.414213562373084
2230 1.414213562373084
2231 1.414213562373084
2232 1.414213562373084
2233 1.414213562373084
2234 1.414213562373084
2235 1.414213562373085
2236 1.414213562373085
2237 1.414213562373085
2238 1.414213562373085
2239 1.414213562373085
2240 1.414213562373085
2241 1.414213562373085
2242 1.414213562373085
2243 1.414213562373085
2244 1.414213562373085
2245 1.414213562373085
2246 1.414213562373085
2247 1.414213562373085
2248 1.414213562373086
2249 1.414213562373086
2250 1.414213562373086
2251 1.414213562373086
2252 1.414213562373086
2253 1.414213562373086
2254 1.414213562373087
2255 1.414213562373087
2256 1.414213562373087
2257 1.414213562373087
2258 1.414213562373088
2259 1.414213562373088
2260 1.414213562373088
2261 1.414213562373088
2262 1.414213562373088
2263 1.414213562373088
2264 1.414213562373088
2265 1.414213562373088
2266 1.414213562373088
2267 1.414213562373088
2268 1.414213562373088
2269 1.414213562373088
2270 1.414213562373088
2271 1.414213562373089
2272 1.414213562373089
2273 1.414213562373089
2274 1.414213562373089
2275 1.414213562373089
2276 1.414213562373089
2277 1.414213562373089
2278 1.414213562373089
2279 1.414213562373089
2280 1.414213562373090
2281 1.414213562373090
2282 1.414213562373090
2283 1.414213562373090
2284 1.414213562373090
2285 1.414213562373090
2286 1.414213562373090
2287 1.414213562373090
2288 1.414213562373090
2289 1.414213562373090
2290 1.414213562373090
2291 1.414213562373090
2292 1.414213562373090
2293 1.414213562373090
2294 1.414213562373090
2295 1.414213562373090
2296 1.414213562373090
2297 1.414213562373090
2298 1.414213562373090
2299 1.414213562373091
2300 1.414213562373091
2301 1.414213562373091
2302 1.414213562373091
2303 1.414213562373091
2304 1.414213562373091
2305 1.414213562373091
2306 1.414213562373091
2307 1.414213562373091
2308 1.414213562373092
2309 1.414213562373092
2310 1.414213562373092
2311 1.414213562373092
2312 1.414213562373092
2313 1.414213562373092
2314 1.414213562373092
2315 1.414213562373092
2316 1.414213562373092
2317 1.414213562373092
2318 1.414213562373092
2319 1.414213562373092
2320 1.414213562373092
2321 1.414213562373092
2322 1.414213562373093
2323 1.414213562373093
2324 1.414213562373093
2325 1.414213562373093
2326 1.414213562373093
2327 1.414213562373093
2328 1.414213562373093
2329 1.414213562373093
2330 1.414213562373093
2331 1.414213562373093
2332 1.414213562373093
2333 1.414213562373093
2334 1.414213562373093
2335 1.414213562373093
2336 1.414213562373093
2337 1.414213562373093
2338 1.414213562373093
2339 1.414213562373093
2340 1.414213562373093
2341 1.414213562373094
2342 1.414213562373094
2343 1.414213562373094
2344 1.414213562373094
2345 1.414213562373094
2346 1.414213562373094
2347 1.414213562373094
2348 1.414213562373094
2349 1.414213562373094
2350 1.414213562373094
2351 1.414213562373094
2352 1.414213562373094
2353 1.414213562373094
2354 1.414213562373094
2355 1.414213562373094
2356 1.414213562373094
2357 1.414213562373094
2358 1.414213562373094
2359 1.414213562373094
2360 1.414213562373094
2361 1.414213562373094
2362 1.414213562373094
2363 1.414213562373094
2364 1.414213562373095
2365 1.414213562373095
2366 1.414213562373095
2367 1.414213562373095
2368 1.414213562373095
2369 1.414213562373095
2370 1.414213562373095
2371 1.414213562373095
2372 1.414213562373095
2373 1.414213562373095
2374 1.414213562373095
2375 1.414213562373095
2376 1.414213562373095
2377 1.414213562373095
2378 1.414213562373096
2379 1.414213562373096
2380 1.414213562373096
2381 1.414213562373096
2382 1.414213562373096
2383 1.414213562373096
2384 1.414213562373096
2385 1.414213562373096
2386 1.414213562373096
2387 1.414213562373096
2388 1.414213562373096
2389 1.414213562373096
2390 1.414213562373096
2391 1.414213562373096
2392 1.414213562373096
2393 1.414213562373097
2394 1.414213562373097
2395 1.414213562373097
2396 1.414213562373097
2397 1.414213562373097
2398 1.414213562373097
2399 1.414213562373097
2400 1.414213562373097
2401 1.414213562373097
2402 1.414213562373097
2403 1.414213562373097
2404 1.414213562373097
2405 1.414213562373097
2406 1.414213562373097
2407 1.414213562373097
2408 1.414213562373097
2409 1.414213562373098
2410 1.414213562373098
2411 1.414213562373098
2412 1.414213562373098
2413 1.414213562373098
2414 1.414213562373098
2415 1.414213562373098
2416 1.414213562373098
2417 1.414213562373098
2418 1.414213562373098
2419 1.414213562373098
2420 1.414213562373098
2421 1.414213562373098
2422 1.414213562373098
2423 1.414213562373098
2424 1.414213562373098
2425 1.414213562373098
2426 1.414213562373099
2427 1.414213562373099
2428 1.414213562373099
2429 1.414213562373099
2430 1.414213562373099
2431 1.414213562373099
2432 1.414213562373099
2433 1.414213562373099
2434 1.414213562373099
2435 1.414213562373099
2436 1.414213562373099
2437 1.414213562373099
2438 1.414213562373099
2439 1.414213562373099
2440 1.414213562373099
2441 1.414213562373099
2442 1.414213562373099
2443 1.414213562373100
2444 1.414213562373100
2445 1.414213562373100
2446 1.414213562373100
2447 1.414213562373100
2448 1.414213562373100
2449 1.414213562373100
2450 1.414213562373100
2451 1.414213562373100
2452 1.414213562373100
2453 1.414213562373100
2454 1.414213562373100
2455 1.414213562373101
2456 1.414213562373101
2457 1.414213562373101
2458 1.414213562373101
2459 1.414213562373101
2460 1.414213562373101
2461 1.414213562373101
2462 1.414213562373101
2463 1.414213562373101
2464 1.414213562373101
2465 1.414213562373101
2466 1.414213562373101
2467 1.414213562373102
2468 1.414213562373102
2469 1.414213562373102
2470 1.414213562373102
2471 1.414213562373102
2472 1.414213562373102
2473 1.414213562373102
2474 1.414213562373102
2475 1.414213562373102
2476 1.414213562373102
2477 1.414213562373102
2478 1.414213562373102
2479 1.414213562373102
2480 1.414213562373102
2481 1.414213562373102
2482 1.414213562373102
2483 1.414213562373102
2484 1.414213562373102
2485 1.414213562373102
2486 1.414213562373103
2487 1.414213562373103
2488 1.414213562373103
2489 1.414213562373103
2490 1.414213562373103
2491 1.414213562373103
2492 1.414213562373103
2493 1.414213562373103
2494 1.414213562373103
2495 1.414213562373103
2496 1.414213562373103
2497 1.414213562373103
2498 1.414213562373103
2499 1.414213562373103
2500 1.414213562373103
2501 1.414213562373104
2502 1.414213562373104
2503 1.414213562373104
2504 1.414213562373104
2505 1.414213562373104
2506 1.414213562373104
2507 1.414213562373104
2508 1.414213562373104
2509 1.414213562373104
2510 1.414213562373104
2511 1.414213562373104
2512 1.414213562373104
2513 1.414213562373104
2514 1.414213562373104
2515 1.414213562373104
2516 1.414213562373104
2517 1.414213562373104
2518 1.414213562373104
2519 1.414213562373104
2520 1.414213562373104
2521 1.414213562373104
2522 1.414213562373105
2523 1.414213562373105
2524 1.414213562373105
2525 1.414213562373105
2526 1.414213562373105
2527 1.414213562373105
2528 1.414213562373105
2529 1.414213562373105
2530 1.414213562373105
2531 1.414213562373105
2532 1.414213562373105
2533 1.414213562373106
2534 1.414213562373106
2535 1.414213562373106
2536 1.414213562373106
2537 1.414213562373106
2538 1.414213562373106
2539 1.414213562373106
2540 1.414213562373106
2541 1.414213562373106
2542 1.414213562373106
2543 1.414213562373106
2544 1.414213562373106
2545 1.414213562373106
2546 1.414213562373107
2547 1.414213562373107
2548 1.414213562373107
2549 1.414213562373107
2550 1.414213562373107
2551 1.414213562373107
2552 1.414213562373107
2553 1.414213562373107
2554 1.414213562373107
2555 1.414213562373107
2556 1.414213562373108
2557 1.414213562373108
2558 1.414213562373108
2559 1.414213562373108
2560 1.414213562373108
2561 1.414213562373108
2562 1.414213562373109
2563 1.414213562373109
2564 1.414213562373109
2565 1.414213562373109
2566 1.414213562373109
2567 1.414213562373109
2568 1.414213562373109
2569 1.414213562373109
2570 1.414213562373109
2571 1.414213562373109
2572 1.414213562373109
2573 1.414213562373109
2574 1.414213562373109
2575 1.414213562373110
2576 1.414213562373110
2577 1.414213562373110
2578 1.414213562373110
2579 1.414213562373110
2580 1.414213562373110
2581 1.414213562373110
2582 1.414213562373110
2583 1.414213562373110
2584 1.414213562373111
2585 1.414213562373111
2586 1.414213562373111
2587 1.414213562373111
2588 1.414213562373111
2589 1.414213562373111
2590 1.414213562373112
2591 1.414213562373112
2592 1.414213562373112
2593 1.414213562373112
2594 1.414213562373112
2595 1.414213562373112
2596 1.414213562373112
2597 1.414213562373112
2598 1.414213562373112
2599 1.414213562373113
2600 1.414213562373113
2601 1.414213562373113
2602 1.414213562373113
2603 1.414213562373113
2604 1.414213562373114
2605 1.414213562373114
2606 1.414213562373114
2607 1.414213562373114
2608 1.414213562373114
2609 1.414213562373114
2610 1.414213562373114
2611 1.414213562373115
2612 1.414213562373115
2613 1.414213562373115
2614 1.414213562373115
2615 1.414213562373115
2616 1.414213562373116
2617 1.414213562373117
2618 1.414213562373117
2619 1.414213562373117
2620 1.414213562373118
2621 1.414213562373118
2622 1.414213562373119
2623 1.414213562373119
2624 1.414213562373119
2625 1.414213562373120
2626 1.414213562373120
2627 1.414213562373120
2628 1.414213562373120
2629 1.414213562373124
2630 1.414213562373124
2631 1.414213562373124
2632 1.485035675935424
2633 1.662507751109810
2634 1.662507751109811
2635 1.662507751109815
2636 1.763495467579862
2637 1.763495467579863
2638 1.763495467579864
2639 1.763495467579864
2640 1.763495467579865
2641 1.763495467579865
2642 1.763495467579865
2643 1.763495467579868
2644 1.763495467579869
2645 1.763495467579870
2646 1.763495467579871
2647 1.763495467579871
2648 1.763495467579872
2649 1.763495467579872
2650 1.763495467579873
2651 1.763495467579873
2652 1.763495467579874
2653 1.763495467579875
2654 1.763495467579877
2655 1.763495467579877
2656 1.763495467579878
2657 1.763495467579881
2658 1.763495467579883
2659 1.763495467579884
2660 1.852225862822034
2661 1.852225862822045
2662 1.999999999999964
2663 1.999999999999964
2664 1.999999999999967
2665 1.999999999999971
2666 1.999999999999975
2667 1.999999999999975
2668 1.999999999999975
2669 1.999999999999977
2670 1.999999999999978
2671 1.999999999999978
2672 1.999999999999980
2673 1.999999999999980
2674 1.999999999999981
2675 1.999999999999981
2676 1.999999999999982
2677 1.999999999999982
2678 1.999999999999983
2679 1.999999999999983
2680 1.999999999999984
2681 1.999999999999984
2682 1.999999999999986
2683 1.999999999999987
2684 1.999999999999987
2685 1.999999999999987
2686 1.999999999999987
2687 1.999999999999987
2688 1.999999999999987
2689 1.999999999999987
2690 1.999999999999987
2691 1.999999999999987
2692 1.999999999999988
2693 1.999999999999989
2694 1.999999999999989
2695 1.999999999999989
2696 1.999999999999990
2697 1.999999999999990
2698 1.999999999999990
2699 1.999999999999991
2700 1.999999999999991
2701 1.999999999999991
2702 1.999999999999991
2703 1.999999999999991
2704 1.999999999999991
2705 1.999999999999991
2706 1.999999999999992
2707 1.999999999999993
2708 1.999999999999993
2709 1.999999999999993
2710 1.999999999999993
2711 1.999999999999993
2712 1.999999999999993
2713 1.999999999999993
2714 1.999999999999994
2715 1.999999999999994
2716 1.999999999999994
2717 1.999999999999994
2718 1.999999999999994
2719 1.999999999999994
2720 1.999999999999994
2721 1.999999999999994
2722 1.999999999999994
2723 1.999999999999995
2724 1.999999999999995
2725 1.999999999999995
2726 1.999999999999995
2727 1.999999999999995
2728 1.999999999999995
2729 1.999999999999995
2730 1.999999999999996
2731 1.999999999999996
2732 1.999999999999996
2733 1.999999999999996
2734 1.999999999999996
2735 1.999999999999997
2736 1.999999999999997
2737 1.999999999999997
2738 1.999999999999998
2739 1.999999999999998
2740 1.999999999999998
2741 1.999999999999998
2742 1.999999999999998
2743 1.999999999999998
2744 1.999999999999999
2745 1.999999999999999
2746 1.999999999999999
2747 1.999999999999999
2748 1.999999999999999
2749 1.999999999999999
2750 1.999999999999999
2751 1.999999999999999
2752 1.999999999999999
2753 1.999999999999999
2754 2.000000000000000
2755 2.000000000000000
2756 2.000000000000000
2757 2.000000000000000
2758 2.000000000000000
2759 2.000000000000001
2760 2.000000000000001
2761 2.000000000000001
2762 2.000000000000001
2763 2.000000000000001
2764 2.000000000000001
2765 2.000000000000001
2766 2.000000000000002
2767 2.000000000000002
2768 2.000000000000002
2769 2.000000000000002
2770 2.000000000000002
2771 2.000000000000002
2772 2.000000000000003
2773 2.000000000000003
2774 2.000000000000003
2775 2.000000000000003
2776 2.000000000000003
2777 2.000000000000003
2778 2.000000000000003
2779 2.000000000000003
2780 2.000000000000004
2781 2.000000000000004
2782 2.000000000000004
2783 2.000000000000004
2784 2.000000000000004
2785 2.000000000000004
2786 2.000000000000004
2787 2.000000000000004
2788 2.000000000000005
2789 2.000000000000005
2790 2.000000000000005
2791 2.000000000000005
2792 2.000000000000005
2793 2.000000000000005
2794 2.000000000000005
2795 2.000000000000006
2796 2.000000000000006
2797 2.000000000000006
2798 2.000000000000006
2799 2.000000000000006
2800 2.000000000000006
2801 2.000000000000006
2802 2.000000000000007
2803 2.000000000000007
2804 2.000000000000007
2805 2.000000000000007
2806 2.000000000000007
2807 2.000000000000007
2808 2.000000000000008
2809 2.000000000000008
2810 2.000000000000008
2811 2.000000000000008
2812 2.000000000000008
2813 2.000000000000008
2814 2.000000000000009
2815 2.000000000000009
2816 2.000000000000009
2817 2.000000000000010
2818 2.000000000000010
2819 2.000000000000010
2820 2.000000000000011
2821 2.000000000000011
2822 2.000000000000011
2823 2.000000000000012
2824 2.000000000000012
2825 2.000000000000012
2826 2.000000000000012
2827 2.000000000000012
2828 2.000000000000012
2829 2.000000000000012
2830 2.000000000000012
2831 2.000000000000013
2832 2.000000000000013
2833 2.000000000000013
2834 2.000000000000013
2835 2.000000000000014
2836 2.000000000000014
2837 2.000000000000014
2838 2.000000000000014
2839 2.000000000000015
2840 2.000000000000015
2841 2.000000000000015
2842 2.000000000000016
2843 2.000000000000016
2844 2.000000000000016
2845 2.000000000000017
2846 2.000000000000017
2847 2.000000000000017
2848 2.000000000000018
2849 2.000000000000018
2850 2.000000000000018
2851 2.000000000000019
2852 2.000000000000020
2853 2.000000000000020
2854 2.000000000000021
2855 2.000000000000023
2856 2.000000000000023
2857 2.000000000000024
2858 2.000000000000024
2859 2.000000000000024
2860 2.000000000000026
2861 2.000000000000027
2862 2.000000000000027
2863 2.000000000000028
2864 2.000000000000028
2865 2.000000000000033
2866 2.078188632919917
2867 2.166700881678788
2868 2.166700881678795
2869 2.166700881678799
2870 2.166700881678806
2871 2.166700881678809
2872 2.166700881678818
2873 2.288245611270718
2874 2.288245611270720
2875 2.288245611270720
2876 2.288245611270721
2877 2.288245611270721
2878 2.288245611270723
2879 2.288245611270724
2880 2.288245611270724
2881 2.288245611270725
2882 2.288245611270725
2883 2.288245611270725
2884 2.288245611270726
2885 2.288245611270726
2886 2.288245611270727
2887 2.288245611270727
2888 2.288245611270728
2889 2.288245611270728
2890 2.288245611270728
2891 2.288245611270729
2892 2.288245611270729
2893 2.288245611270729
2894 2.288245611270729
2895 2.288245611270730
2896 2.288245611270730
2897 2.288245611270731
2898 2.288245611270731
2899 2.288245611270731
2900 2.288245611270731
2901 2.288245611270732
2902 2.288245611270732
2903 2.288245611270732
2904 2.288245611270732
2905 2.288245611270732
2906 2.288245611270732
2907 2.288245611270733
2908 2.288245611270733
2909 2.288245611270733
2910 2.288245611270733
2911 2.288245611270733
2912 2.288245611270734
2913 2.288245611270734
2914 2.288245611270735
2915 2.288245611270735
2916 2.288245611270736
2917 2.288245611270736
2918 2.288245611270736
2919 2.288245611270736
2920 2.288245611270737
2921 2.288245611270737
2922 2.288245611270737
2923 2.288245611270737
2924 2.288245611270737
2925 2.288245611270737
2926 2.288245611270738
2927 2.288245611270738
2928 2.288245611270738
2929 2.288245611270738
2930 2.288245611270739
2931 2.288245611270739
2932 2.288245611270740
2933 2.288245611270740
2934 2.288245611270741
2935 2.288245611270741
2936 2.288245611270741
2937 2.288245611270741
2938 2.288245611270742
2939 2.288245611270742
2940 2.288245611270743
2941 2.288245611270744
2942 2.288245611270744
2943 2.288245611270745
2944 2.288245611270745
2945 2.288245611270745
2946 2.288245611270746
2947 2.288245611270746
2948 2.288245611270747
2949 2.288245611270747
2950 2.288245611270747
2951 2.288245611270747
2952 2.288245611270747
2953 2.288245611270748
2954 2.288245611270748
2955 2.288245611270749
2956 2.288245611270749
2957 2.288245611270749
2958 2.288245611270751
2959 2.288245611270751
2960 2.288245611270752
2961 2.288245611270753
2962 2.288245611270753
2963 2.288245611270753
2964 2.288245611270754
2965 2.288245611270754
2966 2.288245611270756
2967 2.288245611270757
2968 2.288245611270757
2969 2.288245611270760
2970 2.288245611270760
2971 2.288245611270768
2972 2.379424311048266
2973 2.379424311048281
2974 2.449489742783152
2975 2.449489742783156
2976 2.449489742783156
2977 2.449489742783163
2978 2.449489742783163
2979 2.449489742783164
2980 2.449489742783166
2981 2.449489742783166
2982 2.449489742783168
2983 2.449489742783168
2984 2.449489742783169
2985 2.449489742783170
2986 2.449489742783170
2987 2.449489742783170
2988 2.449489742783172
2989 2.449489742783173
2990 2.449489742783173
2991 2.449489742783173
2992 2.449489742783175
2993 2.449489742783176
2994 2.449489742783177
2995 2.449489742783178
2996 2.449489742783178
2997 2.449489742783179
2998 2.449489742783179
2999 2.449489742783181
3000 2.449489742783181
3001 2.449489742783181
3002 2.449489742783182
3003 2.449489742783184
3004 2.449489742783185
3005 2.449489742783185
3006 2.449489742783186
3007 2.449489742783186
3008 2.449489742783187
3009 2.449489742783188
3010 2.449489742783188
3011 2.449489742783190
3012 2.449489742783191
3013 2.449489742783191
3014 2.449489742783193
3015 2.449489742783193
3016 2.449489742783193
3017 2.449489742783198
3018 2.449489742783200
3019 2.449489742783201
3020 2.449489742783205
3021 2.449489742783209
3022 2.508595932161139
3023 2.548324784527052
3024 2.548324784527056
3025 2.548324784527056
3026 2.548324784527060
3027 2.548324784527062
3028 2.548324784527063
3029 2.548324784527063
3030 2.548324784527065
3031 2.548324784527065
3032 2.548324784527066
3033 2.548324784527066
3034 2.548324784527068
3035 2.548324784527069
3036 2.548324784527070
3037 2.548324784527072
3038 2.548324784527073
3039 2.548324784527073
3040 2.548324784527074
3041 2.548324784527074
3042 2.548324784527074
3043 2.548324784527081
3044 2.548324784527081
3045 2.548324784527082
3046 2.548324784527085
3047 2.613125929752734
3048 2.613125929752746
3049 2.613125929752747
3050 2.613125929752748
3051 2.613125929752748
3052 2.613125929752751
3053 2.613125929752752
3054 2.613125929752758
3055 2.613125929752759
3056 2.613125929752767
3057 2.613125929752768
3058 2.613125929752770
3059 2.657852097554682
3060 2.657852097554693
3061 2.657852097554698
3062 2.657852097554700
3063 2.657852097554702
3064 2.657852097554711
3065 2.689994047855826
3066 2.689994047855834
3067 2.689994047855836
3068 2.713855952574626
3069 2.713855952574629
3070 2.753981909215191


