# z = 2, M = 50
1 -1.999051439426732
2 -1.996206657474088
3 -1.991468352590068
4 -1.984841019343872
5 -1.976330944162519
6 -1.965946199367803
7 -1.953696635519201
8 -1.939593872070019
9 -1.923651286345638
10 -1.905884000854312
11 -1.886308868942555
12 -1.864944458808712
13 -1.841811035889907
14 -1.816930543639047
15 -1.790326582710125
16 -1.762024388571569
17 -1.732050807568878
18 -1.700434271459228
19 -1.667204770442239
20 -1.632393824712443
21 -1.596034454560479
22 -1.558161149051341
23 -1.518809833309414
24 -1.478017834441318
25 -1.435823846128883
26 -1.392267891925853
27 -1.347391287293115
28 -1.301236600408485
29 -1.253847611788213
30 -1.205269272758513
31 -1.155547662816502
32 -1.104729945921012
33 -1.052864325754711
34 -1.000000000000000
35 -0.946187113672020
36 -0.891476711553077
37 -0.835920689773567
38 -0.779571746585357
39 -0.722483332374306
40 -0.664709598959320
41 -0.606305348226087
42 -0.547325980144166
43 -0.487827440216754
44 -0.427866166412995
45 -0.367499035633141
46 -0.306783309757370
47 -0.245776581329428
48 -0.184536718926603
49 -0.123121812267886
50 -0.061590117112341
51 -0.000000000000000
52 0.061590117112341
53 0.123121812267886
54 0.184536718926604
55 0.245776581329428
56 0.306783309757371
57 0.367499035633141
58 0.427866166412995
59 0.487827440216754
60 0.547325980144166
61 0.606305348226087
62 0.664709598959319
63 0.722483332374306
64 0.779571746585358
65 0.835920689773568
66 0.891476711553076
67 0.946187113672020
68 0.999999999999999
69 1.052864325754712
70 1.104729945921011
71 1.155547662816502
72 1.205269272758513
73 1.253847611788212
74 1.301236600408484
75 1.347391287293113
76 1.392267891925854
77 1.435823846128884
78 1.478017834441319
79 1.518809833309415
80 1.558161149051340
81 1.596034454560479
82 1.632393824712444
83 1.667204770442239
84 1.700434271459228
85 1.732050807568877
86 1.762024388571570
87 1.790326582710125
88 1.816930543639047
89 1.841811035889906
90 1.864944458808711
91 1.886308868942556
92 1.905884000854314
93 1.923651286345638
94 1.939593872070020
95 1.953696635519202
96 1.965946199367803
97 1.976330944162519
98 1.984841019343871
99 1.991468352590069
100 1.996206657474088
101 1.999051439426732


# z = 2, M = 50
1 -2.001551062919476
2 -1.998709838706927
3 -1.993977482161673
4 -1.987358516239589
5 -1.978859267571677
6 -1.968487860975707
7 -1.956254212427170
8 -1.942170020510967
9 -1.926248756380968
10 -1.908505652261067
11 -1.888957688528607
12 -1.867623579429570
13 -1.844523757484803
14 -1.819680356658412
15 -1.793117194373673
16 -1.764859752479218
17 -1.734935157289747
18 -1.703372158852281
19 -1.670201109622837
20 -1.635453942781427
21 -1.599164150468665
22 -1.561366762299299
23 -1.522098324602380
24 -1.481396880962899
25 -1.439301954807377
26 -1.395854535002720
27 -1.351097065748199
28 -1.305073442470818
29 -1.257829016037952
30 -1.209410608460102
31 -1.159866544495823
32 -1.109246705388228
33 -1.057602613672510
34 -1.004987562112090
35 -0.951456806207717
36 -0.897067849853893
37 -0.841880870189789
38 -0.785959355230374
39 -0.729371075351005
40 -0.672189594495972
41 -0.614496684521208
42 -0.556386312323346
43 -0.497971496602397
44 -0.439396695892166
45 -0.380861577467836
46 -0.322670108850645
47 -0.265341530729701
48 -0.209889972681395
49 -0.158615827256073
50 -0.117445061734889
51 0.100000000000000
52 0.117445061734889
53 0.158615827256073
54 0.209889972681394
55 0.265341530729702
56 0.322670108850645
57 0.380861577467836
58 0.439396695892166
59 0.497971496602398
60 0.556386312323344
61 0.614496684521207
62 0.672189594495972
63 0.729371075351006
64 0.785959355230375
65 0.841880870189788
66 0.897067849853895
67 0.951456806207716
68 1.004987562112089
69 1.057602613672509
70 1.109246705388229
71 1.159866544495823
72 1.209410608460102
73 1.257829016037953
74 1.305073442470817
75 1.351097065748200
76 1.395854535002720
77 1.439301954807378
78 1.481396880962899
79 1.522098324602379
80 1.561366762299298
81 1.599164150468665
82 1.635453942781429
83 1.670201109622838
84 1.703372158852280
85 1.734935157289747
86 1.764859752479220
87 1.793117194373673
88 1.819680356658412
89 1.844523757484802
90 1.867623579429570
91 1.888957688528608
92 1.908505652261067
93 1.926248756380968
94 1.942170020510967
95 1.956254212427170
96 1.968487860975706
97 1.978859267571677
98 1.987358516239588
99 1.993977482161672
100 1.998709838706927
101 2.001551062919477


# z = 2, M = 50
1 -2.009031273393743
2 -2.006200642843051
3 -2.001485997794588
4 -1.994891944960934
5 -1.986424929579347
6 -1.976093231304817
7 -1.963906959007745
8 -1.949878044538061
9 -1.934020235535097
10 -1.916349087382684
11 -1.896881954432416
12 -1.875637980645870
13 -1.852638089839961
14 -1.827904975760088
15 -1.801463092255434
16 -1.773338643892084
17 -1.743559577416270
18 -1.712155574576410
19 -1.679158046934640
20 -1.644600133454732
21 -1.608516701854279
22 -1.570944354970281
23 -1.531921443729203
24 -1.491488088764575
25 -1.449686213327678
26 -1.406559590947948
27 -1.362153912402485
28 -1.316516878069791
29 -1.269698323849805
30 -1.221750391796883
31 -1.172727760838243
32 -1.122687959058368
33 -1.071691787990803
34 -1.019803902718557
35 -0.967093611848919
36 -0.913635992746284
37 -0.859513466788925
38 -0.804818058988581
39 -0.749654697549934
40 -0.694146130831728
41 -0.638440424227318
42 -0.582722685795544
43 -0.527233924770050
44 -0.472302293410643
45 -0.418396392421455
46 -0.366218512838561
47 -0.316869259995319
48 -0.272128279736224
49 -0.234859491305181
50 -0.209268589439295
51 0.200000000000000
52 0.209268589439293
53 0.234859491305181
54 0.272128279736223
55 0.316869259995319
56 0.366218512838560
57 0.418396392421454
58 0.472302293410643
59 0.527233924770050
60 0.582722685795543
61 0.638440424227318
62 0.694146130831728
63 0.749654697549933
64 0.804818058988581
65 0.859513466788924
66 0.913635992746284
67 0.967093611848920
68 1.019803902718557
69 1.071691787990803
70 1.122687959058367
71 1.172727760838244
72 1.221750391796882
73 1.269698323849805
74 1.316516878069791
75 1.362153912402485
76 1.406559590947948
77 1.449686213327678
78 1.491488088764575
79 1.531921443729205
80 1.570944354970282
81 1.608516701854279
82 1.644600133454731
83 1.679158046934641
84 1.712155574576410
85 1.743559577416270
86 1.773338643892083
87 1.801463092255435
88 1.827904975760087
89 1.852638089839959
90 1.875637980645870
91 1.896881954432416
92 1.916349087382683
93 1.934020235535096
94 1.949878044538060
95 1.963906959007746
96 1.976093231304817
97 1.986424929579347
98 1.994891944960936
99 2.001485997794590
100 2.006200642843052
101 2.009031273393744


# z = 2, M = 50
1 -2.021436780479194
2 -2.018623545722152
3 -2.013937982999428
4 -2.007384834073929
5 -1.998970735367157
6 -1.988704216018238
7 -1.976595695542983
8 -1.962657481215601
9 -1.946903765330795
10 -1.929350622544395
11 -1.910016007537984
12 -1.888919753309102
13 -1.866083570456011
14 -1.841531047907822
15 -1.815287655650893
16 -1.787380750126009
17 -1.757839583124695
18 -1.726695315205632
19 -1.693981034895420
20 -1.659731785247038
21 -1.623984599725062
22 -1.586778549896928
23 -1.548154808072296
24 -1.508156728900085
25 -1.466829955077391
26 -1.424222553847417
27 -1.380385193007152
28 -1.335371367913296
29 -1.289237694758808
30 -1.242044290617623
31 -1.193855268045789
32 -1.144739382311381
33 -1.094770883996703
34 -1.044030650891055
35 -0.992607704019563
36 -0.940601258366948
37 -0.888123527214270
38 -0.835303602335191
39 -0.782292889881202
40 -0.729272823399212
41 -0.676465945401213
42 -0.624152007559675
43 -0.572691549988675
44 -0.522560481055497
45 -0.474400190968857
46 -0.429087402688179
47 -0.387822289109305
48 -0.352212720713202
49 -0.324282254611825
50 -0.306256987717687
51 0.299999999999999
52 0.306256987717687
53 0.324282254611825
54 0.352212720713202
55 0.387822289109305
56 0.429087402688179
57 0.474400190968857
58 0.522560481055496
59 0.572691549988674
60 0.624152007559673
61 0.676465945401213
62 0.729272823399213
63 0.782292889881201
64 0.835303602335192
65 0.888123527214271
66 0.940601258366949
67 0.992607704019563
68 1.044030650891055
69 1.094770883996703
70 1.144739382311381
71 1.193855268045788
72 1.242044290617623
73 1.289237694758808
74 1.335371367913297
75 1.380385193007153
76 1.424222553847417
77 1.466829955077391
78 1.508156728900085
79 1.548154808072297
80 1.586778549896928
81 1.623984599725061
82 1.659731785247038
83 1.693981034895421
84 1.726695315205633
85 1.757839583124695
86 1.787380750126009
87 1.815287655650893
88 1.841531047907824
89 1.866083570456011
90 1.888919753309102
91 1.910016007537984
92 1.929350622544395
93 1.946903765330795
94 1.962657481215602
95 1.976595695542983
96 1.988704216018238
97 1.998970735367158
98 2.007384834073930
99 2.013937982999428
100 2.018623545722152
101 2.021436780479195


# z = 2, M = 50
1 -2.038677673756714
2 -2.035888262981020
3 -2.031242525984478
4 -2.024745384503942
5 -2.016403729627159
6 -2.006226422617524
7 -1.994224296221227
8 -1.980410156652296
9 -1.964798786506961
10 -1.947406948922707
11 -1.928253393372184
12 -1.907358863570597
13 -1.884746108080835
14 -1.860439894328350
15 -1.834467026893237
16 -1.806856371137731
17 -1.777638883463118
18 -1.746847649783196
19 -1.714517934168482
20 -1.680687240077499
21 -1.645395387177248
22 -1.608684607501730
23 -1.570599665655565
24 -1.531188009006929
25 -1.490499955421784
26 -1.448588928194489
27 -1.405511750599545
28 -1.361329016161277
29 -1.316105555640202
30 -1.269911028322785
31 -1.222820674114026
32 -1.174916275065862
33 -1.126287391586589
34 -1.077032961426900
35 -1.027263381065922
36 -0.977103232643045
37 -0.926694879446043
38 -0.876203234457707
39 -0.825822114961014
40 -0.775782734371330
41 -0.726365042721329
42 -0.677912773548907
43 -0.630853082284958
44 -0.585721312879216
45 -0.543190151964566
46 -0.504099195739972
47 -0.469474310191709
48 -0.440515380698786
49 -0.418519988359132
50 -0.404713902066524
51 0.400000000000000
52 0.404713902066523
53 0.418519988359132
54 0.440515380698785
55 0.469474310191709
56 0.504099195739972
57 0.543190151964567
58 0.585721312879216
59 0.630853082284958
60 0.677912773548907
61 0.726365042721328
62 0.775782734371331
63 0.825822114961013
64 0.876203234457707
65 0.926694879446042
66 0.977103232643043
67 1.027263381065921
68 1.077032961426901
69 1.126287391586589
70 1.174916275065863
71 1.222820674114026
72 1.269911028322785
73 1.316105555640202
74 1.361329016161277
75 1.405511750599545
76 1.448588928194489
77 1.490499955421784
78 1.531188009006929
79 1.570599665655565
80 1.608684607501730
81 1.645395387177248
82 1.680687240077498
83 1.714517934168482
84 1.746847649783196
85 1.777638883463117
86 1.806856371137732
87 1.834467026893237
88 1.860439894328350
89 1.884746108080834
90 1.907358863570597
91 1.928253393372183
92 1.947406948922706
93 1.964798786506962
94 1.980410156652296
95 1.994224296221227
96 2.006226422617525
97 2.016403729627159
98 2.024745384503943
99 2.031242525984479
100 2.035888262981019
101 2.038677673756714


# z = 2, M = 50
1 -2.060632586725273
2 -2.057872935665336
3 -2.053276941712395
4 -2.046849743403266
5 -2.038598538421510
6 -2.028532587563905
7 -2.016663220183045
8 -2.003003841377138
9 -1.987569941274828
10 -1.970379106850364
11 -1.951451036806032
12 -1.930807560178207
13 -1.908472659465115
14 -1.884472499244414
15 -1.858835461453894
16 -1.831592188758461
17 -1.802775637731994
18 -1.772421143959041
19 -1.740566501626801
20 -1.707252060757086
21 -1.672520845952052
22 -1.636418701437073
23 -1.598994468332324
24 -1.560300201540269
25 -1.520391435490328
26 -1.479327510353153
27 -1.437171973381541
28 -1.393993073957913
29 -1.349864375997457
30 -1.304865517919695
31 -1.259083158905989
32 -1.212612161168872
33 -1.165557072153450
34 -1.118033988749896
35 -1.070172908496093
36 -1.022120700916230
37 -0.974044865286766
38 -0.926138276972800
39 -0.878625156456769
40 -0.831768508028922
41 -0.785879237088980
42 -0.741327005133882
43 -0.698552511575494
44 -0.658080129133947
45 -0.620528437052879
46 -0.586614012060475
47 -0.557141030556879
48 -0.532966978932275
49 -0.514935899560448
50 -0.503779061222191
51 0.500000000000000
52 0.503779061222191
53 0.514935899560449
54 0.532966978932275
55 0.557141030556879
56 0.586614012060475
57 0.620528437052878
58 0.658080129133947
59 0.698552511575494
60 0.741327005133882
61 0.785879237088980
62 0.831768508028922
63 0.878625156456770
64 0.926138276972800
65 0.974044865286766
66 1.022120700916231
67 1.070172908496093
68 1.118033988749895
69 1.165557072153450
70 1.212612161168871
71 1.259083158905988
72 1.304865517919695
73 1.349864375997458
74 1.393993073957912
75 1.437171973381542
76 1.479327510353154
77 1.520391435490328
78 1.560300201540269
79 1.598994468332324
80 1.636418701437072
81 1.672520845952051
82 1.707252060757087
83 1.740566501626800
84 1.772421143959041
85 1.802775637731995
86 1.831592188758461
87 1.858835461453894
88 1.884472499244413
89 1.908472659465116
90 1.930807560178207
91 1.951451036806033
92 1.970379106850366
93 1.987569941274830
94 2.003003841377137
95 2.016663220183044
96 2.028532587563905
97 2.038598538421510
98 2.046849743403266
99 2.053276941712394
100 2.057872935665336
101 2.060632586725273


# z = 2, M = 50
1 -2.087152763329529
2 -2.084428223600868
3 -2.079890910448864
4 -2.073546206880864
5 -2.065401656059741
6 -2.055466968552088
7 -2.043754032078970
8 -2.030276924109508
9 -2.015051927732689
10 -1.998097551350394
11 -1.979434552858806
12 -1.959085969129818
13 -1.937077151774254
14 -1.913435810370571
15 -1.888192064584139
16 -1.861378506892409
17 -1.833030277982336
18 -1.803185157312769
19 -1.771883671854718
20 -1.739169226659475
21 -1.705088261687401
22 -1.669690440295145
23 -1.633028875971694
24 -1.595160405390820
25 -1.556145917680068
26 -1.516050752081757
27 -1.474945179006120
28 -1.432904982977807
29 -1.390012170301758
30 -1.346355829584376
31 -1.302033179700380
32 -1.257150847517768
33 -1.211826426699354
34 -1.166190378969061
35 -1.120388349671215
36 -1.074583978682676
37 -1.028962292599451
38 -0.983733758734622
39 -0.939139055496406
40 -0.895454549906727
41 -0.852998344246668
42 -0.812136520876122
43 -0.773288827947508
44 -0.736932463907618
45 -0.703601834272260
46 -0.673881294550967
47 -0.648387328631568
48 -0.627737047363142
49 -0.612502229102987
50 -0.603152835130461
51 0.600000000000001
52 0.603152835130461
53 0.612502229102988
54 0.627737047363143
55 0.648387328631568
56 0.673881294550967
57 0.703601834272261
58 0.736932463907619
59 0.773288827947509
60 0.812136520876122
61 0.852998344246668
62 0.895454549906727
63 0.939139055496407
64 0.983733758734622
65 1.028962292599449
66 1.074583978682674
67 1.120388349671215
68 1.166190378969060
69 1.211826426699354
70 1.257150847517768
71 1.302033179700380
72 1.346355829584376
73 1.390012170301759
74 1.432904982977807
75 1.474945179006120
76 1.516050752081756
77 1.556145917680068
78 1.595160405390820
79 1.633028875971693
80 1.669690440295144
81 1.705088261687402
82 1.739169226659476
83 1.771883671854719
84 1.803185157312770
85 1.833030277982335
86 1.861378506892408
87 1.888192064584139
88 1.913435810370571
89 1.937077151774253
90 1.959085969129818
91 1.979434552858805
92 1.998097551350395
93 2.015051927732690
94 2.030276924109509
95 2.043754032078971
96 2.055466968552090
97 2.065401656059739
98 2.073546206880864
99 2.079890910448864
100 2.084428223600868
101 2.087152763329529


# z = 2, M = 50
1 -2.118066726397941
2 -2.115382003171974
3 -2.110911224890285
4 -2.104660037172279
5 -2.096636353985668
6 -2.086850368092717
7 -2.075314564985039
8 -2.062043740702793
9 -2.047055024042887
10 -2.030367903783067
11 -2.012004261688166
12 -1.991988412225663
13 -1.970347150104735
14 -1.947109806972499
15 -1.922308318860041
16 -1.895977306277956
17 -1.868154169226940
18 -1.838879199826099
19 -1.808195715785588
20 -1.776150218579308
21 -1.742792580929862
22 -1.708176269128275
23 -1.672358606805781
24 -1.635401088090198
25 -1.597369749654832
26 -1.558335613046066
27 -1.518375210899268
28 -1.477571213255940
29 -1.436013173194106
30 -1.393798414354041
31 -1.351033086582516
32 -1.307833419596946
33 -1.264327207825144
34 -1.220655561573371
35 -1.176974958985529
36 -1.133459627530459
37 -1.090304269271434
38 -1.047727115271027
39 -1.005973242963591
40 -0.965318005088820
41 -0.926070286364678
42 -0.888575111366941
43 -0.853214868264983
44 -0.820408103544176
45 -0.790604541595410
46 -0.764274819123126
47 -0.741893609576186
48 -0.723915603252339
49 -0.710745369774668
50 -0.702704306608343
51 0.700000000000000
52 0.702704306608343
53 0.710745369774667
54 0.723915603252337
55 0.741893609576186
56 0.764274819123127
57 0.790604541595410
58 0.820408103544177
59 0.853214868264982
60 0.888575111366941
61 0.926070286364679
62 0.965318005088820
63 1.005973242963590
64 1.047727115271026
65 1.090304269271435
66 1.133459627530459
67 1.176974958985529
68 1.220655561573370
69 1.264327207825144
70 1.307833419596946
71 1.351033086582516
72 1.393798414354039
73 1.436013173194106
74 1.477571213255939
75 1.518375210899268
76 1.558335613046067
77 1.597369749654832
78 1.635401088090198
79 1.672358606805780
80 1.708176269128275
81 1.742792580929861
82 1.776150218579307
83 1.808195715785589
84 1.838879199826100
85 1.868154169226940
86 1.895977306277955
87 1.922308318860039
88 1.947109806972499
89 1.970347150104735
90 1.991988412225662
91 2.012004261688165
92 2.030367903783067
93 2.047055024042888
94 2.062043740702793
95 2.075314564985040
96 2.086850368092718
97 2.096636353985668
98 2.104660037172279
99 2.110911224890284
100 2.115382003171974
101 2.118066726397940


# z = 2, M = 50
1 -2.153185235290751
2 -2.150544354191252
3 -2.146146826143962
4 -2.139998568240180
5 -2.132107877396056
6 -2.122485443721277
7 -2.111144368260742
8 -2.098100185542047
9 -2.083370891478332
10 -2.066976977305854
11 -2.048941470382043
12 -2.029289982836686
13 -2.008050769260042
14 -1.985254794833269
15 -1.960935815563200
16 -1.935130472583440
17 -1.907878402833891
18 -1.879222368841185
19 -1.849208410803218
20 -1.817886024743939
21 -1.785308371162855
22 -1.751532519370677
23 -1.716619733591970
24 -1.680635807938950
25 -1.643651458525298
26 -1.605742782293496
27 -1.566991793556493
28 -1.527487050761031
29 -1.487324387478066
30 -1.446607762959896
31 -1.405450248511373
32 -1.363975165981639
33 -1.322317393233153
34 -1.280624847486570
35 -1.239060149500010
36 -1.197802457520225
37 -1.157049436969533
38 -1.117019296195974
39 -1.077952765921903
40 -1.040114825847925
41 -1.003795883278845
42 -0.969311987205755
43 -0.937003527970109
44 -0.907231754493279
45 -0.880372387794670
46 -0.856805695094102
47 -0.836902699201037
48 -0.821007795719503
49 -0.809418915430155
50 -0.802367336402668
51 0.800000000000000
52 0.802367336402669
53 0.809418915430155
54 0.821007795719503
55 0.836902699201036
56 0.856805695094102
57 0.880372387794670
58 0.907231754493278
59 0.937003527970109
60 0.969311987205756
61 1.003795883278846
62 1.040114825847924
63 1.077952765921905
64 1.117019296195974
65 1.157049436969534
66 1.197802457520223
67 1.239060149500011
68 1.280624847486570
69 1.322317393233154
70 1.363975165981639
71 1.405450248511373
72 1.446607762959896
73 1.487324387478066
74 1.527487050761030
75 1.566991793556493
76 1.605742782293497
77 1.643651458525298
78 1.680635807938949
79 1.716619733591972
80 1.751532519370678
81 1.785308371162855
82 1.817886024743938
83 1.849208410803217
84 1.879222368841186
85 1.907878402833892
86 1.935130472583441
87 1.960935815563200
88 1.985254794833269
89 2.008050769260044
90 2.029289982836686
91 2.048941470382045
92 2.066976977305854
93 2.083370891478335
94 2.098100185542046
95 2.111144368260742
96 2.122485443721279
97 2.132107877396056
98 2.139998568240180
99 2.146146826143962
100 2.150544354191252
101 2.153185235290750


# z = 2, M = 50
1 -2.192306241717631
2 -2.189712542628338
3 -2.185393831639461
4 -2.179356297641580
5 -2.171608620551666
6 -2.162161987180587
7 -2.151030112211133
8 -2.138229264735558
9 -2.123778300920137
10 -2.107698703494511
11 -2.090014628908454
12 -2.070752963161303
13 -2.049943387492899
14 -2.027618455333370
15 -2.003813682146749
16 -1.978567650074420
17 -1.951922129594313
18 -1.923922220764934
19 -1.894616517025374
20 -1.864057294977630
21 -1.832300734089293
22 -1.799407170824045
23 -1.765441392331497
24 -1.730472975497336
25 -1.694576677849763
26 -1.657832887503339
27 -1.620328139937524
28 -1.582155709860010
29 -1.543416286549745
30 -1.504218740694263
31 -1.464680989512966
32 -1.424930964438152
33 -1.385107681173894
34 -1.345362404707372
35 -1.305859890677016
36 -1.266779667993407
37 -1.228317304116291
38 -1.190685562217896
39 -1.154115317270628
40 -1.118856045677306
41 -1.085175642597803
42 -1.053359259009371
43 -1.023706799541954
44 -0.996528703229843
45 -0.972139671647695
46 -0.950850145472822
47 -0.932955587329848
48 -0.918724006779074
49 -0.908382617984365
50 -0.902104950948564
51 0.900000000000001
52 0.902104950948565
53 0.908382617984365
54 0.918724006779075
55 0.932955587329848
56 0.950850145472822
57 0.972139671647695
58 0.996528703229844
59 1.023706799541954
60 1.053359259009371
61 1.085175642597803
62 1.118856045677306
63 1.154115317270629
64 1.190685562217896
65 1.228317304116293
66 1.266779667993408
67 1.305859890677016
68 1.345362404707371
69 1.385107681173895
70 1.424930964438152
71 1.464680989512966
72 1.504218740694263
73 1.543416286549745
74 1.582155709860009
75 1.620328139937524
76 1.657832887503339
77 1.694576677849763
78 1.730472975497337
79 1.765441392331496
80 1.799407170824045
81 1.832300734089293
82 1.864057294977630
83 1.894616517025374
84 1.923922220764934
85 1.951922129594313
86 1.978567650074420
87 2.003813682146749
88 2.027618455333370
89 2.049943387492896
90 2.070752963161303
91 2.090014628908453
92 2.107698703494511
93 2.123778300920137
94 2.138229264735558
95 2.151030112211135
96 2.162161987180588
97 2.171608620551667
98 2.179356297641581
99 2.185393831639461
100 2.189712542628341
101 2.192306241717632


