# z = 2, M = 10
1 -2.979642883761866
2 -2.918985947228995
3 -2.819263990709036
4 -2.682507065662362
5 -2.511499148708517
6 -2.309721467890570
7 -2.081281634911195
8 -1.830830026003773
9 -1.563465113682859
10 -1.284629676546571
11 -1.000000000000001
12 -0.715370323453429
13 -0.436534886317140
14 -0.169169973996227
15 0.081281634911195
16 0.309721467890571
17 0.511499148708517
18 0.682507065662363
19 0.819263990709036
20 0.918985947228995
21 0.979642883761865


# z = 2, M = 10
1 -2.982547559407153
2 -2.923074296645871
3 -2.825212786723256
4 -2.690839796852374
5 -2.522554409532001
6 -2.323650917836340
7 -2.098092148953236
8 -1.850513779691738
9 -1.586415523877136
10 -1.313888385189200
11 -0.918638764257668
12 -0.722133315092154
13 -0.446885280111347
14 -0.179356303385609
15 0.072539821557328
16 0.303010825300546
17 0.507039418251117
18 0.680252364572537
19 0.818955142715063
20 0.920193604820202
21 0.981812090338288


# z = 2, M = 10
1 -2.990503431276863
2 -2.932419016230703
3 -2.836720530110937
4 -2.705092785233472
5 -2.539933053380284
6 -2.344387417110788
7 -2.122422584946759
8 -1.879048342038389
9 -1.621256868050268
10 -1.363923448669326
11 -0.840163183555360
12 -0.710485055856050
13 -0.444114849856149
14 -0.179363738780842
15 0.072396850361171
16 0.303866462090073
17 0.509369291271601
18 0.684162305038504
19 0.824309762712945
20 0.926691036790994
21 0.989038596830902


# z = 2, M = 10
1 -3.003449372416766
2 -2.946936197338376
3 -2.853653148949392
4 -2.725048735259316
5 -2.563308938291367
6 -2.371490413929111
7 -2.153731044469755
8 -1.915774082781741
9 -1.666871425097503
10 -1.429537853177989
11 -0.768105297147220
12 -0.687942193239976
13 -0.427329222082057
14 -0.168470005528254
15 0.081305191889080
16 0.312527898751734
17 0.518583441819132
18 0.694245033336256
19 0.835292584548455
20 0.938426549166773
21 1.001267230197393


# z = 2, M = 10
1 -3.021288077970876
2 -2.966501123946502
3 -2.875830493223145
4 -2.750444954675467
5 -2.592324596170732
6 -2.404514496825222
7 -2.191487933810479
8 -1.959989610680463
9 -1.721832274377521
10 -1.505612247156402
11 -0.706722277327292
12 -0.661713265997640
13 -0.394942670957768
14 -0.146042331015831
15 0.099547304015684
16 0.329084195295989
17 0.534663198810888
18 0.710428496763718
19 0.851811474786314
20 0.955305338237821
21 1.018406346224924


# z = 2, M = 10
1 -3.043889572959738
2 -2.990953284081996
3 -2.903035097385462
4 -2.780988006969920
5 -2.626609844482201
6 -2.443023059182734
7 -2.235174786440348
8 -2.010956107460826
9 -1.784621179749266
10 -1.588485274484151
11 -0.659507011315438
12 -0.636964788579658
13 -0.345826028520835
14 -0.111833098612223
15 0.127136592670939
16 0.353445532685383
17 0.557473439031506
18 0.732564550052279
19 0.873722283012798
20 0.977193536633845
21 1.040331206138046


# z = 2, M = 10
1 -3.071095680343120
2 -3.020102478934015
3 -2.935021769041215
4 -2.816367264249241
5 -2.665795415367426
6 -2.486595001879985
7 -2.284284157078080
8 -2.067923386823737
9 -1.853811827326602
10 -1.675820914015872
11 -0.626825718850954
12 -0.616612213681172
13 -0.281419478692557
14 -0.066279939425161
15 0.163758475021389
16 0.385339480303580
17 0.586771244211668
18 0.760438155519491
19 0.900835996183874
20 1.003923563186109
21 1.066888331283024


# z = 2, M = 10
1 -3.102725111381159
2 -3.053735520209234
3 -2.971527105620487
4 -2.856266319811888
5 -2.709521961027237
6 -2.534827692241703
7 -2.338322724300138
8 -2.130161601923017
9 -1.928167875768799
10 -1.766165440933631
11 -0.606048011153150
12 -0.601711985880557
13 -0.205526774028737
14 -0.010546237802343
15 0.208787304403663
16 0.424334321255621
17 0.622224381349913
18 0.793780169713146
19 0.932927375029863
20 1.035300307833607
21 1.097900502496266


# z = 2, M = 10
1 -3.138578829822073
2 -3.091623017702966
3 -3.012278220762075
4 -2.900371832334828
5 -2.757445436265918
6 -2.587338366067367
7 -2.396816681760673
8 -2.196987637983661
9 -2.006669591893868
10 -1.858602895185186
11 -0.593887088139410
12 -0.592104078467155
13 -0.122050554005505
14 0.053755938440783
15 0.261374464165369
16 0.469882334053985
17 0.663435667309000
18 0.832281883389941
19 0.969744212110996
20 1.071107671856457
21 1.133172059064156


# z = 2, M = 10
1 -3.178445369210164
2 -3.133525829505648
3 -3.057000210896447
4 -2.948379855749359
5 -2.809239972896893
6 -2.643765073788126
7 -2.459317640863172
8 -2.267781873508736
9 -2.088499721959566
10 -1.952540864889321
11 -0.587770819352613
12 -0.587044364945236
13 -0.033773132678702
14 0.124942558992755
15 0.320567471553314
16 0.521370685070219
17 0.709968773616449
18 0.875609588313299
19 1.011016444245433
20 1.111115030010154
21 1.172494178442362


