## Parameters ##
# z = 2
# m = 10
# t = 1.000000000000000e+00
# mu = 0.000000000000000e+00
# opt = sc
#
#
#a = 0.000000
1 6.392453221499658e-01
2 6.233062988547289e-01
3 6.560209149273896e-01
4 6.046701974017380e-01
5 6.780142710819085e-01
6 5.767677585031077e-01
7 7.169028211651743e-01
8 5.145995586900797e-01
9 8.435752253132552e-01


#a = 1.000000
1 6.382880595091209e-01
2 6.368955577060489e-01
3 6.399899303114505e-01
4 6.351290292880813e-01
5 6.430942419280109e-01
6 6.316783070232475e-01
7 6.517625074941304e-01
8 6.205194991904515e-01
9 7.118668682338637e-01


#a = 2.000000
1 6.394986798331402e-01
2 6.395887002308328e-01
3 6.393818902278096e-01
4 6.397490833794138e-01
5 6.390679761135128e-01
6 6.403107517733662e-01
7 6.374110891860203e-01
8 6.448456174800087e-01
9 5.954377864471325e-01


#a = 3.000000
1 6.409768517750951e-01
2 6.408361061557951e-01
3 6.405853569661876e-01
4 6.399970375547273e-01
5 6.392054012823378e-01
6 6.370479702737250e-01
7 6.341323236429424e-01
8 6.164399126700068e-01
9 5.424117611653212e-01


#a = 4.000000
1 6.424208166896582e-01
2 6.420867801776663e-01
3 6.413159811813601e-01
4 6.399556876769623e-01
5 6.373889265559938e-01
6 6.328342832184466e-01
7 6.211104374684648e-01
8 5.826478837071509e-01
9 5.210024214584760e-01


