## Parameters ##
# z = 2
# m = 10
# t = 1.000000000000000e+00
# mu = 0.000000000000000e+00
# opt = sc
#
#
#a = 0.000000
1 6.392453221499658e-01
2 6.392453221499652e-01
3 6.233062988547289e-01
4 6.233062988547288e-01
5 6.560209149273896e-01
6 6.560209149273887e-01
7 6.046701974017380e-01
8 6.046701974017382e-01
9 6.780142710819085e-01
10 6.780142710819083e-01
11 5.767677585031077e-01
12 5.767677585031075e-01
13 7.169028211651743e-01
14 7.169028211651745e-01
15 5.145995586900797e-01
16 5.145995586900804e-01
17 8.435752253132552e-01
18 8.435752253132545e-01


#a = 1.000000
1 6.382880595091209e-01
2 6.382880595091205e-01
3 6.368955577060489e-01
4 6.368955577060489e-01
5 6.399899303114505e-01
6 6.399899303114491e-01
7 6.351290292880813e-01
8 6.351290292880822e-01
9 6.430942419280109e-01
10 6.430942419280105e-01
11 6.316783070232475e-01
12 6.316783070232467e-01
13 6.517625074941304e-01
14 6.517625074941292e-01
15 6.205194991904515e-01
16 6.205194991904514e-01
17 7.118668682338637e-01
18 7.118668682338641e-01


#a = 2.000000
1 6.394986798331402e-01
2 6.394986798331403e-01
3 6.395887002308328e-01
4 6.395887002308331e-01
5 6.393818902278096e-01
6 6.393818902278096e-01
7 6.397490833794138e-01
8 6.397490833794141e-01
9 6.390679761135128e-01
10 6.390679761135125e-01
11 6.403107517733662e-01
12 6.403107517733654e-01
13 6.374110891860203e-01
14 6.374110891860187e-01
15 6.448456174800087e-01
16 6.448456174800086e-01
17 5.954377864471325e-01
18 5.954377864471326e-01


#a = 3.000000
1 6.409768517750951e-01
2 6.409768517750951e-01
3 6.408361061557951e-01
4 6.408361061557952e-01
5 6.405853569661876e-01
6 6.405853569661889e-01
7 6.399970375547273e-01
8 6.399970375547284e-01
9 6.392054012823378e-01
10 6.392054012823382e-01
11 6.370479702737250e-01
12 6.370479702737250e-01
13 6.341323236429424e-01
14 6.341323236429423e-01
15 6.164399126700068e-01
16 6.164399126700083e-01
17 5.424117611653212e-01
18 5.424117611653205e-01


#a = 4.000000
1 6.424208166896582e-01
2 6.424208166896583e-01
3 6.420867801776663e-01
4 6.420867801776665e-01
5 6.413159811813601e-01
6 6.413159811813605e-01
7 6.399556876769623e-01
8 6.399556876769625e-01
9 6.373889265559938e-01
10 6.373889265559939e-01
11 6.328342832184466e-01
12 6.328342832184463e-01
13 6.211104374684648e-01
14 6.211104374684644e-01
15 5.826478837071509e-01
16 5.826478837071513e-01
17 5.210024214584760e-01
18 5.210024214584660e-01


