## Parameters ##
# z = 2
# m = 10
# t = 1.000000000000000e+00
# mu = 0.000000000000000e+00
# opt = sc
#
#
#a = 0.000000
1 4.999999999999997e-01
2 4.499999999999997e-01
3 4.999999999999997e-01
4 4.499999999999997e-01
5 4.999999999999996e-01
6 4.500000000000001e-01
7 4.999999999999997e-01
8 4.499999999999997e-01
9 4.999999999999994e-01
10 4.499999999999997e-01


#a = 1.000000
1 5.000000000000001e-01
2 5.162433957150127e-01
3 5.000000000000004e-01
4 5.182014972281811e-01
5 4.999999999999999e-01
6 5.235668226012974e-01
7 5.000000000000007e-01
8 5.392482891162425e-01
9 4.999999999999994e-01
10 6.527399953392690e-01


#a = 2.000000
1 5.000000000000010e-01
2 4.974649969331145e-01
3 4.999999999999999e-01
4 4.968169821965696e-01
5 5.000000000000006e-01
6 4.946638638080395e-01
7 5.000000000000008e-01
8 4.851998437615039e-01
9 5.000000000000002e-01
10 2.758543133007721e-01


#a = 3.000000
1 4.999999999999993e-01
2 5.002937713273774e-01
3 5.000000000000001e-01
4 5.004133331840366e-01
5 5.000000000000002e-01
6 5.008971850536758e-01
7 4.999999999999996e-01
8 5.041442039664410e-01
9 4.999999999999999e-01
10 7.442515064684675e-01


#a = 4.000000
1 4.999999999999997e-01
2 5.000318096922087e-01
3 4.999999999999997e-01
4 5.000501511185982e-01
5 5.000000000000003e-01
6 5.001409471502390e-01
7 5.000000000000010e-01
8 5.010842641258120e-01
9 5.000000000000000e-01
10 7.486928279131357e-01


