## Parameters ##
# z = 2
# m = 10
# t = 1.000000000000000e+00
# mu = 0.000000000000000e+00
# opt = sc
#
#
#a = 0.000000
1 -1.975376681190276e+00
2 -1.902113032590308e+00
3 -1.782013048376736e+00
4 -1.618033988749895e+00
5 -1.414213562373095e+00
6 -1.175570504584946e+00
7 -9.079809994790935e-01
8 -6.180339887498950e-01
9 -3.128689300804611e-01
10 4.913999958396913e-16
11 3.128689300804616e-01
12 6.180339887498952e-01
13 9.079809994790935e-01
14 1.175570504584946e+00
15 1.414213562373095e+00
16 1.618033988749894e+00
17 1.782013048376736e+00
18 1.902113032590308e+00
19 1.975376681190275e+00


#a = 1.000000
1 -1.841402157146683e+00
2 -1.537356096259878e+00
3 -1.259132056475176e+00
4 -1.005851239881327e+00
5 -7.768172269804282e-01
6 -5.716125480646100e-01
7 -3.903389518590653e-01
8 -2.342604527347913e-01
9 -1.058097832976665e-01
10 -3.178866482153480e-17
11 1.058097832976664e-01
12 2.342604527347912e-01
13 3.903389518590651e-01
14 5.716125480646104e-01
15 7.768172269804284e-01
16 1.005851239881327e+00
17 1.259132056475176e+00
18 1.537356096259878e+00
19 1.841402157146683e+00


#a = 2.000000
1 -1.782592421498274e+00
2 -1.379234976477248e+00
3 -1.036294784821292e+00
4 -7.490478505757050e-01
5 -5.133228077390883e-01
6 -3.255195876901316e-01
7 -1.826318293915099e-01
8 -8.226413754381171e-02
9 -2.259412824211224e-02
10 2.629622912643682e-18
11 2.259412824211224e-02
12 8.226413754381172e-02
13 1.826318293915100e-01
14 3.255195876901315e-01
15 5.133228077390883e-01
16 7.490478505757050e-01
17 1.036294784821292e+00
18 1.379234976477249e+00
19 1.782592421498274e+00


#a = 3.000000
1 -1.739393743521399e+00
2 -1.266843806423524e+00
3 -8.861400311319783e-01
4 -5.869439546267790e-01
5 -3.600398583026815e-01
6 -1.970154103924293e-01
7 -8.972520749033977e-02
8 -2.928043386353621e-02
9 -4.133559280700168e-03
10 -1.276926770853552e-18
11 4.133559280700171e-03
12 2.928043386353621e-02
13 8.972520749033973e-02
14 1.970154103924292e-01
15 3.600398583026815e-01
16 5.869439546267791e-01
17 8.861400311319781e-01
18 1.266843806423523e+00
19 1.739393743521399e+00


#a = 4.000000
1 -1.704225788131336e+00
2 -1.177812226704042e+00
3 -7.726092855635442e-01
4 -4.715899217956731e-01
5 -2.595381921433318e-01
6 -1.221241848545706e-01
7 -4.455769032368642e-02
8 -1.014279153157039e-02
9 -7.110006155189536e-04
10 -3.188200622469969e-20
11 7.110006155189536e-04
12 1.014279153157039e-02
13 4.455769032368643e-02
14 1.221241848545706e-01
15 2.595381921433319e-01
16 4.715899217956731e-01
17 7.726092855635442e-01
18 1.177812226704042e+00
19 1.704225788131335e+00


