1 -2.672327845840656e+00
2 -2.548324784527070e+00
3 -2.548324784527070e+00
4 -2.449489742783178e+00
5 -2.449489742783178e+00
6 -2.449489742783178e+00
7 -2.288245611270737e+00
8 -2.288245611270737e+00
9 -2.288245611270737e+00
10 -2.288245611270737e+00
11 -2.288245611270737e+00
12 -2.288245611270737e+00
13 -2.117749265817823e+00
14 -2.000000000000000e+00
15 -2.000000000000000e+00
16 -2.000000000000000e+00
17 -2.000000000000000e+00
18 -2.000000000000000e+00
19 -2.000000000000000e+00
20 -2.000000000000000e+00
21 -2.000000000000000e+00
22 -2.000000000000000e+00
23 -2.000000000000000e+00
24 -2.000000000000000e+00
25 -2.000000000000000e+00
26 -1.763495467579870e+00
27 -1.763495467579870e+00
28 -1.414213562373095e+00
29 -1.414213562373095e+00
30 -1.414213562373095e+00
31 -1.414213562373095e+00
32 -1.414213562373095e+00
33 -1.414213562373095e+00
34 -1.414213562373095e+00
35 -1.414213562373095e+00
36 -1.414213562373095e+00
37 -1.414213562373095e+00
38 -1.414213562373095e+00
39 -1.414213562373095e+00
40 -1.414213562373095e+00
41 -1.414213562373095e+00
42 -1.414213562373095e+00
43 -1.414213562373095e+00
44 -1.414213562373095e+00
45 -1.414213562373095e+00
46 -1.414213562373095e+00
47 -1.414213562373095e+00
48 -1.414213562373095e+00
49 -1.414213562373095e+00
50 -1.414213562373095e+00
51 -1.414213562373095e+00
52 -1.414213562373095e+00
53 -1.414213562373095e+00
54 -1.414213562373095e+00
55 -1.172092970490271e+00
56 -8.740320488976422e-01
57 -8.740320488976422e-01
58 -8.740320488976422e-01
59 -8.740320488976422e-01
60 -8.740320488976422e-01
61 -8.740320488976422e-01
62 -6.293842454258954e-01
63 -6.293842454258954e-01
64 -2.968846734896463e-16
65 -1.994931997373328e-16
66 -1.994931997373328e-16
67 -1.994931997373328e-16
68 -1.994931997373328e-16
69 -1.994931997373328e-16
70 -1.994931997373328e-16
71 -1.994931997373328e-16
72 -1.994931997373328e-16
73 -1.994931997373328e-16
74 -1.994931997373328e-16
75 -1.994931997373328e-16
76 -1.994931997373328e-16
77 -8.577966067653107e-17
78 -8.577966067653107e-17
79 -8.577966067653107e-17
80 0.000000000000000e+00
81 0.000000000000000e+00
82 0.000000000000000e+00
83 0.000000000000000e+00
84 0.000000000000000e+00
85 0.000000000000000e+00
86 0.000000000000000e+00
87 0.000000000000000e+00
88 0.000000000000000e+00
89 0.000000000000000e+00
90 0.000000000000000e+00
91 0.000000000000000e+00
92 0.000000000000000e+00
93 0.000000000000000e+00
94 0.000000000000000e+00
95 0.000000000000000e+00
96 0.000000000000000e+00
97 0.000000000000000e+00
98 0.000000000000000e+00
99 0.000000000000000e+00
100 0.000000000000000e+00
101 0.000000000000000e+00
102 0.000000000000000e+00
103 0.000000000000000e+00
104 0.000000000000000e+00
105 0.000000000000000e+00
106 0.000000000000000e+00
107 0.000000000000000e+00
108 0.000000000000000e+00
109 0.000000000000000e+00
110 0.000000000000000e+00
111 0.000000000000000e+00
112 0.000000000000000e+00
113 0.000000000000000e+00
114 0.000000000000000e+00
115 0.000000000000000e+00
116 0.000000000000000e+00
117 0.000000000000000e+00
118 0.000000000000000e+00
119 0.000000000000000e+00
120 0.000000000000000e+00
121 0.000000000000000e+00
122 0.000000000000000e+00
123 0.000000000000000e+00
124 0.000000000000000e+00
125 0.000000000000000e+00
126 0.000000000000000e+00
127 0.000000000000000e+00
128 6.293842454258950e-01
129 6.293842454258950e-01
130 8.740320488976411e-01
131 8.740320488976411e-01
132 8.740320488976411e-01
133 8.740320488976411e-01
134 8.740320488976411e-01
135 8.740320488976411e-01
136 1.172092970490271e+00
137 1.414213562373095e+00
138 1.414213562373095e+00
139 1.414213562373095e+00
140 1.414213562373095e+00
141 1.414213562373095e+00
142 1.414213562373095e+00
143 1.414213562373095e+00
144 1.414213562373095e+00
145 1.414213562373095e+00
146 1.414213562373095e+00
147 1.414213562373095e+00
148 1.414213562373095e+00
149 1.414213562373095e+00
150 1.414213562373095e+00
151 1.414213562373095e+00
152 1.414213562373095e+00
153 1.414213562373095e+00
154 1.414213562373095e+00
155 1.414213562373095e+00
156 1.414213562373095e+00
157 1.414213562373095e+00
158 1.414213562373095e+00
159 1.414213562373095e+00
160 1.414213562373095e+00
161 1.414213562373095e+00
162 1.414213562373095e+00
163 1.414213562373095e+00
164 1.763495467579869e+00
165 1.763495467579869e+00
166 2.000000000000001e+00
167 2.000000000000001e+00
168 2.000000000000001e+00
169 2.000000000000001e+00
170 2.000000000000001e+00
171 2.000000000000001e+00
172 2.000000000000001e+00
173 2.000000000000001e+00
174 2.000000000000001e+00
175 2.000000000000001e+00
176 2.000000000000001e+00
177 2.000000000000001e+00
178 2.117749265817825e+00
179 2.288245611270737e+00
180 2.288245611270737e+00
181 2.288245611270737e+00
182 2.288245611270737e+00
183 2.288245611270737e+00
184 2.288245611270737e+00
185 2.449489742783178e+00
186 2.449489742783178e+00
187 2.449489742783178e+00
188 2.548324784527071e+00
189 2.548324784527071e+00
190 2.672327845840656e+00


