-3.999999999999000e+00 1.667593273997994e-19 -6.669699048589388e-19
-3.989999999999000e+00 1.657802905323933e-04 -6.621275560555148e-04
-3.979999999999000e+00 4.662624505043886e-04 -1.859466689039182e-03
-3.969999999999000e+00 8.518056813894420e-04 -3.391939434953738e-03
-3.959999999999000e+00 1.304193803988620e-03 -5.185607806644176e-03
-3.949999999999000e+00 1.812677706218538e-03 -7.196618332605105e-03
-3.939999999999000e+00 2.369875394483752e-03 -9.394725130462057e-03
-3.929999999999000e+00 2.970284331900169e-03 -1.175730023514350e-02
-3.919999999999000e+00 3.609584647789534e-03 -1.426652313252680e-02
-3.909999999999000e+00 4.284261251702720e-03 -1.690785385553637e-02
-3.899999999999000e+00 4.991377927556582e-03 -1.966911854163553e-02
-3.889999999999000e+00 5.728432476610143e-03 -2.253992200987967e-02
-3.879999999999000e+00 6.493258764261501e-03 -2.551124982206468e-02
-3.869999999999000e+00 7.283957660227412e-03 -2.857518721434856e-02
-3.859999999999000e+00 8.098846679758463e-03 -3.172471376778308e-02
-3.849999999999000e+00 8.936422225549884e-03 -3.495354917640810e-02
-3.839999999999000e+00 9.795330608132587e-03 -3.825603465903428e-02
-3.829999999999000e+00 1.067434535672504e-02 -4.162703994559672e-02
-3.819999999999000e+00 1.157234914775057e-02 -4.506188906168331e-02
-3.809999999999000e+00 1.248831919463640e-02 -4.855630022222963e-02
-3.799999999999000e+00 1.342131527996103e-02 -5.210633651042922e-02
-3.789999999999000e+00 1.437046983756898e-02 -5.570836493509020e-02
-3.779999999999000e+00 1.533497964804861e-02 -5.935902209077067e-02
-3.769999999999000e+00 1.631409882035005e-02 -6.305518508856114e-02
-3.759999999999000e+00 1.730713281060133e-02 -6.679394674301430e-02
-3.749999999999000e+00 1.831343328614932e-02 -7.057259423209557e-02
-3.739999999999000e+00 1.933239368496113e-02 -7.438859061816727e-02
-3.729999999999000e+00 2.036344535207394e-02 -7.823955874636522e-02
-3.719999999999000e+00 2.140605415873439e-02 -8.212326713424148e-02
-3.709999999999000e+00 2.245971752825784e-02 -8.603761754147174e-02
-3.699999999999000e+00 2.352396180691390e-02 -8.998063396664022e-02
-3.689999999999000e+00 2.459833992933376e-02 -9.395045286377192e-02
-3.679999999999000e+00 2.568242933678557e-02 -9.794531440745083e-02
-3.669999999999000e+00 2.677583011372909e-02 -1.019635546642204e-01
-3.659999999999000e+00 2.787816331373519e-02 -1.060035985512064e-01
-3.649999999999000e+00 2.898906945046308e-02 -1.100639534817443e-01
-3.639999999999000e+00 3.010820713313527e-02 -1.141432036131695e-01
-3.629999999999000e+00 3.123525182903574e-02 -1.182400046245779e-01
-3.619999999999000e+00 3.236989473810212e-02 -1.223530789628097e-01
-3.609999999999000e+00 3.351184176679568e-02 -1.264812115036071e-01
-3.599999999999000e+00 3.466081259020120e-02 -1.306232455821539e-01
-3.589999999999000e+00 3.581653979279383e-02 -1.347780793533241e-01
-3.579999999999000e+00 3.697876807955653e-02 -1.389446624471102e-01
-3.569999999999000e+00 3.814725355019925e-02 -1.431219928890831e-01
-3.559999999999000e+00 3.932176303012719e-02 -1.473091142594612e-01
-3.549999999999000e+00 4.050207345258278e-02 -1.515051130675568e-01
-3.539999999999000e+00 4.168797128704339e-02 -1.557091163210974e-01
-3.529999999999000e+00 4.287925200953333e-02 -1.599202892722933e-01
-3.519999999999000e+00 4.407571961099343e-02 -1.641378333245510e-01
-3.509999999999000e+00 4.527718614028903e-02 -1.683609840855181e-01
-3.499999999999000e+00 4.648347127879955e-02 -1.725890095536824e-01
-3.489999999999000e+00 4.769440194386572e-02 -1.768212084270943e-01
-3.479999999999000e+00 4.890981191864995e-02 -1.810569085239692e-01
-3.469999999999000e+00 5.012954150621666e-02 -1.852954653059664e-01
-3.459999999999000e+00 5.135343720585863e-02 -1.895362604958461e-01
-3.449999999999000e+00 5.258135140989252e-02 -1.937787007820304e-01
-3.439999999999000e+00 5.381314211931070e-02 -1.980222166032908e-01
-3.429999999999000e+00 5.504867267683936e-02 -2.022662610074386e-01
-3.419999999999000e+00 5.628781151607812e-02 -2.065103085784498e-01
-3.409999999999000e+00 5.753043192552554e-02 -2.107538544269601e-01
-3.399999999999000e+00 5.877641182639445e-02 -2.149964132395247e-01
-3.389999999999000e+00 6.002563356322504e-02 -2.192375183824271e-01
-3.379999999999000e+00 6.127798370638593e-02 -2.234767210562028e-01
-3.369999999999000e+00 6.253335286562914e-02 -2.277135894973479e-01
-3.359999999999000e+00 6.379163551394176e-02 -2.319477082239925e-01
-3.349999999999000e+00 6.505272982099145e-02 -2.361786773225774e-01
-3.339999999999000e+00 6.631653749552718e-02 -2.404061117728077e-01
-3.329999999999000e+00 6.758296363614313e-02 -2.446296408083801e-01
-3.319999999999000e+00 6.885191658986299e-02 -2.488489073111773e-01
-3.309999999999000e+00 7.012330781804281e-02 -2.530635672367897e-01
-3.299999999999000e+00 7.139705176912960e-02 -2.572732890694092e-01
-3.289999999999000e+00 7.267306575784861e-02 -2.614777533042568e-01
-3.279999999999000e+00 7.395126985042223e-02 -2.656766519558736e-01
-3.269999999999000e+00 7.523158675545485e-02 -2.698696880907039e-01
-3.259999999999000e+00 7.651394172014159e-02 -2.740565753825181e-01
-3.249999999999000e+00 7.779826243148831e-02 -2.782370376893326e-01
-3.239999999999000e+00 7.908447892224599e-02 -2.824108086505743e-01
-3.229999999999000e+00 8.037252348128845e-02 -2.865776313033193e-01
-3.219999999999000e+00 8.166233056817936e-02 -2.907372577165185e-01
-3.209999999999000e+00 8.295383673168952e-02 -2.948894486422070e-01
-3.199999999999000e+00 8.424698053204709e-02 -2.990339731827379e-01
-3.189999999999000e+00 8.554170246671089e-02 -3.031706084731700e-01
-3.179999999999000e+00 8.683794489947570e-02 -3.072991393779785e-01
-3.169999999999000e+00 8.813565199272970e-02 -3.114193582013114e-01
-3.159999999999000e+00 8.943476964269449e-02 -3.155310644100824e-01
-3.149999999999000e+00 9.073524541749010e-02 -3.196340643692073e-01
-3.139999999999000e+00 9.203702849787702e-02 -3.237281710883610e-01
-3.129999999999000e+00 9.334006962053569e-02 -3.278132039796525e-01
-3.119999999999000e+00 9.464432102375421e-02 -3.318889886256559e-01
-3.109999999999000e+00 9.594973639540115e-02 -3.359553565572845e-01
-3.099999999999000e+00 9.725627082306776e-02 -3.400121450409951e-01
-3.089999999999000e+00 9.856388074627320e-02 -3.440591968748702e-01
-3.079999999999000e+00 9.987252391062805e-02 -3.480963601931388e-01
-3.069999999999000e+00 1.011821593238633e-01 -3.521234882787172e-01
-3.059999999999000e+00 1.024927472136318e-01 -3.561404393833835e-01
-3.049999999999000e+00 1.038042489869992e-01 -3.601470765552265e-01
-3.039999999999000e+00 1.051166271915408e-01 -3.641432674730065e-01
-3.029999999999000e+00 1.064298454779724e-01 -3.681288842871178e-01
-3.019999999999000e+00 1.077438685642403e-01 -3.721038034668357e-01
-3.009999999999000e+00 1.090586622010029e-01 -3.760679056535527e-01
-2.999999999999000e+00 1.103741931384428e-01 -3.800210755197378e-01
-2.989999999999000e+00 1.116904290943449e-01 -3.839632016333490e-01
-2.979999999999000e+00 1.130073387233850e-01 -3.878941763274570e-01
-2.969999999999000e+00 1.143248915875749e-01 -3.918138955748397e-01
-2.959999999999000e+00 1.156430581278119e-01 -3.957222588673343e-01
-2.949999999999000e+00 1.169618096364839e-01 -3.996191690997266e-01
-2.939999999999000e+00 1.182811182310837e-01 -4.035045324579882e-01
-2.929999999999000e+00 1.196009568287890e-01 -4.073782583116609e-01
-2.919999999999000e+00 1.209212991219667e-01 -4.112402591102195e-01
-2.909999999999000e+00 1.222421195545608e-01 -4.150904502832349e-01
-2.899999999999000e+00 1.235633932993271e-01 -4.189287501441757e-01
-2.889999999999000e+00 1.248850962358790e-01 -4.227550797977003e-01
-2.879999999999000e+00 1.262072049295104e-01 -4.265693630502823e-01
-2.869999999999000e+00 1.275296966107631e-01 -4.303715263240410e-01
-2.859999999999000e+00 1.288525491557072e-01 -4.341614985736367e-01
-2.849999999999000e+00 1.301757410669084e-01 -4.379392112061051e-01
-2.839999999999000e+00 1.314992514550490e-01 -4.417045980035130e-01
-2.829999999999000e+00 1.328230600211818e-01 -4.454575950483214e-01
-2.819999999999000e+00 1.341471470395871e-01 -4.491981406513431e-01
-2.809999999999000e+00 1.354714933412117e-01 -4.529261752821884e-01
-2.799999999999000e+00 1.367960802976638e-01 -4.566416415021116e-01
-2.789999999999000e+00 1.381208898057454e-01 -4.603444838991461e-01
-2.779999999999000e+00 1.394459042724999e-01 -4.640346490254559e-01
-2.769999999999000e+00 1.407711066007520e-01 -4.677120853367982e-01
-2.759999999999000e+00 1.420964801751254e-01 -4.713767431340324e-01
-2.749999999999000e+00 1.434220088485173e-01 -4.750285745065839e-01
-2.739999999999000e+00 1.447476769290139e-01 -4.786675332777933e-01
-2.729999999999000e+00 1.460734691672268e-01 -4.822935749520793e-01
-2.719999999999000e+00 1.473993707440396e-01 -4.859066566638406e-01
-2.709999999999000e+00 1.487253672587448e-01 -4.895067371280411e-01
-2.699999999999000e+00 1.500514447175590e-01 -4.930937765924041e-01
-2.689999999999000e+00 1.513775895225021e-01 -4.966677367911662e-01
-2.679999999999000e+00 1.527037884606251e-01 -5.002285809003199e-01
-2.669999999999000e+00 1.540300286935780e-01 -5.037762734943075e-01
-2.659999999999000e+00 1.553562977475005e-01 -5.073107805040951e-01
-2.649999999999000e+00 1.566825835032267e-01 -5.108320691765866e-01
-2.639999999999000e+00 1.580088741867937e-01 -5.143401080353299e-01
-2.629999999999000e+00 1.593351583602388e-01 -5.178348668424603e-01
-2.619999999999000e+00 1.606614249126803e-01 -5.213163165618471e-01
-2.609999999999000e+00 1.619876630516678e-01 -5.247844293233905e-01
-2.599999999999000e+00 1.633138622947949e-01 -5.282391783884360e-01
-2.589999999999000e+00 1.646400124615639e-01 -5.316805381162607e-01
-2.579999999999000e+00 1.659661036654944e-01 -5.351084839315988e-01
-2.569999999999000e+00 1.672921263064681e-01 -5.385229922931662e-01
-2.559999999999000e+00 1.686180710632987e-01 -5.419240406631498e-01
-2.549999999999000e+00 1.699439288865228e-01 -5.453116074776315e-01
-2.539999999999000e+00 1.712696909914035e-01 -5.486856721179086e-01
-2.529999999999000e+00 1.725953488511361e-01 -5.520462148826865e-01
-2.519999999999000e+00 1.739208941902546e-01 -5.553932169611094e-01
-2.509999999999000e+00 1.752463189782276e-01 -5.587266604066023e-01
-2.499999999999000e+00 1.765716154232399e-01 -5.620465281114937e-01
-2.489999999999000e+00 1.778967759661526e-01 -5.653528037824009e-01
-2.479999999999000e+00 1.792217932746366e-01 -5.686454719163406e-01
-2.469999999999000e+00 1.805466602374724e-01 -5.719245177775518e-01
-2.459999999999000e+00 1.818713699590122e-01 -5.751899273749976e-01
-2.449999999999000e+00 1.831959157537988e-01 -5.784416874405343e-01
-2.439999999999000e+00 1.845202911413357e-01 -5.816797854077134e-01
-2.429999999999000e+00 1.858444898410021e-01 -5.849042093912050e-01
-2.419999999999000e+00 1.871685057671139e-01 -5.881149481668211e-01
-2.409999999999000e+00 1.884923330241169e-01 -5.913119911521134e-01
-2.399999999999000e+00 1.898159659019168e-01 -5.944953283875350e-01
-2.389999999999000e+00 1.911393988713369e-01 -5.976649505181417e-01
-2.379999999999000e+00 1.924626265796987e-01 -6.008208487758191e-01
-2.369999999999000e+00 1.937856438465271e-01 -6.039630149620169e-01
-2.359999999999000e+00 1.951084456593687e-01 -6.070914414309756e-01
-2.349999999999000e+00 1.964310271697260e-01 -6.102061210734292e-01
-2.339999999999000e+00 1.977533836891005e-01 -6.133070473007659e-01
-2.329999999999000e+00 1.990755106851435e-01 -6.163942140296418e-01
-2.319999999999000e+00 2.003974037779079e-01 -6.194676156670225e-01
-2.309999999999000e+00 2.017190587362029e-01 -6.225272470956441e-01
-2.299999999999000e+00 2.030404714740435e-01 -6.255731036598808e-01
-2.289999999999000e+00 2.043616380471955e-01 -6.286051811520071e-01
-2.279999999999000e+00 2.056825546498116e-01 -6.316234757988420e-01
-2.269999999999000e+00 2.070032176111557e-01 -6.346279842487610e-01
-2.259999999999000e+00 2.083236233924131e-01 -6.376187035590646e-01
-2.249999999999000e+00 2.096437685835849e-01 -6.405956311837014e-01
-2.239999999999000e+00 2.109636499004624e-01 -6.435587649613210e-01
-2.229999999999000e+00 2.122832641816807e-01 -6.465081031036579e-01
-2.219999999999000e+00 2.136026083858481e-01 -6.494436441842290e-01
-2.209999999999000e+00 2.149216795887492e-01 -6.523653871273430e-01
-2.199999999999000e+00 2.162404749806217e-01 -6.552733311974036e-01
-2.189999999999000e+00 2.175589918634996e-01 -6.581674759885059e-01
-2.179999999999000e+00 2.188772276486284e-01 -6.610478214143092e-01
-2.169999999999000e+00 2.201951798539419e-01 -6.639143676981877e-01
-2.159999999999000e+00 2.215128461016058e-01 -6.667671153636405e-01
-2.149999999999000e+00 2.228302241156229e-01 -6.696060652249626e-01
-2.139999999999000e+00 2.241473117194969e-01 -6.724312183781608e-01
-2.129999999999000e+00 2.254641068339576e-01 -6.752425761921149e-01
-2.119999999999000e+00 2.267806074747403e-01 -6.780401402999738e-01
-2.109999999999000e+00 2.280968117504230e-01 -6.808239125907762e-01
-2.099999999999000e+00 2.294127178603154e-01 -6.835938952012970e-01
-2.089999999999000e+00 2.307283240924018e-01 -6.863500905081046e-01
-2.079999999999000e+00 2.320436288213334e-01 -6.890925011198333e-01
-2.069999999999000e+00 2.333586305064717e-01 -6.918211298696503e-01
-2.059999999999000e+00 2.346733276899787e-01 -6.945359798079282e-01
-2.049999999999000e+00 2.359877189949536e-01 -6.972370541951020e-01
-2.039999999999000e+00 2.373018031236174e-01 -6.999243564947185e-01
-2.029999999999000e+00 2.386155788555380e-01 -7.025978903666610e-01
-2.019999999999000e+00 2.399290450459016e-01 -7.052576596605552e-01
-2.009999999999000e+00 2.412422006238252e-01 -7.079036684093404e-01
-1.999999999999000e+00 2.425550445907071e-01 -7.105359208230105e-01
-1.989999999999000e+00 2.438675760186222e-01 -7.131544212825173e-01
-1.979999999999000e+00 2.451797940487513e-01 -7.157591743338266e-01
-1.969999999999000e+00 2.464916978898498e-01 -7.183501846821317e-01
-1.959999999999000e+00 2.478032868167533e-01 -7.209274571862092e-01
-1.949999999999000e+00 2.491145601689179e-01 -7.234909968529269e-01
-1.939999999999000e+00 2.504255173489963e-01 -7.260408088318872e-01
-1.929999999999000e+00 2.517361578214456e-01 -7.285768984102059e-01
-1.919999999999000e+00 2.530464811111706e-01 -7.310992710074261e-01
-1.909999999999000e+00 2.543564868021967e-01 -7.336079321705633e-01
-1.899999999999000e+00 2.556661745363755e-01 -7.361028875692708e-01
-1.889999999999000e+00 2.569755440121201e-01 -7.385841429911321e-01
-1.879999999999000e+00 2.582845949831701e-01 -7.410517043370686e-01
-1.869999999999000e+00 2.595933272573849e-01 -7.435055776168668e-01
-1.859999999999000e+00 2.609017406955665e-01 -7.459457689448147e-01
-1.849999999999000e+00 2.622098352103070e-01 -7.483722845354500e-01
-1.839999999999000e+00 2.635176107648667e-01 -7.507851306994135e-01
-1.829999999999000e+00 2.648250673720732e-01 -7.531843138394078e-01
-1.819999999999000e+00 2.661322050932502e-01 -7.555698404462544e-01
-1.809999999999000e+00 2.674390240371684e-01 -7.579417170950546e-01
-1.799999999999000e+00 2.687455243590210e-01 -7.602999504414393e-01
-1.789999999999000e+00 2.700517062594238e-01 -7.626445472179166e-01
-1.779999999999000e+00 2.713575699834356e-01 -7.649755142303100e-01
-1.769999999999000e+00 2.726631158196033e-01 -7.672928583542810e-01
-1.759999999999000e+00 2.739683440990276e-01 -7.695965865319454e-01
-1.749999999999000e+00 2.752732551944498e-01 -7.718867057685634e-01
-1.739999999999000e+00 2.765778495193597e-01 -7.741632231293227e-01
-1.729999999999000e+00 2.778821275271236e-01 -7.764261457361900e-01
-1.719999999999000e+00 2.791860897101302e-01 -7.786754807648476e-01
-1.709999999999000e+00 2.804897365989599e-01 -7.809112354417026e-01
-1.699999999999000e+00 2.817930687615668e-01 -7.831334170409717e-01
-1.689999999999000e+00 2.830960868024848e-01 -7.853420328818332e-01
-1.679999999999000e+00 2.843987913620473e-01 -7.875370903256533e-01
-1.669999999999000e+00 2.857011831156263e-01 -7.897185967732779e-01
-1.659999999999000e+00 2.870032627728873e-01 -7.918865596623920e-01
-1.649999999999000e+00 2.883050310770621e-01 -7.940409864649425e-01
-1.639999999999000e+00 2.896064888042361e-01 -7.961818846846246e-01
-1.629999999999000e+00 2.909076367626527e-01 -7.983092618544299e-01
-1.619999999999000e+00 2.922084757920319e-01 -8.004231255342524e-01
-1.609999999999000e+00 2.935090067629045e-01 -8.025234833085554e-01
-1.599999999999000e+00 2.948092305759616e-01 -8.046103427840924e-01
-1.589999999999000e+00 2.961091481614161e-01 -8.066837115876857e-01
-1.579999999999000e+00 2.974087604783814e-01 -8.087435973640572e-01
-1.569999999999000e+00 2.987080685142606e-01 -8.107900077737142e-01
-1.559999999999000e+00 3.000070732841507e-01 -8.128229504908826e-01
-1.549999999999000e+00 3.013057758302594e-01 -8.148424332014922e-01
-1.539999999999000e+00 3.026041772213349e-01 -8.168484636012127e-01
-1.529999999999000e+00 3.039022785521071e-01 -8.188410493935343e-01
-1.519999999999000e+00 3.052000809427418e-01 -8.208201982878948e-01
-1.509999999999000e+00 3.064975855383066e-01 -8.227859179978531e-01
-1.499999999999000e+00 3.077947935082473e-01 -8.247382162393067e-01
-1.489999999999000e+00 3.090917060458775e-01 -8.266771007287524e-01
-1.479999999999000e+00 3.103883243678767e-01 -8.286025791815866e-01
-1.469999999999000e+00 3.116846497138014e-01 -8.305146593104488e-01
-1.459999999999000e+00 3.129806833456062e-01 -8.324133488236045e-01
-1.449999999999000e+00 3.142764265471728e-01 -8.342986554233678e-01
-1.439999999999000e+00 3.155718806238533e-01 -8.361705868045571e-01
-1.429999999999000e+00 3.168670469020186e-01 -8.380291506529972e-01
-1.419999999999000e+00 3.181619267286206e-01 -8.398743546440467e-01
-1.409999999999000e+00 3.194565214707605e-01 -8.417062064411696e-01
-1.399999999999000e+00 3.207508325152684e-01 -8.435247136945332e-01
-1.389999999999000e+00 3.220448612682902e-01 -8.453298840396493e-01
-1.379999999999000e+00 3.233386091548842e-01 -8.471217250960373e-01
-1.369999999999000e+00 3.246320776186259e-01 -8.489002444659269e-01
-1.359999999999000e+00 3.259252681212220e-01 -8.506654497329899e-01
-1.349999999999000e+00 3.272181821421302e-01 -8.524173484611000e-01
-1.339999999999000e+00 3.285108211781903e-01 -8.541559481931248e-01
-1.329999999999000e+00 3.298031867432595e-01 -8.558812564497484e-01
-1.319999999999000e+00 3.310952803678586e-01 -8.575932807283158e-01
-1.309999999999000e+00 3.323871035988226e-01 -8.592920285017118e-01
-1.299999999999000e+00 3.336786579989619e-01 -8.609775072172626e-01
-1.289999999999000e+00 3.349699451467272e-01 -8.626497242956654e-01
-1.279999999999000e+00 3.362609666358838e-01 -8.643086871299447e-01
-1.269999999999000e+00 3.375517240751912e-01 -8.659544030844277e-01
-1.259999999999000e+00 3.388422190880910e-01 -8.675868794937532e-01
-1.249999999999000e+00 3.401324533123992e-01 -8.692061236618964e-01
-1.239999999999000e+00 3.414224284000059e-01 -8.708121428612209e-01
-1.229999999999000e+00 3.427121460165831e-01 -8.724049443315539e-01
-1.219999999999000e+00 3.440016078412936e-01 -8.739845352792797e-01
-1.209999999999000e+00 3.452908155665116e-01 -8.755509228764591e-01
-1.199999999999000e+00 3.465797708975458e-01 -8.771041142599688e-01
-1.189999999999000e+00 3.478684755523674e-01 -8.786441165306568e-01
-1.179999999999000e+00 3.491569312613472e-01 -8.801709367525273e-01
-1.169999999999000e+00 3.504451397669950e-01 -8.816845819519354e-01
-1.159999999999000e+00 3.517331028237053e-01 -8.831850591168088e-01
-1.149999999999000e+00 3.530208221975081e-01 -8.846723751958796e-01
-1.139999999999000e+00 3.543082996658261e-01 -8.861465370979467e-01
-1.129999999999000e+00 3.555955370172341e-01 -8.876075516911431e-01
-1.119999999999000e+00 3.568825360512269e-01 -8.890554258022290e-01
-1.109999999999000e+00 3.581692985779873e-01 -8.904901662158978e-01
-1.099999999999000e+00 3.594558264181645e-01 -8.919117796741031e-01
-1.089999999999000e+00 3.607421214026514e-01 -8.933202728753957e-01
-1.079999999999000e+00 3.620281853723704e-01 -8.947156524742822e-01
-1.069999999999000e+00 3.633140201780621e-01 -8.960979250805956e-01
-1.059999999999000e+00 3.645996276800770e-01 -8.974670972588827e-01
-1.049999999999000e+00 3.658850097481752e-01 -8.988231755278049e-01
-1.039999999999000e+00 3.671701682613246e-01 -9.001661663595557e-01
-1.029999999999000e+00 3.684551051075090e-01 -9.014960761792883e-01
-1.019999999999000e+00 3.697398221835346e-01 -9.028129113645627e-01
-1.009999999999000e+00 3.710243213948458e-01 -9.041166782448001e-01
-9.999999999989999e-01 3.723086046553395e-01 -9.054073831007542e-01
-9.899999999989997e-01 3.735926738871869e-01 -9.066850321639952e-01
-9.799999999989999e-01 3.748765310206578e-01 -9.079496316164047e-01
-9.699999999989997e-01 3.761601779939472e-01 -9.092011875896846e-01
-9.599999999989999e-01 3.774436167530058e-01 -9.104397061648738e-01
-9.499999999989996e-01 3.787268492513764e-01 -9.116651933718848e-01
-9.399999999989999e-01 3.800098774500298e-01 -9.128776551890417e-01
-9.299999999989996e-01 3.812927033172062e-01 -9.140770975426379e-01
-9.199999999989998e-01 3.825753288282588e-01 -9.152635263064987e-01
-9.099999999990001e-01 3.838577559655018e-01 -9.164369473015580e-01
-8.999999999989998e-01 3.851399867180590e-01 -9.175973662954449e-01
-8.899999999990000e-01 3.864220230817187e-01 -9.187447890020760e-01
-8.799999999989998e-01 3.877038670587879e-01 -9.198792210812677e-01
-8.699999999990000e-01 3.889855206579521e-01 -9.210006681383442e-01
-8.599999999989998e-01 3.902669858941365e-01 -9.221091357237706e-01
-8.499999999990000e-01 3.915482647883701e-01 -9.232046293327805e-01
-8.399999999989998e-01 3.928293593676533e-01 -9.242871544050232e-01
-8.299999999990000e-01 3.941102716648255e-01 -9.253567163242142e-01
-8.199999999989998e-01 3.953910037184398e-01 -9.264133204177964e-01
-8.099999999990000e-01 3.966715575726347e-01 -9.274569719566104e-01
-7.999999999989997e-01 3.979519352770131e-01 -9.284876761545695e-01
-7.899999999989999e-01 3.992321388865201e-01 -9.295054381683481e-01
-7.799999999989997e-01 4.005121704613263e-01 -9.305102630970719e-01
-7.699999999989999e-01 4.017920320667089e-01 -9.315021559820220e-01
-7.599999999989997e-01 4.030717257729411e-01 -9.324811218063402e-01
-7.499999999989999e-01 4.043512536551774e-01 -9.334471654947475e-01
-7.399999999989997e-01 4.056306177933457e-01 -9.344002919132676e-01
-7.299999999989999e-01 4.069098202720392e-01 -9.353405058689525e-01
-7.199999999989997e-01 4.081888631804108e-01 -9.362678121096244e-01
-7.099999999989999e-01 4.094677486120695e-01 -9.371822153236159e-01
-6.999999999989996e-01 4.107464786649792e-01 -9.380837201395233e-01
-6.899999999989999e-01 4.120250554413580e-01 -9.389723311259586e-01
-6.799999999989996e-01 4.133034810475821e-01 -9.398480527913173e-01
-6.699999999989998e-01 4.145817575940873e-01 -9.407108895835427e-01
-6.599999999990001e-01 4.158598871952768e-01 -9.415608458899050e-01
-6.499999999989998e-01 4.171378719694282e-01 -9.423979260367782e-01
-6.399999999990000e-01 4.184157140386012e-01 -9.432221342894294e-01
-6.299999999989998e-01 4.196934155285509e-01 -9.440334748518090e-01
-6.199999999990000e-01 4.209709785686374e-01 -9.448319518663482e-01
-6.099999999989998e-01 4.222484052917422e-01 -9.456175694137643e-01
-5.999999999990000e-01 4.235256978341821e-01 -9.463903315128657e-01
-5.899999999989998e-01 4.248028583356273e-01 -9.471502421203659e-01
-5.799999999990000e-01 4.260798889390190e-01 -9.478973051307031e-01
-5.699999999989998e-01 4.273567917904899e-01 -9.486315243758631e-01
-5.599999999990000e-01 4.286335690392852e-01 -9.493529036252032e-01
-5.499999999989997e-01 4.299102228376859e-01 -9.500614465852926e-01
-5.399999999989999e-01 4.311867553409315e-01 -9.507571568997401e-01
-5.299999999989997e-01 4.324631687071472e-01 -9.514400381490452e-01
-5.199999999989999e-01 4.337394650972688e-01 -9.521100938504369e-01
-5.099999999989997e-01 4.350156466749718e-01 -9.527673274577274e-01
-4.999999999989999e-01 4.362917156065990e-01 -9.534117423611659e-01
-4.899999999989997e-01 4.375676740610923e-01 -9.540433418872992e-01
-4.799999999989999e-01 4.388435242099231e-01 -9.546621292988301e-01
-4.699999999989997e-01 4.401192682270251e-01 -9.552681077944891e-01
-4.599999999989999e-01 4.413949082887274e-01 -9.558612805089012e-01
-4.499999999989996e-01 4.426704465736899e-01 -9.564416505124634e-01
-4.399999999989999e-01 4.439458852628385e-01 -9.570092208112202e-01
-4.299999999989996e-01 4.452212265393011e-01 -9.575639943467473e-01
-4.199999999989998e-01 4.464964725883470e-01 -9.581059739960358e-01
-4.099999999990001e-01 4.477716255973238e-01 -9.586351625713810e-01
-3.999999999989998e-01 4.490466877555975e-01 -9.591515628202771e-01
-3.899999999990000e-01 4.503216612544929e-01 -9.596551774253085e-01
-3.799999999989998e-01 4.515965482872344e-01 -9.601460090040541e-01
-3.699999999990000e-01 4.528713510488897e-01 -9.606240601089837e-01
-3.599999999989998e-01 4.541460717363107e-01 -9.610893332273708e-01
-3.499999999990000e-01 4.554207125480779e-01 -9.615418307811934e-01
-3.399999999989998e-01 4.566952756844460e-01 -9.619815551270510e-01
-3.299999999990000e-01 4.579697633472872e-01 -9.624085085560787e-01
-3.199999999989998e-01 4.592441777400390e-01 -9.628226932938619e-01
-3.099999999990000e-01 4.605185210676496e-01 -9.632241115003596e-01
-2.999999999989997e-01 4.617927955365256e-01 -9.636127652698284e-01
-2.899999999989999e-01 4.630670033544802e-01 -9.639886566307456e-01
-2.799999999989997e-01 4.643411467306817e-01 -9.643517875457420e-01
-2.699999999989999e-01 4.656152278756025e-01 -9.647021599115324e-01
-2.599999999989997e-01 4.668892490009690e-01 -9.650397755588476e-01
-2.499999999989999e-01 4.681632123197120e-01 -9.653646362523759e-01
-2.399999999989997e-01 4.694371200459178e-01 -9.656767436906991e-01
-2.299999999989999e-01 4.707109743947793e-01 -9.659760995062381e-01
-2.199999999989997e-01 4.719847775825480e-01 -9.662627052651950e-01
-2.099999999989999e-01 4.732585318264864e-01 -9.665365624675031e-01
-1.999999999989996e-01 4.745322393448209e-01 -9.667976725467740e-01
-1.899999999989999e-01 4.758059023566948e-01 -9.670460368702523e-01
-1.799999999989996e-01 4.770795230821221e-01 -9.672816567387681e-01
-1.699999999989998e-01 4.783531037419425e-01 -9.675045333866981e-01
-1.599999999990001e-01 4.796266465577738e-01 -9.677146679819194e-01
-1.499999999989998e-01 4.809001537519688e-01 -9.679120616257770e-01
-1.399999999990000e-01 4.821736275475693e-01 -9.680967153530436e-01
-1.299999999989998e-01 4.834470701682614e-01 -9.682686301318877e-01
-1.199999999990000e-01 4.847204838383318e-01 -9.684278068638440e-01
-1.099999999989998e-01 4.859938707826238e-01 -9.685742463837809e-01
-9.999999999900000e-02 4.872672332264927e-01 -9.687079494598756e-01
-8.999999999899977e-02 4.885405733957639e-01 -9.688289167935896e-01
-7.999999999899998e-02 4.898138935166872e-01 -9.689371490196459e-01
-6.999999999899975e-02 4.910871958158965e-01 -9.690326467060087e-01
-5.999999999899996e-02 4.923604825203642e-01 -9.691154103538654e-01
-4.999999999899973e-02 4.936337558573605e-01 -9.691854403976108e-01
-3.999999999899995e-02 4.949070180544092e-01 -9.692427372048316e-01
-2.999999999899972e-02 4.961802713392460e-01 -9.692873010762981e-01
-1.999999999899993e-02 4.974535179397760e-01 -9.693191322459520e-01
-9.999999998999698e-03 4.987267600840311e-01 -9.693382308809003e-01
1.000088900582341e-12 5.000000000001275e-01 -9.693445970814077e-01
1.000000000099988e-02 5.012732399162236e-01 -9.693382308808979e-01
2.000000000100055e-02 5.025464820604788e-01 -9.693191322459472e-01
3.000000000100034e-02 5.038197286610088e-01 -9.692873010762907e-01
4.000000000100012e-02 5.050929819458456e-01 -9.692427372048217e-01
5.000000000099991e-02 5.063662441428942e-01 -9.691854403975981e-01
6.000000000100059e-02 5.076395174798906e-01 -9.691154103538504e-01
7.000000000100037e-02 5.089128041843582e-01 -9.690326467059914e-01
8.000000000100016e-02 5.101861064835675e-01 -9.689371490196256e-01
9.000000000099995e-02 5.114594266044911e-01 -9.688289167935668e-01
1.000000000009997e-01 5.127327667737619e-01 -9.687079494598502e-01
1.100000000010004e-01 5.140061292176312e-01 -9.685742463837531e-01
1.200000000010002e-01 5.152795161619229e-01 -9.684278068638137e-01
1.300000000010000e-01 5.165529298319932e-01 -9.682686301318548e-01
1.400000000009998e-01 5.178263724526854e-01 -9.680967153530080e-01
1.500000000010004e-01 5.190998462482859e-01 -9.679120616257388e-01
1.600000000010002e-01 5.203733534424809e-01 -9.677146679818789e-01
1.700000000010000e-01 5.216468962583124e-01 -9.675045333866545e-01
1.800000000009998e-01 5.229204769181326e-01 -9.672816567387225e-01
1.900000000010005e-01 5.241940976435604e-01 -9.670460368702037e-01
2.000000000010003e-01 5.254677606554339e-01 -9.667976725467231e-01
2.100000000010001e-01 5.267414681737684e-01 -9.665365624674493e-01
2.200000000009998e-01 5.280152224177069e-01 -9.662627052651392e-01
2.300000000010005e-01 5.292890256054757e-01 -9.659760995061794e-01
2.400000000010003e-01 5.305628799543370e-01 -9.656767436906376e-01
2.500000000010001e-01 5.318367876805430e-01 -9.653646362523119e-01
2.600000000009999e-01 5.331107509992862e-01 -9.650397755587815e-01
2.700000000010006e-01 5.343847721246525e-01 -9.647021599114635e-01
2.800000000010003e-01 5.356588532695731e-01 -9.643517875456710e-01
2.900000000010001e-01 5.369329966457745e-01 -9.639886566306716e-01
3.000000000009999e-01 5.382072044637294e-01 -9.636127652697518e-01
3.100000000010006e-01 5.394814789326053e-01 -9.632241115002804e-01
3.200000000010004e-01 5.407558222602160e-01 -9.628226932937802e-01
3.300000000010002e-01 5.420302366529678e-01 -9.624085085559945e-01
3.400000000009999e-01 5.433047243158090e-01 -9.619815551269647e-01
3.500000000010006e-01 5.445792874521771e-01 -9.615418307811043e-01
3.600000000010004e-01 5.458539282639445e-01 -9.610893332272790e-01
3.700000000010002e-01 5.471286489513653e-01 -9.606240601088897e-01
3.800000000010000e-01 5.484034517130206e-01 -9.601460090039569e-01
3.900000000009998e-01 5.496783387457623e-01 -9.596551774252091e-01
4.000000000010004e-01 5.509533122446578e-01 -9.591515628201750e-01
4.100000000010002e-01 5.522283744029314e-01 -9.586351625712769e-01
4.200000000010000e-01 5.535035274119081e-01 -9.581059739959288e-01
4.300000000009998e-01 5.547787734609541e-01 -9.575639943466376e-01
4.400000000010005e-01 5.560541147374168e-01 -9.570092208111081e-01
4.500000000010003e-01 5.573295534265653e-01 -9.564416505123486e-01
4.600000000010001e-01 5.586050917115278e-01 -9.558612805087838e-01
4.700000000009998e-01 5.598807317732302e-01 -9.552681077943689e-01
4.800000000010005e-01 5.611564757903320e-01 -9.546621292987074e-01
4.900000000010003e-01 5.624323259391629e-01 -9.540433418871737e-01
5.000000000010001e-01 5.637082843936564e-01 -9.534117423610386e-01
5.100000000009999e-01 5.649843533252834e-01 -9.527673274575973e-01
5.200000000010006e-01 5.662605349029864e-01 -9.521100938503041e-01
5.300000000010003e-01 5.675368312931081e-01 -9.514400381489100e-01
5.400000000010001e-01 5.688132446593241e-01 -9.507571568996025e-01
5.500000000009999e-01 5.700897771625698e-01 -9.500614465851518e-01
5.600000000010006e-01 5.713664309609704e-01 -9.493529036250602e-01
5.700000000010004e-01 5.726432082097656e-01 -9.486315243757171e-01
5.800000000010002e-01 5.739201110612364e-01 -9.478973051305551e-01
5.900000000009999e-01 5.751971416646283e-01 -9.471502421202149e-01
6.000000000010006e-01 5.764743021660733e-01 -9.463903315127123e-01
6.100000000010004e-01 5.777515947085136e-01 -9.456175694136083e-01
6.200000000010002e-01 5.790290214316183e-01 -9.448319518661898e-01
6.300000000010000e-01 5.803065844717048e-01 -9.440334748516478e-01
6.400000000009998e-01 5.815842859616542e-01 -9.432221342892656e-01
6.500000000010004e-01 5.828621280308275e-01 -9.423979260366122e-01
6.600000000010002e-01 5.841401128049789e-01 -9.415608458897363e-01
6.700000000010000e-01 5.854182424061686e-01 -9.407108895833717e-01
6.800000000009998e-01 5.866965189526736e-01 -9.398480527911434e-01
6.900000000010005e-01 5.879749445588979e-01 -9.389723311257823e-01
7.000000000010003e-01 5.892535213352766e-01 -9.380837201393442e-01
7.100000000010001e-01 5.905322513881862e-01 -9.371822153234343e-01
7.200000000009998e-01 5.918111368198450e-01 -9.362678121094399e-01
7.300000000010005e-01 5.930901797282166e-01 -9.353405058687656e-01
7.400000000010003e-01 5.943693822069102e-01 -9.344002919130786e-01
7.500000000010001e-01 5.956487463450786e-01 -9.334471654945561e-01
7.600000000009999e-01 5.969282742273150e-01 -9.324811218061455e-01
7.700000000010006e-01 5.982079679335471e-01 -9.315021559818246e-01
7.800000000010003e-01 5.994878295389300e-01 -9.305102630968722e-01
7.900000000010001e-01 6.007678611137359e-01 -9.295054381681456e-01
8.000000000009999e-01 6.020480647232432e-01 -9.284876761543650e-01
8.100000000010006e-01 6.033284424276217e-01 -9.274569719564025e-01
8.200000000010004e-01 6.046089962818164e-01 -9.264133204175862e-01
8.300000000010002e-01 6.058897283354305e-01 -9.253567163240017e-01
8.400000000009999e-01 6.071706406326030e-01 -9.242871544048079e-01
8.500000000010006e-01 6.084517352118860e-01 -9.232046293325628e-01
8.600000000010004e-01 6.097330141061201e-01 -9.221091357235506e-01
8.700000000010002e-01 6.110144793423042e-01 -9.210006681381213e-01
8.800000000010000e-01 6.122961329414685e-01 -9.198792210810419e-01
8.900000000009998e-01 6.135779769185378e-01 -9.187447890018485e-01
9.000000000010004e-01 6.148600132821974e-01 -9.175973662952140e-01
9.100000000010002e-01 6.161422440347549e-01 -9.164369473013249e-01
9.200000000010000e-01 6.174246711719976e-01 -9.152635263062628e-01
9.300000000009998e-01 6.187072966830501e-01 -9.140770975423994e-01
9.400000000010005e-01 6.199901225502266e-01 -9.128776551888003e-01
9.500000000010003e-01 6.212731507488801e-01 -9.116651933716406e-01
9.600000000010001e-01 6.225563832472510e-01 -9.104397061646278e-01
9.700000000009998e-01 6.238398220063098e-01 -9.092011875894354e-01
9.800000000010005e-01 6.251234689795990e-01 -9.079496316161535e-01
9.900000000010003e-01 6.264073261130699e-01 -9.066850321637407e-01
1.000000000001000e+00 6.276913953449175e-01 -9.054073831004974e-01
1.010000000001000e+00 6.289756786054114e-01 -9.041166782445407e-01
1.020000000001001e+00 6.302601778167223e-01 -9.028129113643004e-01
1.030000000001000e+00 6.315448948927480e-01 -9.014960761790236e-01
1.040000000001000e+00 6.328298317389323e-01 -9.001661663592883e-01
1.050000000001000e+00 6.341149902520818e-01 -8.988231755275349e-01
1.060000000001001e+00 6.354003723201803e-01 -8.974670972586102e-01
1.070000000001000e+00 6.366859798221955e-01 -8.960979250803208e-01
1.080000000001000e+00 6.379718146278868e-01 -8.947156524740048e-01
1.090000000001000e+00 6.392578785976061e-01 -8.933202728751155e-01
1.100000000001001e+00 6.405441735820929e-01 -8.919117796738201e-01
1.110000000001000e+00 6.418307014222699e-01 -8.904901662156123e-01
1.120000000001000e+00 6.431174639490306e-01 -8.890554258019406e-01
1.130000000001000e+00 6.444044629830232e-01 -8.876075516908523e-01
1.140000000001000e+00 6.456917003344316e-01 -8.861465370976533e-01
1.150000000001000e+00 6.469791778027496e-01 -8.846723751955838e-01
1.160000000001000e+00 6.482668971765525e-01 -8.831850591165097e-01
1.170000000001000e+00 6.495548602332627e-01 -8.816845819516348e-01
1.180000000001000e+00 6.508430687389103e-01 -8.801709367522234e-01
1.190000000001000e+00 6.521315244478905e-01 -8.786441165303503e-01
1.200000000001000e+00 6.534202291027119e-01 -8.771041142596593e-01
1.210000000001000e+00 6.547091844337461e-01 -8.755509228761472e-01
1.220000000001000e+00 6.559983921589642e-01 -8.739845352789652e-01
1.230000000001001e+00 6.572878539836750e-01 -8.724049443312364e-01
1.240000000001000e+00 6.585775716002520e-01 -8.708121428609008e-01
1.250000000001000e+00 6.598675466878589e-01 -8.692061236615737e-01
1.260000000001000e+00 6.611577809121670e-01 -8.675868794934277e-01
1.270000000001001e+00 6.624482759250671e-01 -8.659544030840999e-01
1.280000000001000e+00 6.637390333643747e-01 -8.643086871296143e-01
1.290000000001000e+00 6.650300548535311e-01 -8.626497242953327e-01
1.300000000001000e+00 6.663213420012964e-01 -8.609775072169268e-01
1.310000000001001e+00 6.676128964014358e-01 -8.592920285013729e-01
1.320000000001000e+00 6.689047196323998e-01 -8.575932807279744e-01
1.330000000001000e+00 6.701968132569989e-01 -8.558812564494049e-01
1.340000000001000e+00 6.714891788220680e-01 -8.541559481927785e-01
1.350000000001001e+00 6.727818178581284e-01 -8.524173484607503e-01
1.360000000001000e+00 6.740747318790367e-01 -8.506654497326381e-01
1.370000000001000e+00 6.753679223816328e-01 -8.489002444655726e-01
1.380000000001000e+00 6.766613908453747e-01 -8.471217250956804e-01
1.390000000001000e+00 6.779551387319684e-01 -8.453298840392894e-01
1.400000000001000e+00 6.792491674849904e-01 -8.435247136941709e-01
1.410000000001000e+00 6.805434785294986e-01 -8.417062064408041e-01
1.420000000001000e+00 6.818380732716387e-01 -8.398743546436792e-01
1.430000000001000e+00 6.831329530982405e-01 -8.380291506526268e-01
1.440000000001000e+00 6.844281193764061e-01 -8.361705868041840e-01
1.450000000001000e+00 6.857235734530865e-01 -8.342986554229918e-01
1.460000000001000e+00 6.870193166546531e-01 -8.324133488232266e-01
1.470000000001000e+00 6.883153502864578e-01 -8.305146593100678e-01
1.480000000001001e+00 6.896116756323829e-01 -8.286025791812028e-01
1.490000000001000e+00 6.909082939543819e-01 -8.266771007283661e-01
1.500000000001000e+00 6.922052064920122e-01 -8.247382162389175e-01
1.510000000001000e+00 6.935024144619527e-01 -8.227859179974606e-01
1.520000000001001e+00 6.947999190575178e-01 -8.208201982875000e-01
1.530000000001000e+00 6.960977214481525e-01 -8.188410493931371e-01
1.540000000001000e+00 6.973958227789249e-01 -8.168484636008130e-01
1.550000000001000e+00 6.986942241700003e-01 -8.148424332010898e-01
1.560000000001001e+00 6.999929267161092e-01 -8.128229504904773e-01
1.570000000001000e+00 7.012919314859992e-01 -8.107900077733062e-01
1.580000000001000e+00 7.025912395218784e-01 -8.087435973636468e-01
1.590000000001000e+00 7.038908518388439e-01 -8.066837115872720e-01
1.600000000001001e+00 7.051907694242986e-01 -8.046103427836760e-01
1.610000000001000e+00 7.064909932373556e-01 -8.025234833081365e-01
1.620000000001000e+00 7.077915242082283e-01 -8.004231255338308e-01
1.630000000001000e+00 7.090923632376076e-01 -7.983092618540057e-01
1.640000000001000e+00 7.103935111960242e-01 -7.961818846841976e-01
1.650000000001000e+00 7.116949689231983e-01 -7.940409864645128e-01
1.660000000001000e+00 7.129967372273731e-01 -7.918865596619599e-01
1.670000000001000e+00 7.142988168846344e-01 -7.897185967728428e-01
1.680000000001000e+00 7.156012086382132e-01 -7.875370903252157e-01
1.690000000001000e+00 7.169039131977761e-01 -7.853420328813929e-01
1.700000000001000e+00 7.182069312386938e-01 -7.831334170405289e-01
1.710000000001000e+00 7.195102634013010e-01 -7.809112354412571e-01
1.720000000001000e+00 7.208139102901305e-01 -7.786754807643987e-01
1.730000000001001e+00 7.221178724731375e-01 -7.764261457357383e-01
1.740000000001000e+00 7.234221504809012e-01 -7.741632231288688e-01
1.750000000001000e+00 7.247267448058111e-01 -7.718867057681068e-01
1.760000000001000e+00 7.260316559012335e-01 -7.695965865314860e-01
1.770000000001001e+00 7.273368841806579e-01 -7.672928583538188e-01
1.780000000001000e+00 7.286424300168256e-01 -7.649755142298444e-01
1.790000000001000e+00 7.299482937408376e-01 -7.626445472174488e-01
1.800000000001000e+00 7.312544756412401e-01 -7.602999504409690e-01
1.810000000001001e+00 7.325609759630932e-01 -7.579417170945815e-01
1.820000000001000e+00 7.338677949070114e-01 -7.555698404457786e-01
1.830000000001000e+00 7.351749326281884e-01 -7.531843138389290e-01
1.840000000001000e+00 7.364823892353947e-01 -7.507851306989325e-01
1.850000000001001e+00 7.377901647899546e-01 -7.483722845349663e-01
1.860000000001000e+00 7.390982593046953e-01 -7.459457689443282e-01
1.870000000001000e+00 7.404066727428770e-01 -7.435055776163774e-01
1.880000000001000e+00 7.417154050170918e-01 -7.410517043365766e-01
1.890000000001000e+00 7.430244559881417e-01 -7.385841429906369e-01
1.900000000001000e+00 7.443338254638867e-01 -7.361028875687730e-01
1.910000000001000e+00 7.456435131980655e-01 -7.336079321700629e-01
1.920000000001000e+00 7.469535188890917e-01 -7.310992710069228e-01
1.930000000001000e+00 7.482638421788166e-01 -7.285768984096999e-01
1.940000000001000e+00 7.495744826512659e-01 -7.260408088313783e-01
1.950000000001000e+00 7.508854398313445e-01 -7.234909968524152e-01
1.960000000001000e+00 7.521967131835091e-01 -7.209274571856950e-01
1.970000000001000e+00 7.535083021104126e-01 -7.183501846816146e-01
1.980000000001001e+00 7.548202059515113e-01 -7.157591743333073e-01
1.990000000001000e+00 7.561324239816405e-01 -7.131544212819948e-01
2.000000000001000e+00 7.574449554095557e-01 -7.105359208224856e-01
2.010000000001000e+00 7.587577993764376e-01 -7.079036684088122e-01
2.020000000001001e+00 7.600709549543609e-01 -7.052576596600247e-01
2.030000000001000e+00 7.613844211447250e-01 -7.025978903661277e-01
2.040000000001000e+00 7.626981968766456e-01 -6.999243564941825e-01
2.050000000001000e+00 7.640122810053093e-01 -6.972370541945632e-01
2.060000000001001e+00 7.653266723102847e-01 -6.945359798073863e-01
2.070000000001000e+00 7.666413694937914e-01 -6.918211298691060e-01
2.080000000001000e+00 7.679563711789300e-01 -6.890925011192863e-01
2.090000000001000e+00 7.692716759078617e-01 -6.863500905075547e-01
2.100000000001001e+00 7.705872821399481e-01 -6.835938952007442e-01
2.110000000001000e+00 7.719031882498404e-01 -6.808239125902207e-01
2.120000000001000e+00 7.732193925255231e-01 -6.780401402994155e-01
2.130000000001000e+00 7.745358931663059e-01 -6.752425761915540e-01
2.140000000001001e+00 7.758526882807667e-01 -6.724312183775968e-01
2.150000000001000e+00 7.771697758846406e-01 -6.696060652243963e-01
2.160000000001000e+00 7.784871538986577e-01 -6.667671153630714e-01
2.170000000001000e+00 7.798048201463219e-01 -6.639143676976154e-01
2.180000000001000e+00 7.811227723516353e-01 -6.610478214137341e-01
2.190000000001000e+00 7.824410081367642e-01 -6.581674759879280e-01
2.200000000001000e+00 7.837595250196421e-01 -6.552733311968232e-01
2.210000000001000e+00 7.850783204115148e-01 -6.523653871267597e-01
2.220000000001000e+00 7.863973916144160e-01 -6.494436441836433e-01
2.230000000001001e+00 7.877167358185831e-01 -6.465081031030696e-01
2.240000000001000e+00 7.890363500998017e-01 -6.435587649607297e-01
2.250000000001000e+00 7.903562314166792e-01 -6.405956311831074e-01
2.260000000001000e+00 7.916763766078511e-01 -6.376187035584676e-01
2.270000000001001e+00 7.929967823891086e-01 -6.346279842481609e-01
2.280000000001000e+00 7.943174453504529e-01 -6.316234757982399e-01
2.290000000001000e+00 7.956383619530690e-01 -6.286051811514021e-01
2.300000000001000e+00 7.969595285262210e-01 -6.255731036592727e-01
2.310000000001001e+00 7.982809412640616e-01 -6.225272470950334e-01
2.320000000001000e+00 7.996025962223565e-01 -6.194676156664094e-01
2.330000000001000e+00 8.009244893151211e-01 -6.163942140290258e-01
2.340000000001000e+00 8.022466163111640e-01 -6.133070473001471e-01
2.350000000001001e+00 8.035689728305389e-01 -6.102061210728073e-01
2.360000000001000e+00 8.048915543408961e-01 -6.070914414303511e-01
2.370000000001000e+00 8.062143561537375e-01 -6.039630149613896e-01
2.380000000001000e+00 8.075373734205661e-01 -6.008208487751890e-01
2.390000000001001e+00 8.088606011289282e-01 -5.976649505175088e-01
2.400000000001000e+00 8.101840340983480e-01 -5.944953283868997e-01
2.410000000001000e+00 8.115076669761483e-01 -5.913119911514751e-01
2.420000000001000e+00 8.128314942331512e-01 -5.881149481661804e-01
2.430000000001000e+00 8.141555101592627e-01 -5.849042093905614e-01
2.440000000001000e+00 8.154797088589295e-01 -5.816797854070667e-01
2.450000000001000e+00 8.168040842464662e-01 -5.784416874398851e-01
2.460000000001000e+00 8.181286300412529e-01 -5.751899273743459e-01
2.470000000001000e+00 8.194533397627927e-01 -5.719245177768969e-01
2.480000000001001e+00 8.207782067256286e-01 -5.686454719156834e-01
2.490000000001000e+00 8.221032240341124e-01 -5.653528037817408e-01
2.500000000001000e+00 8.234283845770252e-01 -5.620465281108311e-01
2.510000000001000e+00 8.247536810220375e-01 -5.587266604059365e-01
2.520000000001001e+00 8.260791058100104e-01 -5.553932169604415e-01
2.530000000001000e+00 8.274046511491290e-01 -5.520462148820157e-01
2.540000000001000e+00 8.287303090088619e-01 -5.486856721172351e-01
2.550000000001000e+00 8.300560711137424e-01 -5.453116074769555e-01
2.560000000001001e+00 8.313819289369669e-01 -5.419240406624710e-01
2.570000000001000e+00 8.327078736937973e-01 -5.385229922924842e-01
2.580000000001000e+00 8.340338963347711e-01 -5.351084839309143e-01
2.590000000001000e+00 8.353599875387014e-01 -5.316805381155734e-01
2.600000000001001e+00 8.366861377054704e-01 -5.282391783877459e-01
2.610000000001000e+00 8.380123369485973e-01 -5.247844293226979e-01
2.620000000001000e+00 8.393385750875854e-01 -5.213163165611520e-01
2.630000000001000e+00 8.406648416400269e-01 -5.178348668417626e-01
2.640000000001001e+00 8.419911258134717e-01 -5.143401080346295e-01
2.650000000001000e+00 8.433174164970388e-01 -5.108320691758833e-01
2.660000000001000e+00 8.446437022527649e-01 -5.073107805033893e-01
2.670000000001000e+00 8.459699713066875e-01 -5.037762734935990e-01
2.680000000001000e+00 8.472962115396402e-01 -5.002285808996091e-01
2.690000000001000e+00 8.486224104777635e-01 -4.966677367904523e-01
2.700000000001000e+00 8.499485552827062e-01 -4.930937765916881e-01
2.710000000001000e+00 8.512746327415205e-01 -4.895067371273223e-01
2.720000000001000e+00 8.526006292562256e-01 -4.859066566631197e-01
2.730000000001001e+00 8.539265308330383e-01 -4.822935749513548e-01
2.740000000001000e+00 8.552523230712514e-01 -4.786675332770667e-01
2.750000000001000e+00 8.565779911517477e-01 -4.750285745058548e-01
2.760000000001000e+00 8.579035198251397e-01 -4.713767431333009e-01
2.770000000001001e+00 8.592288933995131e-01 -4.677120853360638e-01
2.780000000001000e+00 8.605540957277651e-01 -4.640346490247191e-01
2.790000000001000e+00 8.618791101945196e-01 -4.603444838984071e-01
2.800000000001000e+00 8.632039197026016e-01 -4.566416415013695e-01
2.810000000001001e+00 8.645285066590536e-01 -4.529261752814438e-01
2.820000000001000e+00 8.658528529606776e-01 -4.491981406505960e-01
2.830000000001000e+00 8.671769399790831e-01 -4.454575950475722e-01
2.840000000001000e+00 8.685007485452161e-01 -4.417045980027610e-01
2.850000000001001e+00 8.698242589333562e-01 -4.379392112053502e-01
2.860000000001000e+00 8.711474508445576e-01 -4.341614985728797e-01
2.870000000001000e+00 8.724703033895017e-01 -4.303715263232819e-01
2.880000000001000e+00 8.737927950707542e-01 -4.265693630495204e-01
2.890000000001001e+00 8.751149037643855e-01 -4.227550797969359e-01
2.900000000001000e+00 8.764366067009375e-01 -4.189287501434095e-01
2.910000000001000e+00 8.777578804457036e-01 -4.150904502824656e-01
2.920000000001000e+00 8.790787008782975e-01 -4.112402591094484e-01
2.930000000001000e+00 8.803990431714752e-01 -4.073782583108869e-01
2.940000000001000e+00 8.817188817691805e-01 -4.035045324572118e-01
2.950000000001000e+00 8.830381903637800e-01 -3.996191690989483e-01
2.960000000001000e+00 8.843569418724516e-01 -3.957222588665537e-01
2.970000000001000e+00 8.856751084126887e-01 -3.918138955740569e-01
2.980000000001001e+00 8.869926612768787e-01 -3.878941763266714e-01
2.990000000001000e+00 8.883095709059187e-01 -3.839632016325616e-01
3.000000000001000e+00 8.896258068618205e-01 -3.800210755189480e-01
3.010000000001000e+00 8.909413377992604e-01 -3.760679056527608e-01
3.020000000001001e+00 8.922561314360228e-01 -3.721038034660416e-01
3.030000000001000e+00 8.935701545222905e-01 -3.681288842863219e-01
3.040000000001000e+00 8.948833728087218e-01 -3.641432674722082e-01
3.050000000001000e+00 8.961957510132632e-01 -3.601470765544261e-01
3.060000000001001e+00 8.975072527866306e-01 -3.561404393825809e-01
3.070000000001000e+00 8.988178406763991e-01 -3.521234882779125e-01
3.080000000001000e+00 9.001274760896338e-01 -3.480963601923324e-01
3.090000000001000e+00 9.014361192539886e-01 -3.440591968740617e-01
3.100000000001001e+00 9.027437291771938e-01 -3.400121450401841e-01
3.110000000001000e+00 9.040502636048604e-01 -3.359553565564721e-01
3.120000000001000e+00 9.053556789765071e-01 -3.318889886248417e-01
3.130000000001000e+00 9.066599303797254e-01 -3.278132039788358e-01
3.140000000001001e+00 9.079629715023837e-01 -3.237281710875432e-01
3.150000000001000e+00 9.092647545827702e-01 -3.196340643683875e-01
3.160000000001000e+00 9.105652303575654e-01 -3.155310644092608e-01
3.170000000001000e+00 9.118643480075302e-01 -3.114193582004884e-01
3.180000000001000e+00 9.131620551007836e-01 -3.072991393771537e-01
3.190000000001000e+00 9.144582975335486e-01 -3.031706084723438e-01
3.200000000001000e+00 9.157530194682120e-01 -2.990339731819096e-01
3.210000000001000e+00 9.170461632685694e-01 -2.948894486413772e-01
3.220000000001000e+00 9.183376694320791e-01 -2.907372577156878e-01
3.230000000001001e+00 9.196274765189695e-01 -2.865776313024864e-01
3.240000000001000e+00 9.209155210780116e-01 -2.824108086497399e-01
3.250000000001000e+00 9.222017375687688e-01 -2.782370376884966e-01
3.260000000001000e+00 9.234860582801153e-01 -2.740565753816811e-01
3.270000000001001e+00 9.247684132448015e-01 -2.698696880898657e-01
3.280000000001000e+00 9.260487301498338e-01 -2.656766519550343e-01
3.290000000001000e+00 9.273269342424070e-01 -2.614777533034160e-01
3.300000000001000e+00 9.286029482311253e-01 -2.572732890685677e-01
3.310000000001001e+00 9.298766921822120e-01 -2.530635672359472e-01
3.320000000001000e+00 9.311480834103910e-01 -2.488489073103335e-01
3.330000000001000e+00 9.324170363641103e-01 -2.446296408075359e-01
3.340000000001000e+00 9.336834625047261e-01 -2.404061117719627e-01
3.350000000001001e+00 9.349472701792613e-01 -2.361786773217313e-01
3.360000000001000e+00 9.362083644863104e-01 -2.319477082231457e-01
3.370000000001000e+00 9.374666471346222e-01 -2.277135894965004e-01
3.380000000001000e+00 9.387220162938650e-01 -2.234767210553552e-01
3.390000000001001e+00 9.399743664370253e-01 -2.192375183815788e-01
3.400000000001000e+00 9.412235881738552e-01 -2.149964132386762e-01
3.410000000001000e+00 9.424695680747234e-01 -2.107538544261116e-01
3.420000000001000e+00 9.437121884841703e-01 -2.065103085776012e-01
3.430000000001000e+00 9.449513273234083e-01 -2.022662610065897e-01
3.440000000001000e+00 9.461868578809360e-01 -1.980222166024419e-01
3.450000000001000e+00 9.474186485903534e-01 -1.937787007811819e-01
3.460000000001000e+00 9.486465627943869e-01 -1.895362604949976e-01
3.470000000001000e+00 9.498704584940280e-01 -1.852954653051183e-01
3.480000000001001e+00 9.510901880815935e-01 -1.810569085231215e-01
3.490000000001000e+00 9.523055980563770e-01 -1.768212084262476e-01
3.500000000001000e+00 9.535165287214424e-01 -1.725890095528362e-01
3.510000000001000e+00 9.547228138599521e-01 -1.683609840846727e-01
3.520000000001001e+00 9.559242803892467e-01 -1.641378333237063e-01
3.530000000001000e+00 9.571207479907056e-01 -1.599202892714505e-01
3.540000000001000e+00 9.583120287131942e-01 -1.557091163202560e-01
3.550000000001000e+00 9.594979265476540e-01 -1.515051130667166e-01
3.560000000001001e+00 9.606782369701086e-01 -1.473091142586224e-01
3.570000000001000e+00 9.618527464500352e-01 -1.431219928882464e-01
3.580000000001000e+00 9.630212319206769e-01 -1.389446624462758e-01
3.590000000001000e+00 9.641834602074382e-01 -1.347780793524918e-01
3.600000000001001e+00 9.653391874100292e-01 -1.306232455813239e-01
3.610000000001000e+00 9.664881582334337e-01 -1.264812115027798e-01
3.620000000001000e+00 9.676301052621256e-01 -1.223530789619856e-01
3.630000000001000e+00 9.687647481711903e-01 -1.182400046237566e-01
3.640000000001001e+00 9.698917928670896e-01 -1.141432036123515e-01
3.650000000001000e+00 9.710109305497602e-01 -1.100639534809299e-01
3.660000000001000e+00 9.721218366864864e-01 -1.060035985503958e-01
3.670000000001000e+00 9.732241698864906e-01 -1.019635546634143e-01
3.680000000001000e+00 9.743175706634323e-01 -9.794531440664969e-02
3.690000000001000e+00 9.754016600708821e-01 -9.395045286297518e-02
3.700000000001000e+00 9.764760381933003e-01 -8.998063396584878e-02
3.710000000001000e+00 9.775402824719540e-01 -8.603761754068597e-02
3.720000000001000e+00 9.785939458414751e-01 -8.212326713346153e-02
3.730000000001001e+00 9.796365546481338e-01 -7.823955874559163e-02
3.740000000001000e+00 9.806676063152439e-01 -7.438859061740058e-02
3.750000000001000e+00 9.816865667140531e-01 -7.057259423133612e-02
3.760000000001000e+00 9.826928671895987e-01 -6.679394674226244e-02
3.770000000001001e+00 9.836859011798471e-01 -6.305518508781742e-02
3.780000000001000e+00 9.846650203521461e-01 -5.935902209003561e-02
3.790000000001000e+00 9.856295301626227e-01 -5.570836493436469e-02
3.800000000001000e+00 9.865786847202274e-01 -5.210633650971377e-02
3.810000000001001e+00 9.875116808055489e-01 -4.855630022152478e-02
3.820000000001000e+00 9.884276508524310e-01 -4.506188906099013e-02
3.830000000001000e+00 9.893256546434528e-01 -4.162703994491591e-02
3.840000000001000e+00 9.902046693920414e-01 -3.825603465836672e-02
3.850000000001001e+00 9.910635777746198e-01 -3.495354917575449e-02
3.860000000001000e+00 9.919011533204068e-01 -3.172471376714468e-02
3.870000000001000e+00 9.927160423399334e-01 -2.857518721372685e-02
3.880000000001000e+00 9.935067412358943e-01 -2.551124982146081e-02
3.890000000001001e+00 9.942715675235402e-01 -2.253992200929497e-02
3.900000000001000e+00 9.950086220725879e-01 -1.966911854107195e-02
3.910000000001000e+00 9.957157387484358e-01 -1.690785385499576e-02
3.920000000001000e+00 9.963904153523421e-01 -1.426652313201129e-02
3.930000000001001e+00 9.970297156682237e-01 -1.175730023465564e-02
3.940000000001000e+00 9.976301246056325e-01 -9.394725130005206e-03
3.950000000001000e+00 9.981873222938885e-01 -7.196618332183416e-03
3.960000000001000e+00 9.986958061961078e-01 -5.185607806262509e-03
3.970000000001000e+00 9.991481943186951e-01 -3.391939434619426e-03
3.980000000001001e+00 9.995337375495651e-01 -1.859466688762828e-03
3.990000000001000e+00 9.998342197095175e-01 -6.621275558577461e-04
