-3.464101615136754e+00 2.794049726834093e-19 -9.678872171499506e-19
-3.364101615136754e+00 7.987111271889136e-03 -2.719794012889370e-02
-3.264101615136754e+00 2.069369187794588e-02 -6.928767350209343e-02
-3.164101615136754e+00 3.516738832460449e-02 -1.157978985895270e-01
-3.064101615136754e+00 5.047748216874496e-02 -1.634703769852957e-01
-2.964101615136754e+00 6.618667153332908e-02 -2.108173184936086e-01
-2.864101615136754e+00 8.206268834922215e-02 -2.570809099822628e-01
-2.764101615136754e+00 9.797430207023719e-02 -3.018578911752047e-01
-2.664101615136754e+00 1.138450606327506e-01 -3.449333063822219e-01
-2.564101615136754e+00 1.296301217058094e-01 -3.861979040487452e-01
-2.464101615136754e+00 1.453036968526725e-01 -4.256038659113200e-01
-2.364101615136754e+00 1.608518484276807e-01 -4.631397646959150e-01
-2.264101615136754e+00 1.762681749420442e-01 -4.988158216312135e-01
-2.164101615136754e+00 1.915511381236170e-01 -5.326549635306382e-01
-2.064101615136754e+00 2.067023623684670e-01 -5.646872761534220e-01
-1.964101615136754e+00 2.217255298570749e-01 -5.949465099158636e-01
-1.864101615136754e+00 2.366256508816024e-01 -6.234678576365783e-01
-1.764101615136754e+00 2.514085761118048e-01 -6.502865368795211e-01
-1.664101615136754e+00 2.660806679740800e-01 -6.754368894420830e-01
-1.564101615136754e+00 2.806485784344668e-01 -6.989518172494523e-01
-1.464101615136754e+00 2.951190989473470e-01 -7.208624388526980e-01
-1.364101615136754e+00 3.094990599302864e-01 -7.411978911402897e-01
-1.264101615136754e+00 3.237952645612911e-01 -7.599852265187346e-01
-1.164101615136754e+00 3.380144465501244e-01 -7.772493723723698e-01
-1.064101615136754e+00 3.521632447578481e-01 -7.930131304571986e-01
-9.641016151367543e-01 3.662481897088836e-01 -8.072972010794590e-01
-8.641016151367542e-01 3.802756985203822e-01 -8.201202217365725e-01
-7.641016151367541e-01 3.942520757954081e-01 -8.314988131656587e-01
-6.641016151367540e-01 4.081835187387860e-01 -8.414476279730150e-01
-5.641016151367539e-01 4.220761252554690e-01 -8.499793985459229e-01
-4.641016151367543e-01 4.359359041462548e-01 -8.571049819997086e-01
-3.641016151367542e-01 4.497687867685489e-01 -8.628334006380526e-01
-2.641016151367541e-01 4.635806397104994e-01 -8.671718769043766e-01
-1.641016151367540e-01 4.773772781556953e-01 -8.701258621462760e-01
-6.410161513675394e-02 4.911644797067891e-01 -8.716990587526596e-01
3.589838486324570e-02 5.049479984994838e-01 -8.718934353791896e-01
1.358983848632458e-01 5.187335794798249e-01 -8.707092351137670e-01
2.358983848632459e-01 5.325269727418398e-01 -8.681449764830456e-01
3.358983848632460e-01 5.463339478316096e-01 -8.641974473053520e-01
4.358983848632461e-01 5.601603079188431e-01 -8.588616914426297e-01
5.358983848632457e-01 5.740119037173005e-01 -8.521309885897477e-01
6.358983848632462e-01 5.878946469991911e-01 -8.439968273429775e-01
7.358983848632459e-01 6.018145234922059e-01 -8.344488719367747e-01
8.358983848632455e-01 6.157776048654087e-01 -8.234749232509976e-01
9.358983848632461e-01 6.297900593932151e-01 -8.110608750002604e-01
1.035898384863246e+00 6.438581607223505e-01 -7.971906664672240e-01
1.135898384863246e+00 6.579882939367956e-01 -7.818462337943928e-01
1.235898384863246e+00 6.721869577932289e-01 -7.650074627958862e-01
1.335898384863246e+00 6.864607615452064e-01 -7.466521476253537e-01
1.435898384863246e+00 7.008164141298064e-01 -7.267559616385231e-01
1.535898384863246e+00 7.152607025684681e-01 -7.052924497200799e-01
1.635898384863246e+00 7.298004551017726e-01 -6.822330556648405e-01
1.735898384863246e+00 7.444424826321114e-01 -6.575472046260490e-01
1.835898384863246e+00 7.591934891696842e-01 -6.312024702920639e-01
1.935898384863246e+00 7.740599376588519e-01 -6.031648711248347e-01
2.035898384863246e+00 7.890478509798171e-01 -5.733993626244125e-01
2.135898384863246e+00 8.041625177091090e-01 -5.418706280654042e-01
2.235898384863246e+00 8.194080560595264e-01 -5.085443268362028e-01
2.335898384863246e+00 8.347867632500212e-01 -4.733890520468316e-01
2.435898384863246e+00 8.502981340684967e-01 -4.363794039408213e-01
2.535898384863246e+00 8.659373579311876e-01 -3.975008524522295e-01
2.635898384863246e+00 8.816929717238648e-01 -3.567575377688457e-01
2.735898384863246e+00 8.975431017622528e-01 -3.141850401730765e-01
2.835898384863246e+00 9.134492543463372e-01 -2.698718698815326e-01
2.935898384863246e+00 9.293456354391786e-01 -2.239969873877271e-01
3.035898384863246e+00 9.451197907503132e-01 -1.768986303451870e-01
3.135898384863246e+00 9.605749132470454e-01 -1.292095131252981e-01
3.235898384863246e+00 9.753483741514035e-01 -8.215067894277411e-02
3.335898384863246e+00 9.887021100782010e-01 -3.828840854080161e-02
3.435898384863246e+00 9.987161450819695e-01 -4.425801487922768e-03
