-3.464101615136754e+00 2.792578388914183e-19 -9.676624511525948e-19
-3.454101615136755e+00 2.762960770745477e-04 -9.554632950734021e-04
-3.444101615136754e+00 7.732634377957691e-04 -2.669421485722895e-03
-3.434101615136754e+00 1.405859912984342e-03 -4.844888143903586e-03
-3.424101615136754e+00 2.142375334381743e-03 -7.370396820095789e-03
-3.414101615136754e+00 2.963955099175391e-03 -1.017939668334984e-02
-3.404101615136754e+00 3.857608703567932e-03 -1.322589699140004e-02
-3.394101615136754e+00 4.813653040893864e-03 -1.647554026911088e-02
-3.384101615136754e+00 5.824505519661354e-03 -1.990137910720399e-02
-3.374101615136754e+00 6.884024387466734e-03 -2.348156273020645e-02
-3.364101615136754e+00 7.987111271889098e-03 -2.719794012889369e-02
-3.354101615136754e+00 9.129454352492386e-03 -3.103515552694353e-02
-3.344101615136754e+00 1.030735339339230e-02 -3.498003088267462e-02
-3.334101615136754e+00 1.151759550459320e-02 -3.902112654666271e-02
-3.324101615136754e+00 1.275736393648654e-02 -4.314841811320266e-02
-3.314101615136754e+00 1.402416926803306e-02 -4.735305216585380e-02
-3.304101615136754e+00 1.531579629109056e-02 -5.162715740815566e-02
-3.294101615136754e+00 1.663026221021915e-02 -5.596369578399489e-02
-3.284101615136754e+00 1.796578319818276e-02 -6.035634317274533e-02
-3.274101615136754e+00 1.932074725085576e-02 -6.479939241445601e-02
-3.264101615136754e+00 2.069369187794587e-02 -6.928767350209358e-02
-3.254101615136754e+00 2.208328556545896e-02 -7.381648718249986e-02
-3.244101615136754e+00 2.348831222166005e-02 -7.838154917847336e-02
-3.234101615136754e+00 2.490765801277902e-02 -8.297894292960570e-02
-3.224101615136754e+00 2.634030013448951e-02 -8.760507924247603e-02
-3.214101615136754e+00 2.778529716735647e-02 -9.225666160148306e-02
-3.204101615136755e+00 2.924178074029058e-02 -9.693065615963628e-02
-3.194101615136754e+00 3.070894828312828e-02 -1.016242656305606e-01
-3.184101615136754e+00 3.218605669297434e-02 -1.063349064570842e-01
-3.174101615136754e+00 3.367241677250676e-02 -1.110601887507626e-01
-3.164101615136754e+00 3.516738832460452e-02 -1.157978985895273e-01
-3.154101615136754e+00 3.667037580825547e-02 -1.205459823338180e-01
-3.144101615136754e+00 3.818082447706581e-02 -1.253025326797373e-01
-3.134101615136754e+00 3.969821693479945e-02 -1.300657762144328e-01
-3.124101615136754e+00 4.122207005296132e-02 -1.348340622766131e-01
-3.114101615136754e+00 4.275193220404909e-02 -1.396058529558235e-01
-3.104101615136754e+00 4.428738077114537e-02 -1.443797140892616e-01
-3.094101615136754e+00 4.582801990033797e-02 -1.491543071356836e-01
-3.084101615136754e+00 4.737347846726663e-02 -1.539283818231746e-01
-3.074101615136754e+00 4.892340823311710e-02 -1.587007694819359e-01
-3.064101615136754e+00 5.047748216874506e-02 -1.634703769852962e-01
-3.054101615136754e+00 5.203539292844980e-02 -1.682361812323277e-01
-3.044101615136754e+00 5.359685145731538e-02 -1.729972241140430e-01
-3.034101615136754e+00 5.516158571807712e-02 -1.777526079124885e-01
-3.024101615136754e+00 5.672933952520930e-02 -1.825014910882860e-01
-3.014101615136754e+00 5.829987147542422e-02 -1.872430844175563e-01
-3.004101615136754e+00 5.987295396505133e-02 -1.919766474437532e-01
-2.994101615136754e+00 6.144837228587573e-02 -1.967014852139458e-01
-2.984101615136754e+00 6.302592379197031e-02 -2.014169452725194e-01
-2.974101615136754e+00 6.460541713089103e-02 -2.061224148882874e-01
-2.964101615136754e+00 6.618667153332934e-02 -2.108173184936094e-01
-2.954101615136755e+00 6.776951615595028e-02 -2.155011153164155e-01
-2.944101615136754e+00 6.935378947269955e-02 -2.201732971880321e-01
-2.934101615136754e+00 7.093933871035293e-02 -2.248333865114764e-01
-2.924101615136754e+00 7.252601932451044e-02 -2.294809343764458e-01
-2.914101615136754e+00 7.411369451261761e-02 -2.341155188085947e-01
-2.904101615136754e+00 7.570223476093288e-02 -2.387367431419160e-01
-2.894101615136754e+00 7.729151742265784e-02 -2.433442345041195e-01
-2.884101615136754e+00 7.888142632471304e-02 -2.479376424058676e-01
-2.874101615136754e+00 8.047185140087784e-02 -2.525166374255772e-01
-2.864101615136754e+00 8.206268834922265e-02 -2.570809099822647e-01
-2.854101615136754e+00 8.365383831195236e-02 -2.616301691895957e-01
-2.844101615136754e+00 8.524520757594721e-02 -2.661641417849143e-01
-2.834101615136754e+00 8.683670729243899e-02 -2.706825711275721e-01
-2.824101615136754e+00 8.842825321439771e-02 -2.751852162613809e-01
-2.814101615136754e+00 9.001976545032471e-02 -2.796718510364469e-01
-2.804101615136754e+00 9.161116823326149e-02 -2.841422632860610e-01
-2.794101615136754e+00 9.320238970391991e-02 -2.885962540546636e-01
-2.784101615136754e+00 9.479336170693409e-02 -2.930336368732546e-01
-2.774101615136754e+00 9.638401959931125e-02 -2.974542370788909e-01
-2.764101615136754e+00 9.797430207023802e-02 -3.018578911752082e-01
-2.754101615136754e+00 9.956415097146164e-02 -3.062444462311301e-01
-2.744101615136755e+00 1.011535111575305e-01 -3.106137593151622e-01
-2.734101615136754e+00 1.027423303352316e-01 -3.149656969628670e-01
-2.724101615136754e+00 1.043305589216141e-01 -3.193001346752991e-01
-2.714101615136754e+00 1.059181499100371e-01 -3.236169564463585e-01
-2.704101615136755e+00 1.075050587437169e-01 -3.279160543171590e-01
-2.694101615136754e+00 1.090912431962938e-01 -3.321973279556659e-01
-2.684101615136754e+00 1.106766632589686e-01 -3.364606842599717e-01
-2.674101615136754e+00 1.122612810337964e-01 -3.407060369837135e-01
-2.664101615136754e+00 1.138450606327521e-01 -3.449333063822277e-01
-2.654101615136754e+00 1.154279680822090e-01 -3.491424188781497e-01
-2.644101615136754e+00 1.170099712325005e-01 -3.533333067452513e-01
-2.634101615136754e+00 1.185910396722535e-01 -3.575059078093989e-01
-2.624101615136754e+00 1.201711446472102e-01 -3.616601651655886e-01
-2.614101615136754e+00 1.217502589832645e-01 -3.657960269100861e-01
-2.604101615136754e+00 1.233283570134688e-01 -3.699134458867678e-01
-2.594101615136754e+00 1.249054145087759e-01 -3.740123794468247e-01
-2.584101615136754e+00 1.264814086122978e-01 -3.780927892210325e-01
-2.574101615136754e+00 1.280563177768821e-01 -3.821546409038652e-01
-2.564101615136754e+00 1.296301217058114e-01 -3.861979040487536e-01
-2.554101615136754e+00 1.312028012964529e-01 -3.902225518738599e-01
-2.544101615136754e+00 1.327743385866887e-01 -3.942285610777576e-01
-2.534101615136754e+00 1.343447167039748e-01 -3.982159116644631e-01
-2.524101615136754e+00 1.359139198168793e-01 -4.021845867772881e-01
-2.514101615136754e+00 1.374819330889677e-01 -4.061345725410237e-01
-2.504101615136754e+00 1.390487426349039e-01 -4.100658579119917e-01
-2.494101615136755e+00 1.406143354786486e-01 -4.139784345355333e-01
-2.484101615136754e+00 1.421786995136419e-01 -4.178722966105263e-01
-2.474101615136754e+00 1.437418234648639e-01 -4.217474407605480e-01
-2.464101615136754e+00 1.453036968526754e-01 -4.256038659113320e-01
-2.454101615136755e+00 1.468643099583428e-01 -4.294415731741724e-01
-2.444101615136754e+00 1.484236537911610e-01 -4.332605657349682e-01
-2.434101615136754e+00 1.499817200570900e-01 -4.370608487486027e-01
-2.424101615136754e+00 1.515385011288293e-01 -4.408424292383814e-01
-2.414101615136754e+00 1.530939900172543e-01 -4.446053160002660e-01
-2.404101615136754e+00 1.546481803441471e-01 -4.483495195116493e-01
-2.394101615136754e+00 1.562010663161553e-01 -4.520750518444441e-01
-2.384101615136754e+00 1.577526426999180e-01 -4.557819265822605e-01
-2.374101615136754e+00 1.593029047983010e-01 -4.594701587414666e-01
-2.364101615136754e+00 1.608518484276849e-01 -4.631397646959316e-01
-2.354101615136754e+00 1.623994698962562e-01 -4.667907621052713e-01
-2.344101615136754e+00 1.639457659832505e-01 -4.704231698464156e-01
-2.334101615136754e+00 1.654907339191041e-01 -4.740370079483363e-01
-2.324101615136754e+00 1.670343713664668e-01 -4.776322975297780e-01
-2.314101615136754e+00 1.685766764020371e-01 -4.812090607398413e-01
-2.304101615136754e+00 1.701176474991801e-01 -4.847673207012831e-01
-2.294101615136754e+00 1.716572835112904e-01 -4.883071014564001e-01
-2.284101615136755e+00 1.731955836558648e-01 -4.918284279153660e-01
-2.274101615136754e+00 1.747325474992524e-01 -4.953313258069133e-01
-2.264101615136754e+00 1.762681749420500e-01 -4.988158216312367e-01
-2.254101615136754e+00 1.778024662051122e-01 -5.022819426150199e-01
-2.244101615136755e+00 1.793354218161498e-01 -5.057297166684824e-01
-2.234101615136754e+00 1.808670425968871e-01 -5.091591723443492e-01
-2.224101615136754e+00 1.823973296507544e-01 -5.125703387986550e-01
-2.214101615136754e+00 1.839262843510909e-01 -5.159632457532961e-01
-2.204101615136755e+00 1.854539083298350e-01 -5.193379234602498e-01
-2.194101615136754e+00 1.869802034666795e-01 -5.226944026673813e-01
-2.184101615136754e+00 1.885051718786721e-01 -5.260327145857681e-01
-2.174101615136754e+00 1.900288159102407e-01 -5.293528908584679e-01
-2.164101615136754e+00 1.915511381236248e-01 -5.326549635306699e-01
-2.154101615136754e+00 1.930721412896958e-01 -5.359389650211600e-01
-2.144101615136754e+00 1.945918283791469e-01 -5.392049280950434e-01
-2.134101615136754e+00 1.961102025540405e-01 -5.424528858376694e-01
-2.124101615136754e+00 1.976272671596939e-01 -5.456828716296998e-01
-2.114101615136754e+00 1.991430257168907e-01 -5.488949191232747e-01
-2.104101615136754e+00 2.006574819144029e-01 -5.520890622192214e-01
-2.094101615136754e+00 2.021706396018113e-01 -5.552653350452635e-01
-2.084101615136754e+00 2.036825027826116e-01 -5.584237719351873e-01
-2.074101615136754e+00 2.051930756075927e-01 -5.615644074089166e-01
-2.064101615136754e+00 2.067023623684770e-01 -5.646872761534627e-01
-2.054101615136754e+00 2.082103674918118e-01 -5.677924130047083e-01
-2.044101615136754e+00 2.097170955331010e-01 -5.708798529299898e-01
-2.034101615136755e+00 2.112225511711657e-01 -5.739496310114391e-01
-2.024101615136754e+00 2.127267392027278e-01 -5.770017824300613e-01
-2.014101615136754e+00 2.142296645372030e-01 -5.800363424505028e-01
-2.004101615136754e+00 2.157313321916977e-01 -5.830533464064956e-01
-1.994101615136754e+00 2.172317472862015e-01 -5.860528296869340e-01
-1.984101615136754e+00 2.187309150389643e-01 -5.890348277225675e-01
-1.974101615136754e+00 2.202288407620544e-01 -5.919993759732776e-01
-1.964101615136754e+00 2.217255298570878e-01 -5.949465099159154e-01
-1.954101615136754e+00 2.232209878111222e-01 -5.978762650326760e-01
-1.944101615136754e+00 2.247152201927103e-01 -6.007886767999883e-01
-1.934101615136754e+00 2.262082326481039e-01 -6.036837806778942e-01
-1.924101615136754e+00 2.277000308976057e-01 -6.065616120999021e-01
-1.914101615136754e+00 2.291906207320597e-01 -6.094222064632909e-01
-1.904101615136754e+00 2.306800080094775e-01 -6.122655991198462e-01
-1.894101615136754e+00 2.321681986517934e-01 -6.150918253670119e-01
-1.884101615136754e+00 2.336551986417440e-01 -6.179009204394380e-01
-1.874101615136754e+00 2.351410140198678e-01 -6.206929195009104e-01
-1.864101615136754e+00 2.366256508816187e-01 -6.234678576366440e-01
-1.854101615136754e+00 2.381091153745911e-01 -6.262257698459259e-01
-1.844101615136754e+00 2.395914136958495e-01 -6.289666910350946e-01
-1.834101615136754e+00 2.410725520893623e-01 -6.316906560108380e-01
-1.824101615136754e+00 2.425525368435320e-01 -6.343976994738022e-01
-1.814101615136754e+00 2.440313742888207e-01 -6.370878560124938e-01
-1.804101615136754e+00 2.455090707954659e-01 -6.397611600974654e-01
-1.794101615136754e+00 2.469856327712841e-01 -6.424176460757726e-01
-1.784101615136754e+00 2.484610666595581e-01 -6.450573481656902e-01
-1.774101615136754e+00 2.499353789370058e-01 -6.476803004516818e-01
-1.764101615136754e+00 2.514085761118253e-01 -6.502865368796025e-01
-1.754101615136754e+00 2.528806647218175e-01 -6.528760912521366e-01
-1.744101615136754e+00 2.543516513325780e-01 -6.554489972244524e-01
-1.734101615136754e+00 2.558215425357604e-01 -6.580052883000690e-01
-1.724101615136754e+00 2.572903449474059e-01 -6.605449978269253e-01
-1.714101615136754e+00 2.587580652063365e-01 -6.630681589936439e-01
-1.704101615136754e+00 2.602247099726117e-01 -6.655748048259800e-01
-1.694101615136754e+00 2.616902859260430e-01 -6.680649681834502e-01
-1.684101615136754e+00 2.631547997647686e-01 -6.705386817561316e-01
-1.674101615136754e+00 2.646182582038800e-01 -6.729959780616268e-01
-1.664101615136754e+00 2.660806679741052e-01 -6.754368894421842e-01
-1.654101615136754e+00 2.675420358205418e-01 -6.778614480619715e-01
-1.644101615136754e+00 2.690023685014390e-01 -6.802696859044951e-01
-1.634101615136754e+00 2.704616727870295e-01 -6.826616347701544e-01
-1.624101615136754e+00 2.719199554584051e-01 -6.850373262739353e-01
-1.614101615136754e+00 2.733772233064383e-01 -6.873967918432269e-01
-1.604101615136754e+00 2.748334831307459e-01 -6.897400627157636e-01
-1.594101615136754e+00 2.762887417386943e-01 -6.920671699376845e-01
-1.584101615136754e+00 2.777430059444442e-01 -6.943781443617048e-01
-1.574101615136754e+00 2.791962825680334e-01 -6.966730166453969e-01
-1.564101615136754e+00 2.806485784344974e-01 -6.989518172495748e-01
-1.554101615136754e+00 2.820999003730252e-01 -7.012145764367769e-01
-1.544101615136754e+00 2.835502552161487e-01 -7.034613242698462e-01
-1.534101615136754e+00 2.849996497989673e-01 -7.056920906106011e-01
-1.524101615136754e+00 2.864480909584022e-01 -7.079069051185941e-01
-1.514101615136754e+00 2.878955855324828e-01 -7.101057972499535e-01
-1.504101615136754e+00 2.893421403596633e-01 -7.122887962563086e-01
-1.494101615136754e+00 2.907877622781665e-01 -7.144559311837886e-01
-1.484101615136754e+00 2.922324581253568e-01 -7.166072308720985e-01
-1.474101615136754e+00 2.936762347371391e-01 -7.187427239536640e-01
-1.464101615136754e+00 2.951190989473841e-01 -7.208624388528454e-01
-1.454101615136754e+00 2.965610575873778e-01 -7.229664037852171e-01
-1.444101615136754e+00 2.980021174852958e-01 -7.250546467569063e-01
-1.434101615136754e+00 2.994422854657002e-01 -7.271271955639970e-01
-1.424101615136754e+00 3.008815683490594e-01 -7.291840777919842e-01
-1.414101615136754e+00 3.023199729512887e-01 -7.312253208152906e-01
-1.404101615136754e+00 3.037575060833133e-01 -7.332509517968276e-01
-1.394101615136754e+00 3.051941745506495e-01 -7.352609976876137e-01
-1.384101615136754e+00 3.066299851530070e-01 -7.372554852264347e-01
-1.374101615136754e+00 3.080649446839088e-01 -7.392344409395544e-01
-1.364101615136754e+00 3.094990599303307e-01 -7.411978911404671e-01
-1.354101615136754e+00 3.109323376723559e-01 -7.431458619296903e-01
-1.344101615136754e+00 3.123647846828496e-01 -7.450783791946016e-01
-1.334101615136754e+00 3.137964077271470e-01 -7.469954686093089e-01
-1.324101615136754e+00 3.152272135627593e-01 -7.488971556345619e-01
-1.314101615136754e+00 3.166572089390934e-01 -7.507834655176949e-01
-1.304101615136754e+00 3.180864005971875e-01 -7.526544232926047e-01
-1.294101615136754e+00 3.195147952694595e-01 -7.545100537797579e-01
-1.284101615136754e+00 3.209423996794712e-01 -7.563503815862330e-01
-1.274101615136754e+00 3.223692205417028e-01 -7.581754311057856e-01
-1.264101615136754e+00 3.237952645613437e-01 -7.599852265189453e-01
-1.254101615136754e+00 3.252205384340926e-01 -7.617797917931375e-01
-1.244101615136754e+00 3.266450488459713e-01 -7.635591506828285e-01
-1.234101615136754e+00 3.280688024731496e-01 -7.653233267296968e-01
-1.224101615136754e+00 3.294918059817810e-01 -7.670723432628248e-01
-1.214101615136754e+00 3.309140660278500e-01 -7.688062233989135e-01
-1.204101615136754e+00 3.323355892570284e-01 -7.705249900425154e-01
-1.194101615136754e+00 3.337563823045436e-01 -7.722286658862887e-01
-1.184101615136754e+00 3.351764517950545e-01 -7.739172734112686e-01
-1.174101615136754e+00 3.365958043425385e-01 -7.755908348871546e-01
-1.164101615136754e+00 3.380144465501865e-01 -7.772493723726184e-01
-1.154101615136754e+00 3.394323850103070e-01 -7.788929077156213e-01
-1.144101615136754e+00 3.408496263042393e-01 -7.805214625537499e-01
-1.134101615136754e+00 3.422661770022734e-01 -7.821350583145654e-01
-1.124101615136754e+00 3.436820436635788e-01 -7.837337162159642e-01
-1.114101615136754e+00 3.450972328361417e-01 -7.853174572665518e-01
-1.104101615136754e+00 3.465117510567068e-01 -7.868863022660270e-01
-1.094101615136754e+00 3.479256048507304e-01 -7.884402718055785e-01
-1.084101615136754e+00 3.493388007323360e-01 -7.899793862682888e-01
-1.074101615136754e+00 3.507513452042796e-01 -7.915036658295507e-01
-1.064101615136754e+00 3.521632447579204e-01 -7.930131304574891e-01
-1.054101615136754e+00 3.535745058731976e-01 -7.945077999133940e-01
-1.044101615136754e+00 3.549851350186129e-01 -7.959876937521574e-01
-1.034101615136754e+00 3.563951386512199e-01 -7.974528313227212e-01
-1.024101615136754e+00 3.578045232166179e-01 -7.989032317685278e-01
-1.014101615136754e+00 3.592132951489521e-01 -8.003389140279785e-01
-1.004101615136754e+00 3.606214608709177e-01 -8.017598968348965e-01
-9.941016151367541e-01 3.620290267937709e-01 -8.031661987189950e-01
-9.841016151367543e-01 3.634359993173430e-01 -8.045578380063489e-01
-9.741016151367541e-01 3.648423848300603e-01 -8.059348328198720e-01
-9.641016151367543e-01 3.662481897089681e-01 -8.072972010797963e-01
-9.541016151367541e-01 3.676534203197594e-01 -8.086449605041530e-01
-9.441016151367543e-01 3.690580830168074e-01 -8.099781286092606e-01
-9.341016151367540e-01 3.704621841432026e-01 -8.112967227102090e-01
-9.241016151367543e-01 3.718657300307933e-01 -8.126007599213521e-01
-9.141016151367540e-01 3.732687270002306e-01 -8.138902571567950e-01
-9.041016151367542e-01 3.746711813610168e-01 -8.151652311308890e-01
-8.941016151367545e-01 3.760730994115567e-01 -8.164256983587225e-01
-8.841016151367542e-01 3.774744874392139e-01 -8.176716751566149e-01
-8.741016151367544e-01 3.788753517203685e-01 -8.189031776426083e-01
-8.641016151367542e-01 3.802756985204799e-01 -8.201202217369632e-01
-8.541016151367544e-01 3.816755340941513e-01 -8.213228231626490e-01
-8.441016151367542e-01 3.830748646851978e-01 -8.225109974458370e-01
-8.341016151367544e-01 3.844736965267175e-01 -8.236847599163911e-01
-8.241016151367542e-01 3.858720358411650e-01 -8.248441257083582e-01
-8.141016151367544e-01 3.872698888404281e-01 -8.259891097604554e-01
-8.041016151367542e-01 3.886672617259063e-01 -8.271197268165579e-01
-7.941016151367544e-01 3.900641606885930e-01 -8.282359914261825e-01
-7.841016151367541e-01 3.914605919091591e-01 -8.293379179449712e-01
-7.741016151367544e-01 3.928565615580391e-01 -8.304255205351703e-01
-7.641016151367541e-01 3.942520757955206e-01 -8.314988131661089e-01
-7.541016151367543e-01 3.956471407718335e-01 -8.325578096146733e-01
-7.441016151367541e-01 3.970417626272449e-01 -8.336025234657782e-01
-7.341016151367543e-01 3.984359474921521e-01 -8.346329681128375e-01
-7.241016151367541e-01 3.998297014871807e-01 -8.356491567582268e-01
-7.141016151367543e-01 4.012230307232827e-01 -8.366511024137471e-01
-7.041016151367541e-01 4.026159413018378e-01 -8.376388179010831e-01
-6.941016151367543e-01 4.040084393147552e-01 -8.386123158522572e-01
-6.841016151367540e-01 4.054005308445778e-01 -8.395716087100801e-01
-6.741016151367543e-01 4.067922219645880e-01 -8.405167087285971e-01
-6.641016151367540e-01 4.081835187389150e-01 -8.414476279735311e-01
-6.541016151367542e-01 4.095744272226436e-01 -8.423643783227190e-01
-6.441016151367545e-01 4.109649534619245e-01 -8.432669714665464e-01
-6.341016151367542e-01 4.123551034940863e-01 -8.441554189083760e-01
-6.241016151367544e-01 4.137448833477478e-01 -8.450297319649713e-01
-6.141016151367542e-01 4.151342990429336e-01 -8.458899217669167e-01
-6.041016151367544e-01 4.165233565911886e-01 -8.467359992590299e-01
-5.941016151367542e-01 4.179120619956961e-01 -8.475679752007734e-01
-5.841016151367544e-01 4.193004212513944e-01 -8.483858601666570e-01
-5.741016151367542e-01 4.206884403450980e-01 -8.491896645466372e-01
-5.641016151367544e-01 4.220761252556159e-01 -8.499793985465108e-01
-5.541016151367542e-01 4.234634819538747e-01 -8.507550721883025e-01
-5.441016151367544e-01 4.248505164030399e-01 -8.515166953106477e-01
-5.341016151367541e-01 4.262372345586399e-01 -8.522642775691694e-01
-5.241016151367544e-01 4.276236423686901e-01 -8.529978284368502e-01
-5.141016151367541e-01 4.290097457738181e-01 -8.537173572043961e-01
-5.041016151367543e-01 4.303955507073901e-01 -8.544228729805982e-01
-4.941016151367541e-01 4.317810630956377e-01 -8.551143846926850e-01
-4.841016151367543e-01 4.331662888577860e-01 -8.557919010866709e-01
-4.741016151367541e-01 4.345512339061813e-01 -8.564554307276995e-01
-4.641016151367543e-01 4.359359041464216e-01 -8.571049820003760e-01
-4.541016151367541e-01 4.373203054774859e-01 -8.577405631090997e-01
-4.441016151367543e-01 4.387044437918649e-01 -8.583621820783871e-01
-4.341016151367540e-01 4.400883249756931e-01 -8.589698467531880e-01
-4.241016151367543e-01 4.414719549088802e-01 -8.595635647991974e-01
-4.141016151367540e-01 4.428553394652440e-01 -8.601433437031594e-01
-4.041016151367542e-01 4.442384845126433e-01 -8.607091907731663e-01
-3.941016151367540e-01 4.456213959131127e-01 -8.612611131389495e-01
-3.841016151367542e-01 4.470040795229961e-01 -8.617991177521652e-01
-3.741016151367544e-01 4.483865411930816e-01 -8.623232113866726e-01
-3.641016151367542e-01 4.497687867687379e-01 -8.628334006388072e-01
-3.541016151367544e-01 4.511508220900486e-01 -8.633296919276460e-01
-3.441016151367542e-01 4.525326529919503e-01 -8.638120914952655e-01
-3.341016151367544e-01 4.539142853043679e-01 -8.642806054069948e-01
-3.241016151367542e-01 4.552957248523528e-01 -8.647352395516618e-01
-3.141016151367544e-01 4.566769774562201e-01 -8.651759996418303e-01
-3.041016151367542e-01 4.580580489316869e-01 -8.656028912140348e-01
-2.941016151367544e-01 4.594389450900103e-01 -8.660159196290027e-01
-2.841016151367541e-01 4.608196717381265e-01 -8.664150900718757e-01
-2.741016151367544e-01 4.622002346787900e-01 -8.668004075524189e-01
-2.641016151367541e-01 4.635806397107123e-01 -8.671718769052276e-01
-2.541016151367543e-01 4.649608926287027e-01 -8.675295027899242e-01
-2.441016151367541e-01 4.663409992238070e-01 -8.678732896913496e-01
-2.341016151367543e-01 4.677209652834492e-01 -8.682032419197463e-01
-2.241016151367541e-01 4.691007965915712e-01 -8.685193636109370e-01
-2.141016151367543e-01 4.704804989287734e-01 -8.688216587264941e-01
-2.041016151367541e-01 4.718600780724569e-01 -8.691101310539019e-01
-1.941016151367543e-01 4.732395397969636e-01 -8.693847842067147e-01
-1.841016151367540e-01 4.746188898737182e-01 -8.696456216247038e-01
-1.741016151367543e-01 4.759981340713699e-01 -8.698926465740011e-01
-1.641016151367540e-01 4.773772781559345e-01 -8.701258621472330e-01
-1.541016151367542e-01 4.787563278909357e-01 -8.703452712636491e-01
-1.441016151367540e-01 4.801352890375483e-01 -8.705508766692437e-01
-1.341016151367542e-01 4.815141673547402e-01 -8.707426809368677e-01
-1.241016151367544e-01 4.828929685994146e-01 -8.709206864663368e-01
-1.141016151367542e-01 4.842716985265534e-01 -8.710848954845303e-01
-1.041016151367544e-01 4.856503628893593e-01 -8.712353100454840e-01
-9.410161513675419e-02 4.870289674393992e-01 -8.713719320304756e-01
-8.410161513675440e-02 4.884075179267471e-01 -8.714947631481027e-01
-7.410161513675417e-02 4.897860201001272e-01 -8.716038049343532e-01
-6.410161513675439e-02 4.911644797070568e-01 -8.716990587526704e-01
-5.410161513675416e-02 4.925429024939905e-01 -8.717805257940088e-01
-4.410161513675437e-02 4.939212942064625e-01 -8.718482070768837e-01
-3.410161513675414e-02 4.952996605892305e-01 -8.719021034474148e-01
-2.410161513675435e-02 4.966780073864195e-01 -8.719422155793598e-01
-1.410161513675412e-02 4.980563403416646e-01 -8.719685439741431e-01
-4.101615136754333e-03 4.994346651982549e-01 -8.719810889608770e-01
5.898384863245898e-03 5.008129876992775e-01 -8.719798506963755e-01
1.589838486324568e-02 5.021913135877598e-01 -8.719648291651603e-01
2.589838486324592e-02 5.035696486068146e-01 -8.719360241794594e-01
3.589838486324570e-02 5.049479984997824e-01 -8.718934353792023e-01
4.589838486324593e-02 5.063263690103763e-01 -8.718370622320013e-01
5.589838486324572e-02 5.077047658828239e-01 -8.717669040331314e-01
6.589838486324595e-02 5.090831948620119e-01 -8.716829599055004e-01
7.589838486324574e-02 5.104616616936296e-01 -8.715852287996133e-01
8.589838486324597e-02 5.118401721243117e-01 -8.714737094935266e-01
9.589838486324576e-02 5.132187319017819e-01 -8.713484005927997e-01
1.058983848632460e-01 5.145973467749964e-01 -8.712093005304350e-01
1.158983848632458e-01 5.159760224942868e-01 -8.710564075668141e-01
1.258983848632456e-01 5.173547648115033e-01 -8.708897197896246e-01
1.358983848632458e-01 5.187335794801582e-01 -8.707092351137815e-01
1.458983848632456e-01 5.201124722555676e-01 -8.705149512813392e-01
1.558983848632458e-01 5.214914488949953e-01 -8.703068658613993e-01
1.658983848632456e-01 5.228705151577955e-01 -8.700849762500089e-01
1.758983848632458e-01 5.242496768055540e-01 -8.698492796700528e-01
1.858983848632456e-01 5.256289396022323e-01 -8.695997731711388e-01
1.958983848632458e-01 5.270083093143089e-01 -8.693364536294745e-01
2.058983848632456e-01 5.283877917109208e-01 -8.690593177477395e-01
2.158983848632459e-01 5.297673925640067e-01 -8.687683620549481e-01
2.258983848632456e-01 5.311471176484479e-01 -8.684635829063068e-01
2.358983848632459e-01 5.325269727422096e-01 -8.681449764830627e-01
2.458983848632457e-01 5.339069636264824e-01 -8.678125387923467e-01
2.558983848632459e-01 5.352870960858235e-01 -8.674662656670102e-01
2.658983848632457e-01 5.366673759082971e-01 -8.671061527654526e-01
2.758983848632459e-01 5.380478088856151e-01 -8.667321955714417e-01
2.858983848632457e-01 5.394284008132776e-01 -8.663443893939319e-01
2.958983848632459e-01 5.408091574907122e-01 -8.659427293668677e-01
3.058983848632457e-01 5.421900847214145e-01 -8.655272104489886e-01
3.158983848632460e-01 5.435711883130868e-01 -8.650978274236207e-01
3.258983848632457e-01 5.449524740777772e-01 -8.646545748984631e-01
3.358983848632460e-01 5.463339478320192e-01 -8.641974473053707e-01
3.458983848632458e-01 5.477156153969682e-01 -8.637264389001261e-01
3.558983848632460e-01 5.490974825985415e-01 -8.632415437622060e-01
3.658983848632458e-01 5.504795552675544e-01 -8.627427557945420e-01
3.758983848632456e-01 5.518618392398579e-01 -8.622300687232730e-01
3.858983848632458e-01 5.532443403564755e-01 -8.617034760974931e-01
3.958983848632456e-01 5.546270644637394e-01 -8.611629712889893e-01
4.058983848632458e-01 5.560100174134264e-01 -8.606085474919761e-01
4.158983848632456e-01 5.573932050628924e-01 -8.600401977228227e-01
4.258983848632458e-01 5.587766332752089e-01 -8.594579148197709e-01
4.358983848632456e-01 5.601603079192955e-01 -8.588616914426509e-01
4.458983848632458e-01 5.615442348700548e-01 -8.582515200725873e-01
4.558983848632456e-01 5.629284200085052e-01 -8.576273930116997e-01
4.658983848632459e-01 5.643128692219134e-01 -8.569893023827977e-01
4.758983848632456e-01 5.656975884039263e-01 -8.563372401290674e-01
4.858983848632459e-01 5.670825834547027e-01 -8.556711980137547e-01
4.958983848632457e-01 5.684678602810433e-01 -8.549911676198397e-01
5.058983848632459e-01 5.698534247965213e-01 -8.542971403497062e-01
5.158983848632457e-01 5.712392829216110e-01 -8.535891074248051e-01
5.258983848632459e-01 5.726254405838164e-01 -8.528670598853105e-01
5.358983848632457e-01 5.740119037177989e-01 -8.521309885897721e-01
5.458983848632455e-01 5.753986782655046e-01 -8.513808842147592e-01
5.558983848632462e-01 5.767857701762898e-01 -8.506167372545008e-01
5.658983848632460e-01 5.781731854070454e-01 -8.498385380205181e-01
5.758983848632457e-01 5.795609299223229e-01 -8.490462766412523e-01
5.858983848632455e-01 5.809490096944555e-01 -8.482399430616878e-01
5.958983848632462e-01 5.823374307036825e-01 -8.474195270429672e-01
6.058983848632460e-01 5.837261989382686e-01 -8.465850181620035e-01
6.158983848632458e-01 5.851153203946250e-01 -8.457364058110843e-01
6.258983848632456e-01 5.865048010774289e-01 -8.448736791974731e-01
6.358983848632453e-01 5.878946469997398e-01 -8.439968273430043e-01
6.458983848632460e-01 5.892848641831184e-01 -8.431058390836723e-01
6.558983848632458e-01 5.906754586577400e-01 -8.422007030692173e-01
6.658983848632456e-01 5.920664364625096e-01 -8.412814077627042e-01
6.758983848632454e-01 5.934578036451755e-01 -8.403479414400979e-01
6.858983848632461e-01 5.948495662624392e-01 -8.394002921898353e-01
6.958983848632458e-01 5.962417303800667e-01 -8.384384479123885e-01
7.058983848632456e-01 5.976343020729962e-01 -8.374623963198282e-01
7.158983848632454e-01 5.990272874254459e-01 -8.364721249353796e-01
7.258983848632461e-01 6.004206925310193e-01 -8.354676210929759e-01
7.358983848632459e-01 6.018145234928078e-01 -8.344488719368065e-01
7.458983848632457e-01 6.032087864234948e-01 -8.334158644208622e-01
7.558983848632455e-01 6.046034874454542e-01 -8.323685853084762e-01
7.658983848632461e-01 6.059986326908500e-01 -8.313070211718612e-01
7.758983848632459e-01 6.073942283017315e-01 -8.302311583916441e-01
7.858983848632457e-01 6.087902804301297e-01 -8.291409831563955e-01
7.958983848632455e-01 6.101867952381487e-01 -8.280364814621591e-01
8.058983848632462e-01 6.115837788980555e-01 -8.269176391119751e-01
8.158983848632460e-01 6.129812375923694e-01 -8.257844417154020e-01
8.258983848632457e-01 6.143791775139478e-01 -8.246368746880366e-01
8.358983848632455e-01 6.157776048660686e-01 -8.234749232510313e-01
8.458983848632462e-01 6.171765258625124e-01 -8.222985724306083e-01
8.558983848632460e-01 6.185759467276405e-01 -8.211078070575734e-01
8.658983848632458e-01 6.199758736964714e-01 -8.199026117668263e-01
8.758983848632456e-01 6.213763130147534e-01 -8.186829709968725e-01
8.858983848632462e-01 6.227772709390356e-01 -8.174488689893297e-01
8.958983848632460e-01 6.241787537367345e-01 -8.162002897884371e-01
9.058983848632458e-01 6.255807676861995e-01 -8.149372172405629e-01
9.158983848632456e-01 6.269833190767736e-01 -8.136596349937103e-01
9.258983848632454e-01 6.283864142088518e-01 -8.123675264970242e-01
9.358983848632461e-01 6.297900593939360e-01 -8.110608750002980e-01
9.458983848632458e-01 6.311942609546850e-01 -8.097396635534829e-01
9.558983848632456e-01 6.325990252249646e-01 -8.084038750061937e-01
9.658983848632454e-01 6.340043585498893e-01 -8.070534920072202e-01
9.758983848632461e-01 6.354102672858640e-01 -8.056884970040366e-01
9.858983848632459e-01 6.368167578006187e-01 -8.043088722423164e-01
9.958983848632457e-01 6.382238364732417e-01 -8.029145997654461e-01
1.005898384863245e+00 6.396315096942071e-01 -8.015056614140439e-01
1.015898384863246e+00 6.410397838653977e-01 -8.000820388254805e-01
1.025898384863246e+00 6.424486654001236e-01 -7.986437134334038e-01
1.035898384863246e+00 6.438581607231372e-01 -7.971906664672663e-01
1.045898384863245e+00 6.452682762706413e-01 -7.957228789518602e-01
1.055898384863246e+00 6.466790184902939e-01 -7.942403317068527e-01
1.065898384863246e+00 6.480903938412053e-01 -7.927430053463316e-01
1.075898384863246e+00 6.495024087939337e-01 -7.912308802783511e-01
1.085898384863246e+00 6.509150698304719e-01 -7.897039367044907e-01
1.095898384863246e+00 6.523283834442283e-01 -7.881621546194155e-01
1.105898384863246e+00 6.537423561400038e-01 -7.866055138104472e-01
1.115898384863246e+00 6.551569944339610e-01 -7.850339938571411e-01
1.125898384863246e+00 6.565723048535880e-01 -7.834475741308738e-01
1.135898384863246e+00 6.579882939376530e-01 -7.818462337944395e-01
1.145898384863246e+00 6.594049682361558e-01 -7.802299518016561e-01
1.155898384863246e+00 6.608223343102692e-01 -7.785987068969829e-01
1.165898384863246e+00 6.622403987322739e-01 -7.769524776151475e-01
1.175898384863245e+00 6.636591680854860e-01 -7.752912422807894e-01
1.185898384863246e+00 6.650786489641762e-01 -7.736149790081116e-01
1.195898384863246e+00 6.664988479734807e-01 -7.719236657005492e-01
1.205898384863246e+00 6.679197717293039e-01 -7.702172800504524e-01
1.215898384863245e+00 6.693414268582129e-01 -7.684957995387826e-01
1.225898384863246e+00 6.707638199973203e-01 -7.667592014348289e-01
1.235898384863246e+00 6.721869577941615e-01 -7.650074627959387e-01
1.245898384863246e+00 6.736108469065588e-01 -7.632405604672676e-01
1.255898384863245e+00 6.750354940024766e-01 -7.614584710815498e-01
1.265898384863246e+00 6.764609057598678e-01 -7.596611710588872e-01
1.275898384863246e+00 6.778870888665061e-01 -7.578486366065612e-01
1.285898384863246e+00 6.793140500198093e-01 -7.560208437188676e-01
1.295898384863245e+00 6.807417959266511e-01 -7.541777681769719e-01
1.305898384863246e+00 6.821703333031600e-01 -7.523193855487961e-01
1.315898384863246e+00 6.835996688745050e-01 -7.504456711889252e-01
1.325898384863246e+00 6.850298093746713e-01 -7.485566002385459e-01
1.335898384863246e+00 6.864607615462194e-01 -7.466521476254115e-01
1.345898384863246e+00 6.878925321400328e-01 -7.447322880638388e-01
1.355898384863246e+00 6.893251279150489e-01 -7.427969960547384e-01
1.365898384863246e+00 6.907585556379782e-01 -7.408462458856744e-01
1.375898384863246e+00 6.921928220830063e-01 -7.388800116309623e-01
1.385898384863246e+00 6.936279340314797e-01 -7.368982671518038e-01
1.395898384863246e+00 6.950638982715757e-01 -7.349009860964593e-01
1.405898384863246e+00 6.965007215979567e-01 -7.328881419004603e-01
1.415898384863246e+00 6.979384108114042e-01 -7.308597077868644e-01
1.425898384863245e+00 6.993769727184359e-01 -7.288156567665551e-01
1.435898384863246e+00 7.008164141309053e-01 -7.267559616385866e-01
1.445898384863246e+00 7.022567418655784e-01 -7.246805949905790e-01
1.455898384863246e+00 7.036979627436939e-01 -7.225895291991611e-01
1.465898384863245e+00 7.051400835904986e-01 -7.204827364304673e-01
1.475898384863246e+00 7.065831112347651e-01 -7.183601886406918e-01
1.485898384863246e+00 7.080270525082837e-01 -7.162218575766961e-01
1.495898384863246e+00 7.094719142453310e-01 -7.140677147766805e-01
1.505898384863245e+00 7.109177032821176e-01 -7.118977315709160e-01
1.515898384863246e+00 7.123644264562076e-01 -7.097118790825420e-01
1.525898384863246e+00 7.138120906059117e-01 -7.075101282284365e-01
1.535898384863246e+00 7.152607025696575e-01 -7.052924497201505e-01
1.545898384863245e+00 7.167102691853262e-01 -7.030588140649229e-01
1.555898384863246e+00 7.181607972895652e-01 -7.008091915667711e-01
1.565898384863246e+00 7.196122937170681e-01 -6.985435523276639e-01
1.575898384863246e+00 7.210647652998250e-01 -6.962618662487764e-01
1.585898384863246e+00 7.225182188663387e-01 -6.939641030318370e-01
1.595898384863246e+00 7.239726612408104e-01 -6.916502321805644e-01
1.605898384863246e+00 7.254280992422877e-01 -6.893202230022024e-01
1.615898384863246e+00 7.268845396837788e-01 -6.869740446091510e-01
1.625898384863246e+00 7.283419893713292e-01 -6.846116659207088e-01
1.635898384863246e+00 7.298004551030598e-01 -6.822330556649174e-01
1.645898384863246e+00 7.312599436681626e-01 -6.798381823805263e-01
1.655898384863246e+00 7.327204618458593e-01 -6.774270144190713e-01
1.665898384863246e+00 7.341820164043134e-01 -6.749995199470777e-01
1.675898384863245e+00 7.356446140994989e-01 -6.725556669483950e-01
1.685898384863246e+00 7.371082616740225e-01 -6.700954232266640e-01
1.695898384863246e+00 7.385729658558974e-01 -6.676187564079245e-01
1.705898384863246e+00 7.400387333572678e-01 -6.651256339433668e-01
1.715898384863245e+00 7.415055708730810e-01 -6.626160231122412e-01
1.725898384863246e+00 7.429734850797075e-01 -6.600898910249209e-01
1.735898384863246e+00 7.444424826335011e-01 -6.575472046261340e-01
1.745898384863246e+00 7.459125701693067e-01 -6.549879306983661e-01
1.755898384863245e+00 7.473837542989034e-01 -6.524120358654419e-01
1.765898384863246e+00 7.488560416093881e-01 -6.498194865962996e-01
1.775898384863246e+00 7.503294386614920e-01 -6.472102492089554e-01
1.785898384863246e+00 7.518039519878326e-01 -6.445842898746735e-01
1.795898384863245e+00 7.532795880910920e-01 -6.419415746223514e-01
1.805898384863246e+00 7.547563534421275e-01 -6.392820693431226e-01
1.815898384863246e+00 7.562342544780005e-01 -6.366057397951954e-01
1.825898384863246e+00 7.577132975999341e-01 -6.339125516089278e-01
1.835898384863246e+00 7.591934891711835e-01 -6.312024702921573e-01
1.845898384863246e+00 7.606748355148242e-01 -6.284754612357920e-01
1.855898384863246e+00 7.621573429114527e-01 -6.257314897196750e-01
1.865898384863246e+00 7.636410175967948e-01 -6.229705209187333e-01
1.875898384863246e+00 7.651258657592183e-01 -6.201925199094247e-01
1.885898384863246e+00 7.666118935371489e-01 -6.173974516764960e-01
1.895898384863246e+00 7.680991070163814e-01 -6.145852811200628e-01
1.905898384863246e+00 7.695875122272844e-01 -6.117559730630283e-01
1.915898384863246e+00 7.710771151418939e-01 -6.089094922588542e-01
1.925898384863245e+00 7.725679216708932e-01 -6.060458033996984e-01
1.935898384863246e+00 7.740599376604675e-01 -6.031648711249371e-01
1.945898384863246e+00 7.755531688890386e-01 -6.002666600300877e-01
1.955898384863246e+00 7.770476210638668e-01 -5.973511346761460e-01
1.965898384863245e+00 7.785432998175162e-01 -5.944182595993648e-01
1.975898384863246e+00 7.800402107041809e-01 -5.914679993214828e-01
1.985898384863246e+00 7.815383591958620e-01 -5.885003183604315e-01
1.995898384863246e+00 7.830377506783930e-01 -5.855151812415367e-01
2.005898384863245e+00 7.845383904473047e-01 -5.825125525092392e-01
2.015898384863246e+00 7.860402837035247e-01 -5.794923967393552e-01
2.025898384863246e+00 7.875434355489024e-01 -5.764546785519042e-01
2.035898384863246e+00 7.890478509815548e-01 -5.733993626245233e-01
2.045898384863245e+00 7.905535348910236e-01 -5.703264137065019e-01
2.055898384863246e+00 7.920604920532365e-01 -5.672357966334584e-01
2.065898384863246e+00 7.935687271252628e-01 -5.641274763426928e-01
2.075898384863246e+00 7.950782446398575e-01 -5.610014178892385e-01
2.085898384863246e+00 7.965890489997829e-01 -5.578575864626557e-01
2.095898384863246e+00 7.981011444718958e-01 -5.546959474045878e-01
2.105898384863246e+00 7.996145351809962e-01 -5.515164662271276e-01
2.115898384863246e+00 8.011292251034206e-01 -5.483191086320196e-01
2.125898384863246e+00 8.026452180603721e-01 -5.451038405307448e-01
2.135898384863246e+00 8.041625177109769e-01 -5.418706280655253e-01
2.145898384863246e+00 8.056811275450512e-01 -5.386194376312906e-01
2.155898384863246e+00 8.072010508755688e-01 -5.353502358986518e-01
2.165898384863246e+00 8.087222908308148e-01 -5.320629898379307e-01
2.175898384863245e+00 8.102448503462131e-01 -5.287576667442908e-01
2.185898384863246e+00 8.117687321558075e-01 -5.254342342640277e-01
2.195898384863246e+00 8.132939387833894e-01 -5.220926604220663e-01
2.205898384863246e+00 8.148204725332487e-01 -5.187329136507259e-01
2.215898384863245e+00 8.163483354805331e-01 -5.153549628198155e-01
2.225898384863246e+00 8.178775294611990e-01 -5.119587772681181e-01
2.235898384863246e+00 8.194080560615319e-01 -5.085443268363352e-01
2.245898384863246e+00 8.209399166072227e-01 -5.051115819015585e-01
2.255898384863245e+00 8.224731121519693e-01 -5.016605134133445e-01
2.265898384863246e+00 8.240076434655911e-01 -4.981910929314710e-01
2.275898384863246e+00 8.255435110216253e-01 -4.947032926654567e-01
2.285898384863246e+00 8.270807149843887e-01 -4.911970855159274e-01
2.295898384863245e+00 8.286192551954698e-01 -4.876724451179286e-01
2.305898384863246e+00 8.301591311596315e-01 -4.841293458862698e-01
2.315898384863246e+00 8.317003420300926e-01 -4.805677630630137e-01
2.325898384863246e+00 8.332428865931594e-01 -4.769876727672076e-01
2.335898384863246e+00 8.347867632521722e-01 -4.733890520469761e-01
2.345898384863246e+00 8.363319700107379e-01 -4.697718789340939e-01
2.355898384863246e+00 8.378785044552092e-01 -4.661361325011652e-01
2.365898384863246e+00 8.394263637363757e-01 -4.624817929215388e-01
2.375898384863246e+00 8.409755445503250e-01 -4.588088415321081e-01
2.385898384863246e+00 8.425260431184342e-01 -4.551172608991393e-01
2.395898384863246e+00 8.440778551664452e-01 -4.514070348872880e-01
2.405898384863246e+00 8.456309759025795e-01 -4.476781487319693e-01
2.415898384863246e+00 8.471853999946418e-01 -4.439305891152623e-01
2.425898384863245e+00 8.487411215460591e-01 -4.401643442455337e-01
2.435898384863246e+00 8.502981340708016e-01 -4.363794039409777e-01
2.445898384863246e+00 8.518564304671248e-01 -4.325757597172877e-01
2.455898384863246e+00 8.534160029900745e-01 -4.287534048796763e-01
2.465898384863245e+00 8.549768432226822e-01 -4.249123346194877e-01
2.475898384863246e+00 8.565389420457870e-01 -4.210525461156467e-01
2.485898384863246e+00 8.581022896064059e-01 -4.171740386412179e-01
2.495898384863246e+00 8.596668752845764e-01 -4.132768136753519e-01
2.505898384863245e+00 8.612326876585856e-01 -4.093608750209239e-01
2.515898384863246e+00 8.627997144684975e-01 -4.054262289281862e-01
2.525898384863246e+00 8.643679425778825e-01 -4.014728842247693e-01
2.535898384863246e+00 8.659373579336547e-01 -3.975008524523993e-01
2.545898384863245e+00 8.675079455238988e-01 -3.935101480107155e-01
2.555898384863246e+00 8.690796893335845e-01 -3.895007883085997e-01
2.565898384863246e+00 8.706525722980373e-01 -3.854727939234545e-01
2.575898384863246e+00 8.722265762540435e-01 -3.814261887688971e-01
2.585898384863246e+00 8.738016818884476e-01 -3.773610002713703e-01
2.595898384863246e+00 8.753778686840936e-01 -3.732772595561975e-01
2.605898384863246e+00 8.769551148629579e-01 -3.691750016436565e-01
2.615898384863246e+00 8.785333973263013e-01 -3.650542656556692e-01
2.625898384863246e+00 8.801126915916631e-01 -3.609150950337690e-01
2.635898384863246e+00 8.816929717265034e-01 -3.567575377690291e-01
2.645898384863246e+00 8.832742102782905e-01 -3.525816466447038e-01
2.655898384863246e+00 8.848563782008112e-01 -3.483874794923727e-01
2.665898384863246e+00 8.864394447764712e-01 -3.441750994624460e-01
2.675898384863246e+00 8.880233775343273e-01 -3.399445753099455e-01
2.685898384863246e+00 8.896081421635875e-01 -3.356959816965457e-01
2.695898384863246e+00 8.911937024222828e-01 -3.314293995099237e-01
2.705898384863246e+00 8.927800200407967e-01 -3.271449162015653e-01
2.715898384863245e+00 8.943670546199232e-01 -3.228426261442370e-01
2.725898384863246e+00 8.959547635230811e-01 -3.185226310104416e-01
2.735898384863246e+00 8.975431017623030e-01 -3.141850401732754e-01
2.745898384863246e+00 8.991320218775741e-01 -3.098299711312065e-01
2.755898384863245e+00 9.007214738090692e-01 -3.054575499584276e-01
2.765898384863246e+00 9.023114047617983e-01 -3.010679117825555e-01
2.775898384863246e+00 9.039017590621296e-01 -2.966612012916033e-01
2.785898384863246e+00 9.054924780056208e-01 -2.922375732722970e-01
2.795898384863245e+00 9.070834996955406e-01 -2.877971931819937e-01
2.805898384863246e+00 9.086747588714010e-01 -2.833402377566352e-01
2.815898384863246e+00 9.102661867267853e-01 -2.788668956573838e-01
2.825898384863246e+00 9.118577107156705e-01 -2.743773681588079e-01
2.835898384863246e+00 9.134492543463908e-01 -2.698718698817473e-01
2.845898384863246e+00 9.150407369623085e-01 -2.653506295742435e-01
2.855898384863246e+00 9.166320735081706e-01 -2.608138909442431e-01
2.865898384863246e+00 9.182231742810463e-01 -2.562619135480979e-01
2.875898384863246e+00 9.198139446646296e-01 -2.516949737392766e-01
2.885898384863246e+00 9.214042848455880e-01 -2.471133656820890e-01
2.895898384863246e+00 9.229940895105013e-01 -2.425174024356980e-01
2.905898384863246e+00 9.245832475218114e-01 -2.379074171141824e-01
2.915898384863246e+00 9.261716415710325e-01 -2.332837641289889e-01
2.925898384863246e+00 9.277591478073127e-01 -2.286468205207259e-01
2.935898384863246e+00 9.293456354392374e-01 -2.239969873879562e-01
2.945898384863246e+00 9.309309663075530e-01 -2.193346914214178e-01
2.955898384863246e+00 9.325149944262486e-01 -2.146603865529893e-01
2.965898384863245e+00 9.340975654891605e-01 -2.099745557296830e-01
2.975898384863246e+00 9.356785163389613e-01 -2.052777128240624e-01
2.985898384863246e+00 9.372576743950517e-01 -2.005704046937224e-01
2.995898384863246e+00 9.388348570364844e-01 -1.958532134038702e-01
3.005898384863245e+00 9.404098709356076e-01 -1.911267586286503e-01
3.015898384863246e+00 9.419825113376209e-01 -1.863917002486454e-01
3.025898384863246e+00 9.435525612806596e-01 -1.816487411640585e-01
3.035898384863246e+00 9.451197907503837e-01 -1.768986303454087e-01
3.045898384863245e+00 9.466839557622939e-01 -1.721421661462759e-01
3.055898384863246e+00 9.482447973641526e-01 -1.673801999056926e-01
3.065898384863246e+00 9.498020405498947e-01 -1.626136398713348e-01
3.075898384863246e+00 9.513553930752896e-01 -1.578434554787477e-01
3.085898384863246e+00 9.529045441642842e-01 -1.530706820265924e-01
3.095898384863246e+00 9.544491630934342e-01 -1.482964257934029e-01
3.105898384863246e+00 9.559888976400396e-01 -1.435218696477803e-01
3.115898384863246e+00 9.575233723774971e-01 -1.387482792114789e-01
3.125898384863246e+00 9.590521867989160e-01 -1.339770096437222e-01
3.135898384863246e+00 9.605749132471172e-01 -1.292095131255449e-01
3.145898384863246e+00 9.620910946256653e-01 -1.244473471354174e-01
3.155898384863246e+00 9.636002418614337e-01 -1.196921836222333e-01
3.165898384863246e+00 9.651018310842220e-01 -1.149458191995734e-01
3.175898384863246e+00 9.665953004829332e-01 -1.102101865066188e-01
3.185898384863246e+00 9.680800467905120e-01 -1.054873669071719e-01
3.195898384863246e+00 9.695554213409179e-01 -1.007796047300763e-01
3.205898384863246e+00 9.710207256304089e-01 -9.608932329350191e-02
3.215898384863245e+00 9.724752063017816e-01 -9.141914300406581e-02
3.225898384863246e+00 9.739180494531702e-01 -8.677190188236060e-02
3.235898384863246e+00 9.753483741515191e-01 -8.215067894276924e-02
3.245898384863246e+00 9.767652250035102e-01 -7.755882095244164e-02
3.255898384863245e+00 9.781675636015779e-01 -7.299997321886248e-02
3.265898384863246e+00 9.795542586170072e-01 -6.847811521705957e-02
3.275898384863246e+00 9.809240742520855e-01 -6.399760207979477e-02
3.285898384863246e+00 9.822756566833588e-01 -5.956321325647623e-02
3.295898384863245e+00 9.836075180200763e-01 -5.518021002761885e-02
3.305898384863246e+00 9.849180171537829e-01 -5.085440408398925e-02
3.315898384863246e+00 9.862053366682120e-01 -4.659224010800647e-02
3.325898384863246e+00 9.874674546843152e-01 -4.240089633064337e-02
3.335898384863246e+00 9.887021100871823e-01 -3.828840854184060e-02
3.345898384863246e+00 9.899067589436260e-01 -3.426382527284249e-02
3.355898384863246e+00 9.910785189415061e-01 -3.033740529875871e-02
3.365898384863246e+00 9.922140971348984e-01 -2.652087403130839e-02
3.375898384863246e+00 9.933096937387033e-01 -2.282776426671231e-02
3.385898384863246e+00 9.943608703571820e-01 -1.927388200135521e-02
3.395898384863246e+00 9.953623631481012e-01 -1.587796557480189e-02
3.405898384863246e+00 9.963078062237900e-01 -1.266265946822194e-02
3.415898384863246e+00 9.971892988187805e-01 -9.656034905479649e-03
3.425898384863246e+00 9.979966760022928e-01 -6.894146407641888e-03
3.435898384863246e+00 9.987161450837749e-01 -4.425801487988021e-03
3.445898384863246e+00 9.993272943459810e-01 -2.323000581878335e-03
3.455898384863246e+00 9.997943234504041e-01 -7.114738388886587e-04
