-2.828427124745190e+00 7.572248520652167e-19 -2.140841955353689e-18
-2.818427124745190e+00 7.320151481010129e-04 -2.066087405214643e-03
-2.808427124745190e+00 2.004973844190135e-03 -5.647160830246483e-03
-2.798427124745190e+00 3.571822241471743e-03 -1.003950879824472e-02
-2.788427124745190e+00 5.339374115689155e-03 -1.497689514390809e-02
-2.778427124745190e+00 7.253544862173507e-03 -2.030474465527840e-02
-2.768427124745190e+00 9.278539059858610e-03 -2.592083793960650e-02
-2.758427124745190e+00 1.138896927618395e-02 -3.175279549024591e-02
-2.748427124745190e+00 1.356603374244227e-02 -3.774713485600353e-02
-2.738427124745190e+00 1.579538657629140e-02 -4.386316338652144e-02
-2.728427124745190e+00 1.806583963007750e-02 -5.006925109950019e-02
-2.718427124745190e+00 2.036851988925843e-02 -5.634040932324120e-02
-2.708427124745190e+00 2.269629654508981e-02 -6.265664332062972e-02
-2.698427124745190e+00 2.504337725904807e-02 -6.900179101895040e-02
-2.688427124745190e+00 2.740501547265342e-02 -7.536268105618488e-02
-2.678427124745190e+00 2.977729326862185e-02 -8.172850822147232e-02
-2.668427124745190e+00 3.215695716514728e-02 -8.809036128045628e-02
-2.658427124745190e+00 3.454129191233696e-02 -9.444086023700195e-02
-2.648427124745190e+00 3.692802213961221e-02 -1.007738738125781e-01
-2.638427124745190e+00 3.931523477806245e-02 -1.070842967652720e-01
-2.628427124745190e+00 4.170131721856540e-02 -1.133678725302214e-01
-2.618427124745190e+00 4.408490754970580e-02 -1.196210506452080e-01
-2.608427124745190e+00 4.646485417955978e-02 -1.258408711903329e-01
-2.598427124745190e+00 4.884018282454090e-02 -1.320248704276632e-01
-2.588427124745190e+00 5.121006933711847e-02 -1.381710032352361e-01
-2.578427124745190e+00 5.357381720107390e-02 -1.442775789587734e-01
-2.568427124745190e+00 5.593083878713115e-02 -1.503432080663478e-01
-2.558427124745190e+00 5.828063965974956e-02 -1.563667575622242e-01
-2.548427124745190e+00 6.062280537584400e-02 -1.623473135487260e-01
-2.538427124745190e+00 6.295699033097053e-02 -1.682841496560782e-01
-2.528427124745190e+00 6.528290829717399e-02 -1.741767003159072e-01
-2.518427124745190e+00 6.760032436574953e-02 -1.800245380532592e-01
-2.508427124745190e+00 6.990904806238248e-02 -1.858273541283464e-01
-2.498427124745190e+00 7.220892744501166e-02 -1.915849419828497e-01
-2.488427124745190e+00 7.449984402888633e-02 -1.972971830439986e-01
-2.478427124745190e+00 7.678170841064151e-02 -2.029640345184515e-01
-2.468427124745190e+00 7.905445648524800e-02 -2.085855188714877e-01
-2.458427124745190e+00 8.131804616755610e-02 -2.141617147384483e-01
-2.448427124745190e+00 8.357245454469424e-02 -2.196927490572269e-01
-2.438427124745190e+00 8.581767539749473e-02 -2.251787902448776e-01
-2.428427124745190e+00 8.805371703890187e-02 -2.306200422695468e-01
-2.418427124745190e+00 9.028060042541151e-02 -2.360167394921890e-01
-2.408427124745190e+00 9.249835750428781e-02 -2.413691421717693e-01
-2.398427124745190e+00 9.470702976489155e-02 -2.466775325436990e-01
-2.388427124745190e+00 9.690666696711277e-02 -2.519422113946091e-01
-2.378427124745190e+00 9.909732602381582e-02 -2.571634950678004e-01
-2.368427124745190e+00 1.012790700174937e-01 -2.623417128431195e-01
-2.358427124745190e+00 1.034519673341059e-01 -2.674772046429714e-01
-2.348427124745190e+00 1.056160908994247e-01 -2.725703190228984e-01
-2.338427124745190e+00 1.077715175052153e-01 -2.776214114108701e-01
-2.328427124745190e+00 1.099183272142705e-01 -2.826308425642718e-01
-2.318427124745190e+00 1.120566028347735e-01 -2.875989772177320e-01
-2.308427124745190e+00 1.141864294557090e-01 -2.925261828984650e-01
-2.298427124745190e+00 1.163078940361022e-01 -2.974128288888396e-01
-2.288427124745190e+00 1.184210850417877e-01 -3.022592853184956e-01
-2.278427124745190e+00 1.205260921241969e-01 -3.070659223705726e-01
-2.268427124745190e+00 1.226230058363383e-01 -3.118331095885606e-01
-2.258427124745190e+00 1.247119173817356e-01 -3.165612152719481e-01
-2.248427124745190e+00 1.267929183925979e-01 -3.212506059503040e-01
-2.238427124745190e+00 1.288661007339481e-01 -3.259016459266847e-01
-2.228427124745190e+00 1.309315563308192e-01 -3.305146968823585e-01
-2.218427124745190e+00 1.329893770159666e-01 -3.350901175357900e-01
-2.208427124745190e+00 1.350396543958453e-01 -3.396282633496656e-01
-2.198427124745190e+00 1.370824797328512e-01 -3.441294862804618e-01
-2.188427124745190e+00 1.391179438420646e-01 -3.485941345657080e-01
-2.178427124745190e+00 1.411461370009193e-01 -3.530225525446410e-01
-2.168427124745190e+00 1.431671488704102e-01 -3.574150805084494e-01
-2.158427124745190e+00 1.451810684265938e-01 -3.617720545767319e-01
-2.148427124745190e+00 1.471879839012843e-01 -3.660938065971790e-01
-2.138427124745190e+00 1.491879827309562e-01 -3.703806640658137e-01
-2.128427124745190e+00 1.511811515129818e-01 -3.746329500654351e-01
-2.118427124745190e+00 1.531675759684166e-01 -3.788509832201552e-01
-2.108427124745190e+00 1.551473409106386e-01 -3.830350776641668e-01
-2.098427124745190e+00 1.571205302192092e-01 -3.871855430230668e-01
-2.088427124745190e+00 1.590872268184041e-01 -3.913026844062605e-01
-2.078427124745190e+00 1.610475126599080e-01 -3.953868024091146e-01
-2.068427124745190e+00 1.630014687092263e-01 -3.994381931236847e-01
-2.058427124745190e+00 1.649491749354114e-01 -4.034571481569602e-01
-2.048427124745190e+00 1.668907103037438e-01 -4.074439546556911e-01
-2.038427124745190e+00 1.688261527710416e-01 -4.113988953369534e-01
-2.028427124745190e+00 1.707555792833099e-01 -4.153222485237041e-01
-2.018427124745190e+00 1.726790657754685e-01 -4.192142881846627e-01
-2.008427124745190e+00 1.745966871729229e-01 -4.230752839779151e-01
-1.998427124745190e+00 1.765085173947668e-01 -4.269055012977095e-01
-1.988427124745190e+00 1.784146293584279e-01 -4.307052013239691e-01
-1.978427124745190e+00 1.803150949855861e-01 -4.344746410740949e-01
-1.968427124745190e+00 1.822099852092093e-01 -4.382140734566811e-01
-1.958427124745190e+00 1.840993699815711e-01 -4.419237473268033e-01
-1.948427124745190e+00 1.859833182831233e-01 -4.456039075425781e-01
-1.938427124745190e+00 1.878618981321148e-01 -4.492547950227297e-01
-1.928427124745190e+00 1.897351765948534e-01 -4.528766468049159e-01
-1.918427124745190e+00 1.916032197965217e-01 -4.564696961046123e-01
-1.908427124745190e+00 1.934660929324664e-01 -4.600341723743545e-01
-1.898427124745190e+00 1.953238602798856e-01 -4.635703013631798e-01
-1.888427124745190e+00 1.971765852098517e-01 -4.670783051761159e-01
-1.878427124745190e+00 1.990243301996072e-01 -4.705584023335852e-01
-1.868427124745190e+00 2.008671568450844e-01 -4.740108078306107e-01
-1.858427124745190e+00 2.027051258735983e-01 -4.774357331957229e-01
-1.848427124745190e+00 2.045382971566719e-01 -4.808333865494737e-01
-1.838427124745190e+00 2.063667297229552e-01 -4.842039726624832e-01
-1.828427124745190e+00 2.081904817712045e-01 -4.875476930129519e-01
-1.818427124745190e+00 2.100096106832899e-01 -4.908647458435741e-01
-1.808427124745190e+00 2.118241730372065e-01 -4.941553262178088e-01
-1.798427124745190e+00 2.136342246200623e-01 -4.974196260754561e-01
-1.788427124745190e+00 2.154398204410229e-01 -5.006578342875107e-01
-1.778427124745190e+00 2.172410147441946e-01 -5.038701367102530e-01
-1.768427124745190e+00 2.190378610214269e-01 -5.070567162385571e-01
-1.758427124745190e+00 2.208304120250214e-01 -5.102177528583921e-01
-1.748427124745190e+00 2.226187197803330e-01 -5.133534236985001e-01
-1.738427124745190e+00 2.244028355982526e-01 -5.164639030812360e-01
-1.728427124745190e+00 2.261828100875612e-01 -5.195493625725611e-01
-1.718427124745190e+00 2.279586931671462e-01 -5.226099710311825e-01
-1.708427124745190e+00 2.297305340780732e-01 -5.256458946568312e-01
-1.698427124745190e+00 2.314983813955061e-01 -5.286572970376830e-01
-1.688427124745190e+00 2.332622830404719e-01 -5.316443391969146e-01
-1.678427124745190e+00 2.350222862914625e-01 -5.346071796384014e-01
-1.668427124745190e+00 2.367784377958736e-01 -5.375459743915618e-01
-1.658427124745190e+00 2.385307835812746e-01 -5.404608770553467e-01
-1.648427124745190e+00 2.402793690665093e-01 -5.433520388413871e-01
-1.638427124745190e+00 2.420242390726240e-01 -5.462196086163029e-01
-1.628427124745190e+00 2.437654378336232e-01 -5.490637329431848e-01
-1.618427124745190e+00 2.455030090070508e-01 -5.518845561222514e-01
-1.608427124745190e+00 2.472369956843977e-01 -5.546822202307023e-01
-1.598427124745190e+00 2.489674404013351e-01 -5.574568651617673e-01
-1.588427124745190e+00 2.506943851477738e-01 -5.602086286629676e-01
-1.578427124745190e+00 2.524178713777507e-01 -5.629376463736018e-01
-1.568427124745190e+00 2.541379400191424e-01 -5.656440518614653e-01
-1.558427124745190e+00 2.558546314832087e-01 -5.683279766588161e-01
-1.548427124745190e+00 2.575679856739661e-01 -5.709895502976011e-01
-1.538427124745190e+00 2.592780419973926e-01 -5.736289003439529e-01
-1.528427124745190e+00 2.609848393704668e-01 -5.762461524319726e-01
-1.518427124745190e+00 2.626884162300425e-01 -5.788414302968095e-01
-1.508427124745190e+00 2.643888105415595e-01 -5.814148558070490e-01
-1.498427124745190e+00 2.660860598075965e-01 -5.839665489964283e-01
-1.488427124745190e+00 2.677802010762617e-01 -5.864966280948830e-01
-1.478427124745190e+00 2.694712709494321e-01 -5.890052095589449e-01
-1.468427124745190e+00 2.711593055908348e-01 -5.914924081015029e-01
-1.458427124745190e+00 2.728443407339790e-01 -5.939583367209340e-01
-1.448427124745190e+00 2.745264116899397e-01 -5.964031067296264e-01
-1.438427124745190e+00 2.762055533549923e-01 -5.988268277818970e-01
-1.428427124745190e+00 2.778818002181055e-01 -6.012296079013231e-01
-1.418427124745190e+00 2.795551863682917e-01 -6.036115535074987e-01
-1.408427124745190e+00 2.812257455018176e-01 -6.059727694422247e-01
-1.398427124745190e+00 2.828935109292797e-01 -6.083133589951468e-01
-1.388427124745190e+00 2.845585155825442e-01 -6.106334239288547e-01
-1.378427124745190e+00 2.862207920215561e-01 -6.129330645034503e-01
-1.368427124745190e+00 2.878803724410184e-01 -6.152123795005997e-01
-1.358427124745190e+00 2.895372886769458e-01 -6.174714662470752e-01
-1.348427124745190e+00 2.911915722130933e-01 -6.197104206378066e-01
-1.338427124745190e+00 2.928432541872626e-01 -6.219293371584427e-01
-1.328427124745190e+00 2.944923653974902e-01 -6.241283089074410e-01
-1.318427124745190e+00 2.961389363081177e-01 -6.263074276176915e-01
-1.308427124745190e+00 2.977829970557475e-01 -6.284667836776883e-01
-1.298427124745190e+00 2.994245774550866e-01 -6.306064661522549e-01
-1.288427124745190e+00 3.010637070046795e-01 -6.327265628028360e-01
-1.278427124745190e+00 3.027004148925351e-01 -6.348271601073646e-01
-1.268427124745190e+00 3.043347300016450e-01 -6.369083432797135e-01
-1.258427124745190e+00 3.059666809154017e-01 -6.389701962887376e-01
-1.248427124745190e+00 3.075962959229142e-01 -6.410128018769237e-01
-1.238427124745190e+00 3.092236030242237e-01 -6.430362415786460e-01
-1.228427124745190e+00 3.108486299354241e-01 -6.450405957380455e-01
-1.218427124745190e+00 3.124714040936858e-01 -6.470259435265333e-01
-1.208427124745190e+00 3.140919526621888e-01 -6.489923629599331e-01
-1.198427124745190e+00 3.157103025349624e-01 -6.509399309152675e-01
-1.188427124745190e+00 3.173264803416385e-01 -6.528687231471940e-01
-1.178427124745190e+00 3.189405124521153e-01 -6.547788143041026e-01
-1.168427124745190e+00 3.205524249811389e-01 -6.566702779438788e-01
-1.158427124745190e+00 3.221622437927981e-01 -6.585431865493412e-01
-1.148427124745190e+00 3.237699945049410e-01 -6.603976115433615e-01
-1.138427124745190e+00 3.253757024935098e-01 -6.622336233036705e-01
-1.128427124745190e+00 3.269793928967982e-01 -6.640512911773599e-01
-1.118427124745190e+00 3.285810906196333e-01 -6.658506834950862e-01
-1.108427124745190e+00 3.301808203374811e-01 -6.676318675849817e-01
-1.098427124745190e+00 3.317786065004814e-01 -6.693949097862788e-01
-1.088427124745190e+00 3.333744733374089e-01 -6.711398754626573e-01
-1.078427124745190e+00 3.349684448595671e-01 -6.728668290153160e-01
-1.068427124745190e+00 3.365605448646111e-01 -6.745758338957745e-01
-1.058427124745190e+00 3.381507969403058e-01 -6.762669526184184e-01
-1.048427124745190e+00 3.397392244682186e-01 -6.779402467727815e-01
-1.038427124745190e+00 3.413258506273469e-01 -6.795957770355819e-01
-1.028427124745190e+00 3.429106983976845e-01 -6.812336031825080e-01
-1.018427124745190e+00 3.444937905637264e-01 -6.828537840997679e-01
-1.008427124745190e+00 3.460751497179139e-01 -6.844563777953987e-01
-9.984271247451901e-01 3.476547982640222e-01 -6.860414414103490e-01
-9.884271247451901e-01 3.492327584204888e-01 -6.876090312293323e-01
-9.784271247451901e-01 3.508090522236887e-01 -6.891592026914601e-01
-9.684271247451901e-01 3.523837015311531e-01 -6.906920104006596e-01
-9.584271247451901e-01 3.539567280247354e-01 -6.922075081358762e-01
-9.484271247451901e-01 3.555281532137257e-01 -6.937057488610706e-01
-9.384271247451901e-01 3.570979984379128e-01 -6.951867847350103e-01
-9.284271247451901e-01 3.586662848705976e-01 -6.966506671208623e-01
-9.184271247451901e-01 3.602330335215573e-01 -6.980974465955896e-01
-9.084271247451903e-01 3.617982652399618e-01 -6.995271729591572e-01
-8.984271247451903e-01 3.633620007172436e-01 -7.009398952435473e-01
-8.884271247451903e-01 3.649242604899226e-01 -7.023356617215940e-01
-8.784271247451902e-01 3.664850649423848e-01 -7.037145199156351e-01
-8.684271247451902e-01 3.680444343096197e-01 -7.050765166059869e-01
-8.584271247451902e-01 3.696023886799136e-01 -7.064216978392462e-01
-8.484271247451902e-01 3.711589479975011e-01 -7.077501089364215e-01
-8.384271247451902e-01 3.727141320651774e-01 -7.090617945008986e-01
-8.284271247451902e-01 3.742679605468691e-01 -7.103567984262398e-01
-8.184271247451900e-01 3.758204529701674e-01 -7.116351639038261e-01
-8.084271247451902e-01 3.773716287288226e-01 -7.128969334303382e-01
-7.984271247451900e-01 3.789215070852018e-01 -7.141421488150855e-01
-7.884271247451902e-01 3.804701071727099e-01 -7.153708511871826e-01
-7.784271247451904e-01 3.820174479981761e-01 -7.165830810025768e-01
-7.684271247451901e-01 3.835635484442046e-01 -7.177788780509299e-01
-7.584271247451904e-01 3.851084272714910e-01 -7.189582814623555e-01
-7.484271247451901e-01 3.866521031211085e-01 -7.201213297140168e-01
-7.384271247451903e-01 3.881945945167578e-01 -7.212680606365858e-01
-7.284271247451901e-01 3.897359198669880e-01 -7.223985114205664e-01
-7.184271247451903e-01 3.912760974673863e-01 -7.235127186224839e-01
-7.084271247451901e-01 3.928151455027368e-01 -7.246107181709447e-01
-6.984271247451903e-01 3.943530820491496e-01 -7.256925453725657e-01
-6.884271247451901e-01 3.958899250761627e-01 -7.267582349177789e-01
-6.784271247451903e-01 3.974256924488138e-01 -7.278078208865093e-01
-6.684271247451901e-01 3.989604019296866e-01 -7.288413367537345e-01
-6.584271247451903e-01 4.004940711809278e-01 -7.298588153949207e-01
-6.484271247451900e-01 4.020267177662409e-01 -7.308602890913412e-01
-6.384271247451903e-01 4.035583591528514e-01 -7.318457895352816e-01
-6.284271247451900e-01 4.050890127134500e-01 -7.328153478351268e-01
-6.184271247451902e-01 4.066186957281085e-01 -7.337689945203393e-01
-6.084271247451900e-01 4.081474253861744e-01 -7.347067595463245e-01
-5.984271247451902e-01 4.096752187881397e-01 -7.356286722991885e-01
-5.884271247451900e-01 4.112020929474907e-01 -7.365347616003890e-01
-5.784271247451902e-01 4.127280647925317e-01 -7.374250557112806e-01
-5.684271247451900e-01 4.142531511681893e-01 -7.382995823375562e-01
-5.584271247451902e-01 4.157773688377958e-01 -7.391583686335865e-01
-5.484271247451900e-01 4.173007344848509e-01 -7.400014412066600e-01
-5.384271247451902e-01 4.188232647147647e-01 -7.408288261211219e-01
-5.284271247451899e-01 4.203449760565796e-01 -7.416405489024177e-01
-5.184271247451901e-01 4.218658849646749e-01 -7.424366345410398e-01
-5.084271247451904e-01 4.233860078204519e-01 -7.432171074963776e-01
-4.984271247451901e-01 4.249053609340007e-01 -7.439819917004787e-01
-4.884271247451903e-01 4.264239605457502e-01 -7.447313105617128e-01
-4.784271247451901e-01 4.279418228281000e-01 -7.454650869683488e-01
-4.684271247451903e-01 4.294589638870370e-01 -7.461833432920398e-01
-4.584271247451901e-01 4.309753997637345e-01 -7.468861013912231e-01
-4.484271247451903e-01 4.324911464361353e-01 -7.475733826144277e-01
-4.384271247451901e-01 4.340062198205215e-01 -7.482452078035017e-01
-4.284271247451903e-01 4.355206357730666e-01 -7.489015972967502e-01
-4.184271247451901e-01 4.370344100913748e-01 -7.495425709319927e-01
-4.084271247451903e-01 4.385475585160065e-01 -7.501681480495351e-01
-3.984271247451900e-01 4.400600967319878e-01 -7.507783474950618e-01
-3.884271247451903e-01 4.415720403703094e-01 -7.513731876224459e-01
-3.784271247451900e-01 4.430834050094114e-01 -7.519526862964804e-01
-3.684271247451902e-01 4.445942061766548e-01 -7.525168608955290e-01
-3.584271247451900e-01 4.461044593497825e-01 -7.530657283141016e-01
-3.484271247451902e-01 4.476141799583664e-01 -7.535993049653493e-01
-3.384271247451900e-01 4.491233833852459e-01 -7.541176067834853e-01
-3.284271247451902e-01 4.506320849679516e-01 -7.546206492261300e-01
-3.184271247451900e-01 4.521403000001233e-01 -7.551084472765804e-01
-3.084271247451902e-01 4.536480437329116e-01 -7.555810154460066e-01
-2.984271247451900e-01 4.551553313763756e-01 -7.560383677755743e-01
-2.884271247451902e-01 4.566621781008655e-01 -7.564805178384949e-01
-2.784271247451899e-01 4.581685990384013e-01 -7.569074787420040e-01
-2.684271247451901e-01 4.596746092840371e-01 -7.573192631292681e-01
-2.584271247451904e-01 4.611802238972208e-01 -7.577158831812214e-01
-2.484271247451901e-01 4.626854579031445e-01 -7.580973506183324e-01
-2.384271247451903e-01 4.641903262940851e-01 -7.584636767022999e-01
-2.284271247451901e-01 4.656948440307406e-01 -7.588148722376820e-01
-2.184271247451903e-01 4.671990260435550e-01 -7.591509475734549e-01
-2.084271247451901e-01 4.687028872340414e-01 -7.594719126045066e-01
-1.984271247451903e-01 4.702064424760921e-01 -7.597777767730594e-01
-1.884271247451901e-01 4.717097066172884e-01 -7.600685490700277e-01
-1.784271247451903e-01 4.732126944801999e-01 -7.603442380363108e-01
-1.684271247451901e-01 4.747154208636811e-01 -7.606048517640158e-01
-1.584271247451903e-01 4.762179005441596e-01 -7.608503978976192e-01
-1.484271247451900e-01 4.777201482769231e-01 -7.610808836350592e-01
-1.384271247451903e-01 4.792221787973964e-01 -7.612963157287655e-01
-1.284271247451900e-01 4.807240068224190e-01 -7.614967004866250e-01
-1.184271247451902e-01 4.822256470515152e-01 -7.616820437728802e-01
-1.084271247451900e-01 4.837271141681612e-01 -7.618523510089669e-01
-9.842712474519022e-02 4.852284228410486e-01 -7.620076271742869e-01
-8.842712474518999e-02 4.867295877253441e-01 -7.621478768069160e-01
-7.842712474519020e-02 4.882306234639471e-01 -7.622731040042506e-01
-6.842712474518997e-02 4.897315446887439e-01 -7.623833124235907e-01
-5.842712474519018e-02 4.912323660218583e-01 -7.624785052826591e-01
-4.842712474518995e-02 4.927331020769018e-01 -7.625586853600597e-01
-3.842712474519017e-02 4.942337674602215e-01 -7.626238549956708e-01
-2.842712474518994e-02 4.957343767721452e-01 -7.626740160909782e-01
-1.842712474519015e-02 4.972349446082259e-01 -7.627091701093455e-01
-8.427124745190362e-03 4.987354855604859e-01 -7.627293180762206e-01
1.572875254809869e-03 5.002360142186586e-01 -7.627344605792823e-01
1.157287525480966e-02 5.017365451714310e-01 -7.627245977685230e-01
2.157287525480989e-02 5.032370930076854e-01 -7.626997293562704e-01
3.157287525480967e-02 5.047376723177410e-01 -7.626598546171464e-01
4.157287525480990e-02 5.062382976945973e-01 -7.626049723879639e-01
5.157287525480969e-02 5.077389837351749e-01 -7.625350810675631e-01
6.157287525480992e-02 5.092397450415608e-01 -7.624501786165824e-01
7.157287525480971e-02 5.107405962222530e-01 -7.623502625571699e-01
8.157287525480994e-02 5.122415518934065e-01 -7.622353299726320e-01
9.157287525480973e-02 5.137426266800810e-01 -7.621053775070179e-01
1.015728752548100e-01 5.152438352174922e-01 -7.619604013646430e-01
1.115728752548097e-01 5.167451921522632e-01 -7.618003973095504e-01
1.215728752548100e-01 5.182467121436799e-01 -7.616253606649060e-01
1.315728752548098e-01 5.197484098649483e-01 -7.614352863123357e-01
1.415728752548100e-01 5.212503000044570e-01 -7.612301686911932e-01
1.515728752548098e-01 5.227523972670400e-01 -7.610100017977698e-01
1.615728752548100e-01 5.242547163752466e-01 -7.607747791844370e-01
1.715728752548098e-01 5.257572720706117e-01 -7.605244939587260e-01
1.815728752548100e-01 5.272600791149353e-01 -7.602591387823429e-01
1.915728752548098e-01 5.287631522915612e-01 -7.599787058701187e-01
2.015728752548100e-01 5.302665064066644e-01 -7.596831869888959e-01
2.115728752548098e-01 5.317701562905430e-01 -7.593725734563468e-01
2.215728752548101e-01 5.332741167989145e-01 -7.590468561397286e-01
2.315728752548099e-01 5.347784028142188e-01 -7.587060254545713e-01
2.415728752548101e-01 5.362830292469277e-01 -7.583500713632993e-01
2.515728752548099e-01 5.377880110368602e-01 -7.579789833737857e-01
2.615728752548097e-01 5.392933631545044e-01 -7.575927505378383e-01
2.715728752548099e-01 5.407991006023478e-01 -7.571913614496197e-01
2.815728752548097e-01 5.423052384162127e-01 -7.567748042439966e-01
2.915728752548099e-01 5.438117916666025e-01 -7.563430665948221e-01
3.015728752548097e-01 5.453187754600530e-01 -7.558961357131462e-01
3.115728752548099e-01 5.468262049404938e-01 -7.554339983453577e-01
3.215728752548097e-01 5.483340952906179e-01 -7.549566407712551e-01
3.315728752548099e-01 5.498424617332611e-01 -7.544640488020455e-01
3.415728752548097e-01 5.513513195327892e-01 -7.539562077782725e-01
3.515728752548100e-01 5.528606839964968e-01 -7.534331025676682e-01
3.615728752548097e-01 5.543705704760146e-01 -7.528947175629365e-01
3.715728752548100e-01 5.558809943687286e-01 -7.523410366794585e-01
3.815728752548098e-01 5.573919711192090e-01 -7.517720433529241e-01
3.915728752548100e-01 5.589035162206500e-01 -7.511877205368883e-01
4.015728752548098e-01 5.604156452163234e-01 -7.505880507002497e-01
4.115728752548100e-01 5.619283737010407e-01 -7.499730158246525e-01
4.215728752548098e-01 5.634417173226300e-01 -7.493425974018101e-01
4.315728752548100e-01 5.649556917834258e-01 -7.486967764307495e-01
4.415728752548098e-01 5.664703128417687e-01 -7.480355334149749e-01
4.515728752548100e-01 5.679855963135227e-01 -7.473588483595510e-01
4.615728752548098e-01 5.695015580736031e-01 -7.466667007681040e-01
4.715728752548101e-01 5.710182140575212e-01 -7.459590696397390e-01
4.815728752548099e-01 5.725355802629402e-01 -7.452359334658745e-01
4.915728752548101e-01 5.740536727512511e-01 -7.444972702269892e-01
5.015728752548099e-01 5.755725076491590e-01 -7.437430573892859e-01
5.115728752548097e-01 5.770921011502893e-01 -7.429732719012653e-01
5.215728752548099e-01 5.786124695168076e-01 -7.421878901902110e-01
5.315728752548097e-01 5.801336290810578e-01 -7.413868881585870e-01
5.415728752548099e-01 5.816555962472180e-01 -7.405702411803411e-01
5.515728752548097e-01 5.831783874929716e-01 -7.397379240971184e-01
5.615728752548099e-01 5.847020193712005e-01 -7.388899112143781e-01
5.715728752548097e-01 5.862265085116928e-01 -7.380261762974197e-01
5.815728752548099e-01 5.877518716228728e-01 -7.371466925673074e-01
5.915728752548097e-01 5.892781254935494e-01 -7.362514326966996e-01
6.015728752548100e-01 5.908052869946847e-01 -7.353403688055783e-01
6.115728752548097e-01 5.923333730811835e-01 -7.344134724568789e-01
6.215728752548100e-01 5.938624007937039e-01 -7.334707146520144e-01
6.315728752548098e-01 5.953923872604897e-01 -7.325120658262972e-01
6.415728752548100e-01 5.969233496992252e-01 -7.315374958442564e-01
6.515728752548098e-01 5.984553054189126e-01 -7.305469739948445e-01
6.615728752548100e-01 5.999882718217727e-01 -7.295404689865378e-01
6.715728752548098e-01 6.015222664051704e-01 -7.285179489423240e-01
6.815728752548100e-01 6.030573067635636e-01 -7.274793813945774e-01
6.915728752548098e-01 6.045934105904782e-01 -7.264247332798202e-01
7.015728752548100e-01 6.061305956805084e-01 -7.253539709333651e-01
7.115728752548098e-01 6.076688799313430e-01 -7.242670600838412e-01
7.215728752548101e-01 6.092082813458205e-01 -7.231639658475988e-01
7.315728752548099e-01 6.107488180340094e-01 -7.220446527229899e-01
7.415728752548101e-01 6.122905082153184e-01 -7.209090845845261e-01
7.515728752548099e-01 6.138333702206356e-01 -7.197572246769075e-01
7.615728752548097e-01 6.153774224944963e-01 -7.185890356089227e-01
7.715728752548099e-01 6.169226835972832e-01 -7.174044793472181e-01
7.815728752548097e-01 6.184691722074552e-01 -7.162035172099309e-01
7.915728752548099e-01 6.200169071238096e-01 -7.149861098601881e-01
8.015728752548097e-01 6.215659072677774e-01 -7.137522172994647e-01
8.115728752548099e-01 6.231161916857497e-01 -7.125017988608001e-01
8.215728752548097e-01 6.246677795514414e-01 -7.112348132018722e-01
8.315728752548099e-01 6.262206901682867e-01 -7.099512182979223e-01
8.415728752548097e-01 6.277749429718719e-01 -7.086509714345318e-01
8.515728752548100e-01 6.293305575324053e-01 -7.073340292002450e-01
8.615728752548097e-01 6.308875535572235e-01 -7.060003474790381e-01
8.715728752548100e-01 6.324459508933353e-01 -7.046498814426277e-01
8.815728752548098e-01 6.340057695300078e-01 -7.032825855426198e-01
8.915728752548100e-01 6.355670296013879e-01 -7.018984135024924e-01
9.015728752548098e-01 6.371297513891692e-01 -7.004973183094105e-01
9.115728752548100e-01 6.386939553252987e-01 -6.990792522058717e-01
9.215728752548098e-01 6.402596619947255e-01 -6.976441666811738e-01
9.315728752548100e-01 6.418268921381963e-01 -6.961920124627070e-01
9.415728752548098e-01 6.433956666550921e-01 -6.947227395070629e-01
9.515728752548100e-01 6.449660066063141e-01 -6.932362969909600e-01
9.615728752548098e-01 6.465379332172141e-01 -6.917326333019778e-01
9.715728752548101e-01 6.481114678805748e-01 -6.902116960290978e-01
9.815728752548099e-01 6.496866321596377e-01 -6.886734319530512e-01
9.915728752548101e-01 6.512634477911822e-01 -6.871177870364614e-01
1.001572875254810e+00 6.528419366886550e-01 -6.855447064137828e-01
1.011572875254810e+00 6.544221209453545e-01 -6.839541343810318e-01
1.021572875254810e+00 6.560040228376643e-01 -6.823460143853014e-01
1.031572875254810e+00 6.575876648283483e-01 -6.807202890140593e-01
1.041572875254810e+00 6.591730695698950e-01 -6.790768999842236e-01
1.051572875254810e+00 6.607602599079241e-01 -6.774157881310079e-01
1.061572875254810e+00 6.623492588846508e-01 -6.757368933965386e-01
1.071572875254810e+00 6.639400897424080e-01 -6.740401548182312e-01
1.081572875254810e+00 6.655327759272337e-01 -6.723255105169251e-01
1.091572875254810e+00 6.671273410925180e-01 -6.705928976847729e-01
1.101572875254810e+00 6.687238091027162e-01 -6.688422525728734e-01
1.111572875254810e+00 6.703222040371274e-01 -6.670735104786490e-01
1.121572875254810e+00 6.719225501937391e-01 -6.652866057329567e-01
1.131572875254810e+00 6.735248720931429e-01 -6.634814716869331e-01
1.141572875254810e+00 6.751291944825176e-01 -6.616580406985588e-01
1.151572875254810e+00 6.767355423396868e-01 -6.598162441189460e-01
1.161572875254810e+00 6.783439408772485e-01 -6.579560122783346e-01
1.171572875254810e+00 6.799544155467792e-01 -6.560772744717963e-01
1.181572875254810e+00 6.815669920431177e-01 -6.541799589446375e-01
1.191572875254810e+00 6.831816963087232e-01 -6.522639928774951e-01
1.201572875254810e+00 6.847985545381174e-01 -6.503293023711177e-01
1.211572875254810e+00 6.864175931824070e-01 -6.483758124308265e-01
1.221572875254810e+00 6.880388389538894e-01 -6.464034469506471e-01
1.231572875254810e+00 6.896623188307455e-01 -6.444121286971068e-01
1.241572875254810e+00 6.912880600618198e-01 -6.424017792926893e-01
1.251572875254810e+00 6.929160901714888e-01 -6.403723191989364e-01
1.261572875254810e+00 6.945464369646234e-01 -6.383236676991950e-01
1.271572875254809e+00 6.961791285316418e-01 -6.362557428809934e-01
1.281572875254810e+00 6.978141932536600e-01 -6.341684616180469e-01
1.291572875254810e+00 6.994516598077387e-01 -6.320617395518775e-01
1.301572875254810e+00 7.010915571722324e-01 -6.299354910730429e-01
1.311572875254809e+00 7.027339146322359e-01 -6.277896293019660e-01
1.321572875254810e+00 7.043787617851397e-01 -6.256240660693532e-01
1.331572875254810e+00 7.060261285462873e-01 -6.234387118961953e-01
1.341572875254810e+00 7.076760451547442e-01 -6.212334759733402e-01
1.351572875254810e+00 7.093285421791773e-01 -6.190082661406275e-01
1.361572875254810e+00 7.109836505238447e-01 -6.167629888655773e-01
1.371572875254810e+00 7.126414014347034e-01 -6.144975492216201e-01
1.381572875254810e+00 7.143018265056347e-01 -6.122118508658591e-01
1.391572875254810e+00 7.159649576847892e-01 -6.099057960163563e-01
1.401572875254810e+00 7.176308272810535e-01 -6.075792854289290e-01
1.411572875254810e+00 7.192994679706435e-01 -6.052322183734477e-01
1.421572875254810e+00 7.209709128038240e-01 -6.028644926096219e-01
1.431572875254810e+00 7.226451952117594e-01 -6.004760043622680e-01
1.441572875254810e+00 7.243223490134956e-01 -5.980666482960402e-01
1.451572875254810e+00 7.260024084230767e-01 -5.956363174896221e-01
1.461572875254810e+00 7.276854080568013e-01 -5.931849034093573e-01
1.471572875254810e+00 7.293713829406159e-01 -5.907122958823153e-01
1.481572875254810e+00 7.310603685176523e-01 -5.882183830687761e-01
1.491572875254810e+00 7.327524006559101e-01 -5.857030514341234e-01
1.501572875254810e+00 7.344475156560847e-01 -5.831661857201322e-01
1.511572875254810e+00 7.361457502595474e-01 -5.806076689156398e-01
1.521572875254810e+00 7.378471416564770e-01 -5.780273822265870e-01
1.531572875254810e+00 7.395517274941440e-01 -5.754252050454188e-01
1.541572875254810e+00 7.412595458853538e-01 -5.728010149198250e-01
1.551572875254810e+00 7.429706354170490e-01 -5.701546875208181e-01
1.561572875254809e+00 7.446850351590701e-01 -5.674860966101271e-01
1.571572875254810e+00 7.464027846730841e-01 -5.647951140068986e-01
1.581572875254810e+00 7.481239240216726e-01 -5.620816095536915e-01
1.591572875254810e+00 7.498484937775919e-01 -5.593454510817506e-01
1.601572875254810e+00 7.515765350331987e-01 -5.565865043755506e-01
1.611572875254810e+00 7.533080894100470e-01 -5.538046331365923e-01
1.621572875254810e+00 7.550431990686560e-01 -5.509996989464464e-01
1.631572875254810e+00 7.567819067184515e-01 -5.481715612290228e-01
1.641572875254810e+00 7.585242556278790e-01 -5.453200772120629e-01
1.651572875254810e+00 7.602702896346925e-01 -5.424451018878390e-01
1.661572875254810e+00 7.620200531564161e-01 -5.395464879730503e-01
1.671572875254810e+00 7.637735912009800e-01 -5.366240858679056e-01
1.681572875254810e+00 7.655309493775321e-01 -5.336777436143830e-01
1.691572875254810e+00 7.672921739074192e-01 -5.307073068536585e-01
1.701572875254810e+00 7.690573116353404e-01 -5.277126187826949e-01
1.711572875254810e+00 7.708264100406726e-01 -5.246935201099814e-01
1.721572875254810e+00 7.725995172489590e-01 -5.216498490104239e-01
1.731572875254810e+00 7.743766820435646e-01 -5.185814410793763e-01
1.741572875254810e+00 7.761579538774871e-01 -5.154881292858134e-01
1.751572875254810e+00 7.779433828853300e-01 -5.123697439246391e-01
1.761572875254810e+00 7.797330198954162e-01 -5.092261125681370e-01
1.771572875254810e+00 7.815269164420514e-01 -5.060570600165627e-01
1.781572875254810e+00 7.833251247779183e-01 -5.028624082478833e-01
1.791572875254810e+00 7.851276978865976e-01 -4.996419763666709e-01
1.801572875254810e+00 7.869346894952054e-01 -4.963955805521650e-01
1.811572875254809e+00 7.887461540871318e-01 -4.931230340055165e-01
1.821572875254810e+00 7.905621469148724e-01 -4.898241468962288e-01
1.831572875254810e+00 7.923827240129298e-01 -4.864987263078253e-01
1.841572875254810e+00 7.942079422107764e-01 -4.831465761827642e-01
1.851572875254810e+00 7.960378591458515e-01 -4.797674972666394e-01
1.861572875254810e+00 7.978725332765739e-01 -4.763612870517021e-01
1.871572875254810e+00 7.997120238953428e-01 -4.729277397197545e-01
1.881572875254810e+00 8.015563911415036e-01 -4.694666460844612e-01
1.891572875254810e+00 8.034056960142387e-01 -4.659777935331479e-01
1.901572875254810e+00 8.052600003853579e-01 -4.624609659681552e-01
1.911572875254810e+00 8.071193670119402e-01 -4.589159437478287e-01
1.921572875254810e+00 8.089838595487884e-01 -4.553425036272367e-01
1.931572875254810e+00 8.108535425606459e-01 -4.517404186987272e-01
1.941572875254810e+00 8.127284815341199e-01 -4.481094583324393e-01
1.951572875254810e+00 8.146087428892514e-01 -4.444493881169089e-01
1.961572875254810e+00 8.164943939906637e-01 -4.407599697999163e-01
1.971572875254810e+00 8.183855031582123e-01 -4.370409612297602e-01
1.981572875254810e+00 8.202821396770571e-01 -4.332921162971429e-01
1.991572875254810e+00 8.221843738070540e-01 -4.295131848778972e-01
2.001572875254810e+00 8.240922767913751e-01 -4.257039127767931e-01
2.011572875254810e+00 8.260059208642289e-01 -4.218640416727118e-01
2.021572875254810e+00 8.279253792575616e-01 -4.179933090654924e-01
2.031572875254810e+00 8.298507262065903e-01 -4.140914482248091e-01
2.041572875254810e+00 8.317820369540169e-01 -4.101581881414623e-01
2.051572875254810e+00 8.337193877527368e-01 -4.061932534815341e-01
2.061572875254809e+00 8.356628558668542e-01 -4.021963645438946e-01
2.071572875254810e+00 8.376125195707831e-01 -3.981672372216145e-01
2.081572875254810e+00 8.395684581461886e-01 -3.941055829679043e-01
2.091572875254810e+00 8.415307518765047e-01 -3.900111087672670e-01
2.101572875254810e+00 8.434994820387212e-01 -3.858835171126495e-01
2.111572875254810e+00 8.454747308921071e-01 -3.817225059894543e-01
2.121572875254810e+00 8.474565816635006e-01 -3.775277688673921e-01
2.131572875254810e+00 8.494451185287429e-01 -3.732989947012590e-01
2.141572875254810e+00 8.514404265897977e-01 -3.690358679418705e-01
2.151572875254810e+00 8.534425918470326e-01 -3.647380685585176e-01
2.161572875254810e+00 8.554517011660867e-01 -3.604052720744898e-01
2.171572875254810e+00 8.574678422386773e-01 -3.560371496173853e-01
2.181572875254810e+00 8.594911035366164e-01 -3.516333679861579e-01
2.191572875254810e+00 8.615215742582326e-01 -3.471935897370736e-01
2.201572875254810e+00 8.635593442662844e-01 -3.427174732910352e-01
2.211572875254810e+00 8.656045040163496e-01 -3.382046730650285e-01
2.221572875254810e+00 8.676571444745431e-01 -3.336548396308032e-01
2.231572875254810e+00 8.697173570232770e-01 -3.290676199042909e-01
2.241572875254810e+00 8.717852333536209e-01 -3.244426573697134e-01
2.251572875254810e+00 8.738608653426289e-01 -3.197795923428425e-01
2.261572875254810e+00 8.759443449137954e-01 -3.150780622784638e-01
2.271572875254810e+00 8.780357638785721e-01 -3.103377021277531e-01
2.281572875254810e+00 8.801352137565965e-01 -3.055581447520391e-01
2.291572875254810e+00 8.822427855719833e-01 -3.007390214002895e-01
2.301572875254810e+00 8.843585696226723e-01 -2.958799622586656e-01
2.311572875254809e+00 8.864826552194235e-01 -2.909805970816263e-01
2.321572875254810e+00 8.886151303905792e-01 -2.860405559153809e-01
2.331572875254810e+00 8.907560815481850e-01 -2.810594699260179e-01
2.341572875254810e+00 8.929055931104357e-01 -2.760369723463756e-01
2.351572875254810e+00 8.950637470747013e-01 -2.709726995577662e-01
2.361572875254810e+00 8.972306225345581e-01 -2.658662923250091e-01
2.371572875254810e+00 8.994062951332924e-01 -2.607173972059654e-01
2.381572875254810e+00 9.015908364452191e-01 -2.555256681599508e-01
2.391572875254810e+00 9.037843132748613e-01 -2.502907683831301e-01
2.401572875254810e+00 9.059867868625043e-01 -2.450123724033365e-01
2.411572875254810e+00 9.081983119828558e-01 -2.396901684718790e-01
2.421572875254810e+00 9.104189359214400e-01 -2.343238612958921e-01
2.431572875254810e+00 9.126486973108714e-01 -2.289131751618920e-01
2.441572875254810e+00 9.148876248062380e-01 -2.234578575095655e-01
2.451572875254810e+00 9.171357355753345e-01 -2.179576830247886e-01
2.461572875254810e+00 9.193930335753689e-01 -2.124124583327055e-01
2.471572875254810e+00 9.216595075828211e-01 -2.068220273858728e-01
2.481572875254810e+00 9.239351289372260e-01 -2.011862776594261e-01
2.491572875254810e+00 9.262198489525485e-01 -1.955051472856652e-01
2.501572875254810e+00 9.285135959412283e-01 -1.897786332851117e-01
2.511572875254810e+00 9.308162717855697e-01 -1.840068010810412e-01
2.521572875254810e+00 9.331277479784754e-01 -1.781897955209456e-01
2.531572875254810e+00 9.354478610400206e-01 -1.723278536730376e-01
2.541572875254810e+00 9.377764071972879e-01 -1.664213197208109e-01
2.551572875254810e+00 9.401131361913194e-01 -1.604706623466034e-01
2.561572875254809e+00 9.424577440457335e-01 -1.544764950795405e-01
2.571572875254810e+00 9.448098645949111e-01 -1.484396001888857e-01
2.581572875254810e+00 9.471690595235314e-01 -1.423609568368319e-01
2.591572875254810e+00 9.495348066107834e-01 -1.362417743733359e-01
2.601572875254810e+00 9.519064857979336e-01 -1.300835318709100e-01
2.611572875254810e+00 9.542833626018747e-01 -1.238880252743714e-01
2.621572875254810e+00 9.566645682725509e-01 -1.176574239003671e-01
2.631572875254810e+00 9.590490759286822e-01 -1.113943384930321e-01
2.641572875254810e+00 9.614356716897143e-01 -1.051019036666037e-01
2.651572875254810e+00 9.638229195319421e-01 -9.878387840208068e-02
2.661572875254810e+00 9.662091182034093e-01 -9.244476939909579e-02
2.671572875254810e+00 9.685922479911866e-01 -8.608998364353114e-02
2.681572875254810e+00 9.709699043788137e-01 -7.972601872906673e-02
2.691572875254810e+00 9.733392145571166e-01 -7.336070256542508e-02
2.701572875254810e+00 9.756967311932124e-01 -6.700349859151832e-02
2.711572875254810e+00 9.780382955505059e-01 -6.066589926174940e-02
2.721572875254810e+00 9.803588585314433e-01 -5.436194069364117e-02
2.731572875254810e+00 9.826522426863049e-01 -4.810888724091465e-02
2.741572875254810e+00 9.849108192326056e-01 -4.192816057253479e-02
2.751572875254810e+00 9.871250588381729e-01 -3.584663166131155e-02
2.761572875254810e+00 9.892828875404795e-01 -2.989847246313080e-02
2.771572875254810e+00 9.913687268625553e-01 -2.412791362695942e-02
2.781572875254810e+00 9.933619886444583e-01 -1.859356448385920e-02
2.791572875254810e+00 9.952345440530106e-01 -1.337566739886911e-02
2.801572875254810e+00 9.969460111539598e-01 -8.589580705897208e-03
2.811572875254809e+00 9.984334266604025e-01 -4.415263359208272e-03
2.821572875254810e+00 9.995802566285991e-01 -1.185494933046923e-03
