-4.472135954998580e+00 1.189638463244240e-19 -5.320224944924296e-19
-4.372135954998580e+00 3.630361663143743e-03 -1.601912672587693e-02
-4.272135954998579e+00 9.925007159225957e-03 -4.321059907584419e-02
-4.172135954998580e+00 1.765385705658910e-02 -7.583326016151860e-02
-4.072135954998579e+00 2.635634242859729e-02 -1.116992628754331e-01
-3.972135954998580e+00 3.576783871477660e-02 -1.495484935843444e-01
-3.872135954998579e+00 4.571512619100473e-02 -1.885592092798115e-01
-3.772135954998579e+00 5.607673463433469e-02 -2.281596431540674e-01
-3.672135954998580e+00 6.676372210737497e-02 -2.679356590451233e-01
-3.572135954998580e+00 7.770899151395561e-02 -3.075789958558004e-01
-3.472135954998580e+00 8.886080429302592e-02 -3.468556590241146e-01
-3.372135954998579e+00 1.001785912365596e-01 -3.855854268475123e-01
-3.272135954998579e+00 1.116301203261733e-01 -4.236279651586033e-01
-3.172135954998580e+00 1.231895133343100e-01 -4.608730960492387e-01
-3.072135954998579e+00 1.348358173342524e-01 -4.972337926635717e-01
-2.972135954998580e+00 1.465519520526395e-01 -5.326410252508486e-01
-2.872135954998579e+00 1.583239192394822e-01 -5.670398999500513e-01
-2.772135954998579e+00 1.701401991496499e-01 -6.003867214503449e-01
-2.672135954998580e+00 1.819912833933034e-01 -6.326467289737782e-01
-2.572135954998579e+00 1.938693089268597e-01 -6.637923312816244e-01
-2.472135954998580e+00 2.057677682052881e-01 -6.938017169497355e-01
-2.372135954998579e+00 2.176812774559810e-01 -7.226577504738265e-01
-2.272135954998579e+00 2.296053898344899e-01 -7.503470885540968e-01
-2.172135954998579e+00 2.415364436055580e-01 -7.768594677037979e-01
-2.072135954998579e+00 2.534714379173094e-01 -8.021871263774554e-01
-1.972135954998580e+00 2.654079304998300e-01 -8.263243335873484e-01
-1.872135954998579e+00 2.773439529190852e-01 -8.492670024463718e-01
-1.772135954998579e+00 2.892779399866794e-01 -8.710123719027927e-01
-1.672135954998579e+00 3.012086706571435e-01 -8.915587435728951e-01
-1.572135954998579e+00 3.131352183013226e-01 -9.109052633499369e-01
-1.472135954998580e+00 3.250569086724788e-01 -9.290517395982868e-01
-1.372135954998579e+00 3.369732842133709e-01 -9.459984913923338e-01
-1.272135954998579e+00 3.488840736115739e-01 -9.617462215489274e-01
-1.172135954998579e+00 3.607891657138958e-01 -9.762959102162466e-01
-1.072135954998579e+00 3.726885870717758e-01 -9.896487255854063e-01
-9.721359549985795e-01 3.845824825176716e-01 -1.001805948931989e+00
-8.721359549985794e-01 3.964710982747841e-01 -1.012768911709237e+00
-7.721359549985793e-01 4.083547671846012e-01 -1.022538942830685e+00
-6.721359549985793e-01 4.202338957028042e-01 -1.031117324618698e+00
-5.721359549985792e-01 4.321089523673164e-01 -1.038505256173188e+00
-4.721359549985795e-01 4.439804574851732e-01 -1.044703823144678e+00
-3.721359549985790e-01 4.558489738193486e-01 -1.049713973087717e+00
-2.721359549985793e-01 4.677150980842061e-01 -1.053536495732892e+00
-1.721359549985797e-01 4.795794530800082e-01 -1.056172007654397e+00
-7.213595499857917e-02 4.914426803137403e-01 -1.057620940930950e+00
2.786404500142048e-02 5.033054329661443e-01 -1.057883535505104e+00
1.278640450014210e-01 5.151683690737103e-01 -1.056959835043356e+00
2.278640450014207e-01 5.270321447998220e-01 -1.054849686190438e+00
3.278640450014212e-01 5.388974076715386e-01 -1.051552741198632e+00
4.278640450014208e-01 5.507647896575784e-01 -1.047068463999709e+00
5.278640450014205e-01 5.626348999590968e-01 -1.041396139876251e+00
6.278640450014210e-01 5.745083173774976e-01 -1.034534888983161e+00
7.278640450014207e-01 5.863855821126179e-01 -1.026483684072665e+00
8.278640450014212e-01 5.982671868297447e-01 -1.017241372890412e+00
9.278640450014208e-01 6.101535668143953e-01 -1.006806705840457e+00
1.027864045001420e+00 6.220450890089990e-01 -9.951783696680768e-01
1.127864045001421e+00 6.339420396943265e-01 -9.823550280871098e-01
1.227864045001421e+00 6.458446105396087e-01 -9.683353704905566e-01
1.327864045001421e+00 6.577528826968668e-01 -9.531181701382830e-01
1.427864045001421e+00 6.696668085549625e-01 -9.367023535256147e-01
1.527864045001420e+00 6.815861906942871e-01 -9.190870830161942e-01
1.627864045001421e+00 6.935106574902368e-01 -9.002718552902732e-01
1.727864045001421e+00 7.054396346976517e-01 -8.802566187413862e-01
1.827864045001421e+00 7.173723122030066e-01 -8.590419136764207e-01
1.927864045001421e+00 7.293076049477003e-01 -8.366290401004748e-01
2.027864045001420e+00 7.412441067932266e-01 -8.130202590057041e-01
2.127864045001421e+00 7.531800358019510e-01 -7.882190345817675e-01
2.227864045001421e+00 7.651131690253044e-01 -7.622303266545304e-01
2.327864045001421e+00 7.770407643960687e-01 -7.350609451282342e-01
2.427864045001421e+00 7.889594666740599e-01 -7.067199814290086e-01
2.527864045001420e+00 8.008651935398948e-01 -6.772193362026601e-01
2.627864045001421e+00 8.127529967915945e-01 -6.465743681948410e-01
2.727864045001421e+00 8.246168920605692e-01 -6.148046968962991e-01
2.827864045001421e+00 8.364496483615078e-01 -5.819352019891735e-01
2.927864045001421e+00 8.482425258771581e-01 -5.479972771028122e-01
3.027864045001420e+00 8.599849462766452e-01 -5.130304157352593e-01
3.127864045001421e+00 8.716640739858401e-01 -4.770842363035883e-01
3.227864045001421e+00 8.832642782286984e-01 -4.402210957497902e-01
3.327864045001421e+00 8.947664327877026e-01 -4.025195044886042e-01
3.427864045001421e+00 9.061469906477552e-01 -3.640786525199611e-01
3.527864045001420e+00 9.173767393146786e-01 -3.250245097497085e-01
3.627864045001420e+00 9.284190909766443e-01 -2.855182144295895e-01
3.727864045001422e+00 9.392276728804970e-01 -2.457678927071026e-01
3.827864045001421e+00 9.497428220375844e-01 -2.060458265592007e-01
3.927864045001421e+00 9.598862749690996e-01 -1.667143816596485e-01
4.027864045001420e+00 9.695526786172419e-01 -1.282672512346655e-01
4.127864045001420e+00 9.785949653934274e-01 -9.140000168458039e-02
4.227864045001422e+00 9.867961901727397e-01 -5.714458774692466e-02
4.327864045001421e+00 9.938042987506146e-01 -2.717686823920301e-02
4.427864045001421e+00 9.989092647068841e-01 -4.849031883421599e-03
