-4.472135954998580e+00 1.190367712967040e-19 -5.318234006404273e-19
-4.462135954998580e+00 1.185590910330954e-04 -5.295015173656608e-04
-4.452135954998580e+00 3.341112701510881e-04 -1.490187283708357e-03
-4.442135954998579e+00 6.115728932657743e-04 -2.724051772574179e-03
-4.432135954998579e+00 9.381783091304553e-04 -4.173207061217430e-03
-4.422135954998580e+00 1.306436191028563e-03 -5.803502450212914e-03
-4.412135954998580e+00 1.711222608175208e-03 -7.591470387301467e-03
-4.402135954998579e+00 2.148729154799742e-03 -9.519595297191182e-03
-4.392135954998579e+00 2.615971629888310e-03 -1.157410028576264e-02
-4.382135954998580e+00 3.110524330225788e-03 -1.374374835660876e-02
-4.372135954998580e+00 3.630361663143747e-03 -1.601912672587678e-02
-4.362135954998579e+00 4.173756882352877e-03 -1.839218854835198e-02
-4.352135954998579e+00 4.739213816935441e-03 -2.085594347648699e-02
-4.342135954998580e+00 5.325418883773903e-03 -2.340423981556231e-02
-4.332135954998580e+00 5.931206201210604e-03 -2.603160590456059e-02
-4.322135954998579e+00 6.555531511580947e-03 -2.873313136132392e-02
-4.312135954998579e+00 7.197452227274083e-03 -3.150437606945734e-02
-4.302135954998580e+00 7.856111855036128e-03 -3.434129902179358e-02
-4.292135954998580e+00 8.530727626951706e-03 -3.724020172297143e-02
-4.282135954998579e+00 9.220580529529964e-03 -4.019768249202671e-02
-4.272135954998579e+00 9.925007159226019e-03 -4.321059907584437e-02
-4.262135954998580e+00 1.064339299158482e-02 -4.627603770224500e-02
-4.252135954998580e+00 1.137516676027497e-02 -4.939128719478183e-02
-4.242135954998579e+00 1.211979571878154e-02 -5.255381711752580e-02
-4.232135954998579e+00 1.287678161219715e-02 -5.576125916567232e-02
-4.222135954998580e+00 1.364565722628874e-02 -5.901139119787838e-02
-4.212135954998580e+00 1.442598341034188e-02 -6.230212343920741e-02
-4.202135954998580e+00 1.521734649223449e-02 -6.563148648315806e-02
-4.192135954998579e+00 1.601935602082679e-02 -6.899762079676795e-02
-4.182135954998579e+00 1.683164278350208e-02 -7.239876749074477e-02
-4.172135954998580e+00 1.765385705658913e-02 -7.583326016151858e-02
-4.162135954998580e+00 1.848566705412056e-02 -7.929951764729870e-02
-4.152135954998579e+00 1.932675754650242e-02 -8.279603756805512e-02
-4.142135954998579e+00 2.017682862553107e-02 -8.632139054150856e-02
-4.132135954998580e+00 2.103559459610678e-02 -8.987421498504444e-02
-4.122135954998580e+00 2.190278297814906e-02 -9.345321242787108e-02
-4.112135954998579e+00 2.277813360479734e-02 -9.705714326951485e-02
-4.102135954998579e+00 2.366139780508900e-02 -1.006848229303728e-01
-4.092135954998580e+00 2.455233766104773e-02 -1.043351183480072e-01
-4.082135954998580e+00 2.545072533055653e-02 -1.080069447794666e-01
-4.072135954998579e+00 2.635634242859730e-02 -1.116992628754330e-01
-4.062135954998579e+00 2.726897946044307e-02 -1.154110759966145e-01
-4.052135954998580e+00 2.818843530124316e-02 -1.191414277467019e-01
-4.042135954998580e+00 2.911451671715662e-02 -1.228893996995045e-01
-4.032135954998579e+00 3.004703792380308e-02 -1.266541093006856e-01
-4.022135954998579e+00 3.098582017831958e-02 -1.304347079269138e-01
-4.012135954998580e+00 3.193069140175950e-02 -1.342303790873049e-01
-4.002135954998580e+00 3.288148582895307e-02 -1.380403367537862e-01
-3.992135954998580e+00 3.383804368327995e-02 -1.418638238085477e-01
-3.982135954998579e+00 3.480021087409274e-02 -1.457001105980676e-01
-3.972135954998580e+00 3.576783871477666e-02 -1.495484935843447e-01
-3.962135954998580e+00 3.674078365965189e-02 -1.534082940849743e-01
-3.952135954998580e+00 3.771890705810976e-02 -1.572788570945821e-01
-3.942135954998579e+00 3.870207492454380e-02 -1.611595501808970e-01
-3.932135954998579e+00 3.969015772278312e-02 -1.650497624494220e-01
-3.922135954998580e+00 4.068303016386153e-02 -1.689489035712586e-01
-3.912135954998579e+00 4.168057101607187e-02 -1.728564028691651e-01
-3.902135954998579e+00 4.268266292635419e-02 -1.767717084573998e-01
-3.892135954998579e+00 4.368919225215941e-02 -1.806942864313115e-01
-3.882135954998580e+00 4.470004890300359e-02 -1.846236201030153e-01
-3.872135954998579e+00 4.571512619100476e-02 -1.885592092798117e-01
-3.862135954998580e+00 4.673432068975357e-02 -1.925005695823096e-01
-3.852135954998579e+00 4.775753210092963e-02 -1.964472317994846e-01
-3.842135954998580e+00 4.878466312812122e-02 -2.003987412781119e-01
-3.832135954998579e+00 4.981561935735670e-02 -2.043546573442726e-01
-3.822135954998580e+00 5.085030914389430e-02 -2.083145527547773e-01
-3.812135954998579e+00 5.188864350485507e-02 -2.122780131765592e-01
-3.802135954998580e+00 5.293053601731729e-02 -2.162446366922239e-01
-3.792135954998579e+00 5.397590272151994e-02 -2.202140333301012e-01
-3.782135954998580e+00 5.502466202885319e-02 -2.241858246172589e-01
-3.772135954998579e+00 5.607673463433480e-02 -2.281596431540677e-01
-3.762135954998580e+00 5.713204343329768e-02 -2.321351322090009e-01
-3.752135954998580e+00 5.819051344203247e-02 -2.361119453324627e-01
-3.742135954998580e+00 5.925207172214939e-02 -2.400897459885201e-01
-3.732135954998579e+00 6.031664730843677e-02 -2.440682072034882e-01
-3.722135954998580e+00 6.138417114001857e-02 -2.480470112304088e-01
-3.712135954998580e+00 6.245457599461463e-02 -2.520258492285162e-01
-3.702135954998580e+00 6.352779642573253e-02 -2.560044209568510e-01
-3.692135954998579e+00 6.460376870262589e-02 -2.599824344812426e-01
-3.682135954998579e+00 6.568243075286410e-02 -2.639596058939269e-01
-3.672135954998580e+00 6.676372210737508e-02 -2.679356590451238e-01
-3.662135954998579e+00 6.784758384782393e-02 -2.719103252859325e-01
-3.652135954998579e+00 6.893395855620560e-02 -2.758833432219538e-01
-3.642135954998579e+00 7.002279026653366e-02 -2.798544584770772e-01
-3.632135954998580e+00 7.111402441851844e-02 -2.838234234669194e-01
-3.622135954998579e+00 7.220760781312915e-02 -2.877899971814144e-01
-3.612135954998580e+00 7.330348856994738e-02 -2.917539449761006e-01
-3.602135954998579e+00 7.440161608622022e-02 -2.957150383716770e-01
-3.592135954998580e+00 7.550194099752958e-02 -2.996730548614144e-01
-3.582135954998579e+00 7.660441513999781e-02 -3.036277777260514e-01
-3.572135954998580e+00 7.770899151395569e-02 -3.075789958558006e-01
-3.562135954998579e+00 7.881562424900142e-02 -3.115265035791475e-01
-3.552135954998580e+00 7.992426857038561e-02 -3.154701004980994e-01
-3.542135954998579e+00 8.103488076666035e-02 -3.194095913296083e-01
-3.532135954998580e+00 8.214741815853084e-02 -3.233447857528603e-01
-3.522135954998579e+00 8.326183906885803e-02 -3.272754982621855e-01
-3.512135954998580e+00 8.437810279375663e-02 -3.312015480253160e-01
-3.502135954998580e+00 8.549616957473978e-02 -3.351227587467673e-01
-3.492135954998580e+00 8.661600057186608e-02 -3.390389585361052e-01
-3.482135954998579e+00 8.773755783783965e-02 -3.429499797808944e-01
-3.472135954998580e+00 8.886080429302601e-02 -3.468556590241154e-01
-3.462135954998580e+00 8.998570370134258e-02 -3.507558368458658e-01
-3.452135954998580e+00 9.111222064698403e-02 -3.546503577491543e-01
-3.442135954998579e+00 9.224032051195015e-02 -3.585390700496262e-01
-3.432135954998579e+00 9.336996945433995e-02 -3.624218257690426e-01
-3.422135954998580e+00 9.450113438738141e-02 -3.662984805323678e-01
-3.412135954998579e+00 9.563378295916498e-02 -3.701688934683113e-01
-3.402135954998579e+00 9.676788353305261e-02 -3.740329271131833e-01
-3.392135954998579e+00 9.790340516873508e-02 -3.778904473179324e-01
-3.382135954998580e+00 9.904031760391049e-02 -3.817413231582343e-01
-3.372135954998579e+00 1.001785912365598e-01 -3.855854268475132e-01
-3.362135954998579e+00 1.013181971077952e-01 -3.894226336527783e-01
-3.352135954998579e+00 1.024591068852585e-01 -3.932528218131636e-01
-3.342135954998580e+00 1.036012928470486e-01 -3.970758724610721e-01
-3.332135954998579e+00 1.047447278661582e-01 -4.008916695458146e-01
-3.322135954998579e+00 1.058893853953967e-01 -4.047000997596563e-01
-3.312135954998579e+00 1.070352394527859e-01 -4.085010524661757e-01
-3.302135954998580e+00 1.081822646074063e-01 -4.122944196308477e-01
-3.292135954998580e+00 1.093304359656787e-01 -4.160800957537703e-01
-3.282135954998580e+00 1.104797291580653e-01 -4.198579778044561e-01
-3.272135954998579e+00 1.116301203261736e-01 -4.236279651586054e-01
-3.262135954998580e+00 1.127815861102492e-01 -4.273899595368000e-01
-3.252135954998580e+00 1.139341036370429e-01 -4.311438649450380e-01
-3.242135954998580e+00 1.150876505080387e-01 -4.348895876170472e-01
-3.232135954998579e+00 1.162422047880290e-01 -4.386270359583139e-01
-3.222135954998580e+00 1.173977449940266e-01 -4.423561204917631e-01
-3.212135954998580e+00 1.185542500844973e-01 -4.460767538050384e-01
-3.202135954998580e+00 1.197116994489096e-01 -4.497888504993158e-01
-3.192135954998579e+00 1.208700728975792e-01 -4.534923271396064e-01
-3.182135954998579e+00 1.220293506518095e-01 -4.571871022064905e-01
-3.172135954998580e+00 1.231895133343104e-01 -4.608730960492410e-01
-3.162135954998579e+00 1.243505419598877e-01 -4.645502308402785e-01
-3.152135954998579e+00 1.255124179263958e-01 -4.682184305309237e-01
-3.142135954998579e+00 1.266751230059417e-01 -4.718776208083929e-01
-3.132135954998580e+00 1.278386393363362e-01 -4.755277290540068e-01
-3.122135954998579e+00 1.290029494127772e-01 -4.791686843025584e-01
-3.112135954998579e+00 1.301680360797653e-01 -4.828004172028146e-01
-3.102135954998579e+00 1.313338825232374e-01 -4.864228599791045e-01
-3.092135954998580e+00 1.325004722629173e-01 -4.900359463939661e-01
-3.082135954998579e+00 1.336677891448688e-01 -4.936396117118105e-01
-3.072135954998579e+00 1.348358173342530e-01 -4.972337926635744e-01
-3.062135954998579e+00 1.360045413082751e-01 -5.008184274123324e-01
-3.052135954998580e+00 1.371739458493222e-01 -5.043934555198283e-01
-3.042135954998580e+00 1.383440160382808e-01 -5.079588179139086e-01
-3.032135954998580e+00 1.395147372480300e-01 -5.115144568568186e-01
-3.022135954998579e+00 1.406860951371046e-01 -5.150603159143429e-01
-3.012135954998580e+00 1.418580756435242e-01 -5.185963399257577e-01
-3.002135954998580e+00 1.430306649787812e-01 -5.221224749745738e-01
-2.992135954998580e+00 1.442038496219838e-01 -5.256386683600422e-01
-2.982135954998579e+00 1.453776163141486e-01 -5.291448685694035e-01
-2.972135954998580e+00 1.465519520526402e-01 -5.326410252508526e-01
-2.962135954998580e+00 1.477268440857494e-01 -5.361270891872016e-01
-2.952135954998580e+00 1.489022799074109e-01 -5.396030122702200e-01
-2.942135954998579e+00 1.500782472520516e-01 -5.430687474756269e-01
-2.932135954998579e+00 1.512547340895684e-01 -5.465242488387205e-01
-2.922135954998580e+00 1.524317286204314e-01 -5.499694714306251e-01
-2.912135954998579e+00 1.536092192709079e-01 -5.534043713351353e-01
-2.902135954998579e+00 1.547871946884032e-01 -5.568289056261408e-01
-2.892135954998579e+00 1.559656437369175e-01 -5.602430323456167e-01
-2.882135954998580e+00 1.571445554926119e-01 -5.636467104821592e-01
-2.872135954998579e+00 1.583239192394829e-01 -5.670398999500554e-01
-2.862135954998579e+00 1.595037244651420e-01 -5.704225615688662e-01
-2.852135954998579e+00 1.606839608566955e-01 -5.737946570435118e-01
-2.842135954998580e+00 1.618646182967245e-01 -5.771561489448460e-01
-2.832135954998579e+00 1.630456868593599e-01 -5.805070006907007e-01
-2.822135954998579e+00 1.642271568064501e-01 -5.838471765273918e-01
-2.812135954998579e+00 1.654090185838214e-01 -5.871766415116708e-01
-2.802135954998580e+00 1.665912628176239e-01 -5.904953614931129e-01
-2.792135954998580e+00 1.677738803107650e-01 -5.938033030969243e-01
-2.782135954998580e+00 1.689568620394241e-01 -5.971004337071621e-01
-2.772135954998579e+00 1.701401991496510e-01 -6.003867214503510e-01
-2.762135954998580e+00 1.713238829540399e-01 -6.036621351794897e-01
-2.752135954998580e+00 1.725079049284831e-01 -6.069266444584360e-01
-2.742135954998580e+00 1.736922567089965e-01 -6.101802195466559e-01
-2.732135954998579e+00 1.748769300886188e-01 -6.134228313843295e-01
-2.722135954998580e+00 1.760619170143821e-01 -6.166544515778085e-01
-2.712135954998580e+00 1.772472095843494e-01 -6.198750523854093e-01
-2.702135954998580e+00 1.784328000447200e-01 -6.230846067035318e-01
-2.692135954998579e+00 1.796186807869997e-01 -6.262830880531054e-01
-2.682135954998579e+00 1.808048443452340e-01 -6.294704705663398e-01
-2.672135954998580e+00 1.819912833933046e-01 -6.326467289737849e-01
-2.662135954998579e+00 1.831779907422829e-01 -6.358118385916818e-01
-2.652135954998579e+00 1.843649593378449e-01 -6.389657753096023e-01
-2.642135954998579e+00 1.855521822577416e-01 -6.421085155783719e-01
-2.632135954998580e+00 1.867396527093247e-01 -6.452400363982607e-01
-2.622135954998579e+00 1.879273640271285e-01 -6.483603153074445e-01
-2.612135954998579e+00 1.891153096705011e-01 -6.514693303707202e-01
-2.602135954998579e+00 1.903034832212894e-01 -6.545670601684777e-01
-2.592135954998580e+00 1.914918783815732e-01 -6.576534837859155e-01
-2.582135954998579e+00 1.926804889714494e-01 -6.607285808024957e-01
-2.572135954998579e+00 1.938693089268611e-01 -6.637923312816327e-01
-2.562135954998579e+00 1.950583322974757e-01 -6.668447157606078e-01
-2.552135954998580e+00 1.962475532446068e-01 -6.698857152407108e-01
-2.542135954998580e+00 1.974369660391803e-01 -6.729153111775902e-01
-2.532135954998580e+00 1.986265650597441e-01 -6.759334854718194e-01
-2.522135954998579e+00 1.998163447905186e-01 -6.789402204596673e-01
-2.512135954998580e+00 2.010062998194894e-01 -6.819354989040668e-01
-2.502135954998580e+00 2.021964248365389e-01 -6.849193039857838e-01
-2.492135954998580e+00 2.033867146316173e-01 -6.878916192947719e-01
-2.482135954998579e+00 2.045771640929513e-01 -6.908524288217135e-01
-2.472135954998580e+00 2.057677682052899e-01 -6.938017169497456e-01
-2.462135954998579e+00 2.069585220481868e-01 -6.967394684463598e-01
-2.452135954998580e+00 2.081494207943173e-01 -6.996656684554738e-01
-2.442135954998579e+00 2.093404597078301e-01 -7.025803024896766e-01
-2.432135954998579e+00 2.105316341427324e-01 -7.054833564226303e-01
-2.422135954998580e+00 2.117229395413090e-01 -7.083748164816389e-01
-2.412135954998579e+00 2.129143714325717e-01 -7.112546692403716e-01
-2.402135954998580e+00 2.141059254307406e-01 -7.141229016117355e-01
-2.392135954998579e+00 2.152975972337573e-01 -7.169795008409050e-01
-2.382135954998580e+00 2.164893826218255e-01 -7.198244544984873e-01
-2.372135954998579e+00 2.176812774559830e-01 -7.226577504738385e-01
-2.362135954998580e+00 2.188732776767008e-01 -7.254793769685143e-01
-2.352135954998579e+00 2.200653793025104e-01 -7.282893224898568e-01
-2.342135954998580e+00 2.212575784286586e-01 -7.310875758447137e-01
-2.332135954998579e+00 2.224498712257879e-01 -7.338741261332877e-01
-2.322135954998580e+00 2.236422539386448e-01 -7.366489627431111e-01
-2.312135954998579e+00 2.248347228848102e-01 -7.394120753431442e-01
-2.302135954998580e+00 2.260272744534576e-01 -7.421634538779949e-01
-2.292135954998579e+00 2.272199051041352e-01 -7.449030885622547e-01
-2.282135954998580e+00 2.284126113655692e-01 -7.476309698749514e-01
-2.272135954998579e+00 2.296053898344924e-01 -7.503470885541121e-01
-2.262135954998580e+00 2.307982371744955e-01 -7.530514355914377e-01
-2.252135954998579e+00 2.319911501148995e-01 -7.557440022270856e-01
-2.242135954998580e+00 2.331841254496498e-01 -7.584247799445530e-01
-2.232135954998579e+00 2.343771600362320e-01 -7.610937604656692e-01
-2.222135954998580e+00 2.355702507946081e-01 -7.637509357456825e-01
-2.212135954998579e+00 2.367633947061731e-01 -7.663962979684481e-01
-2.202135954998580e+00 2.379565888127299e-01 -7.690298395417101e-01
-2.192135954998579e+00 2.391498302154872e-01 -7.716515530924800e-01
-2.182135954998579e+00 2.403431160740712e-01 -7.742614314625023e-01
-2.172135954998579e+00 2.415364436055607e-01 -7.768594677038149e-01
-2.162135954998579e+00 2.427298100835364e-01 -7.794456550743913e-01
-2.152135954998580e+00 2.439232128371503e-01 -7.820199870338751e-01
-2.142135954998579e+00 2.451166492502122e-01 -7.845824572393910e-01
-2.132135954998580e+00 2.463101167602915e-01 -7.871330595414435e-01
-2.122135954998579e+00 2.475036128578377e-01 -7.896717879798938e-01
-2.112135954998580e+00 2.486971350853160e-01 -7.921986367800130e-01
-2.102135954998579e+00 2.498906810363580e-01 -7.947136003486168e-01
-2.092135954998580e+00 2.510842483549304e-01 -7.972166732702685e-01
-2.082135954998579e+00 2.522778347345161e-01 -7.997078503035626e-01
-2.072135954998580e+00 2.534714379173126e-01 -8.021871263774747e-01
-2.062135954998579e+00 2.546650556934426e-01 -8.046544965877859e-01
-2.052135954998580e+00 2.558586859001817e-01 -8.071099561935708e-01
-2.042135954998579e+00 2.570523264211966e-01 -8.095535006137584e-01
-2.032135954998580e+00 2.582459751858014e-01 -8.119851254237558e-01
-2.022135954998579e+00 2.594396301682225e-01 -8.144048263521355e-01
-2.012135954998580e+00 2.606332893868803e-01 -8.168125992773898e-01
-2.002135954998579e+00 2.618269509036821e-01 -8.192084402247418e-01
-1.992135954998580e+00 2.630206128233276e-01 -8.215923453630216e-01
-1.982135954998579e+00 2.642142732926279e-01 -8.239643110015982e-01
-1.972135954998580e+00 2.654079304998337e-01 -8.263243335873706e-01
-1.962135954998579e+00 2.666015826739800e-01 -8.286724097018177e-01
-1.952135954998580e+00 2.677952280842381e-01 -8.310085360581000e-01
-1.942135954998579e+00 2.689888650392806e-01 -8.333327094982185e-01
-1.932135954998579e+00 2.701824918866576e-01 -8.356449269902259e-01
-1.922135954998579e+00 2.713761070121845e-01 -8.379451856254891e-01
-1.912135954998579e+00 2.725697088393382e-01 -8.402334826160066e-01
-1.902135954998580e+00 2.737632958286664e-01 -8.425098152917702e-01
-1.892135954998579e+00 2.749568664772062e-01 -8.447741810981793e-01
-1.882135954998580e+00 2.761504193179107e-01 -8.470265775935053e-01
-1.872135954998579e+00 2.773439529190893e-01 -8.492670024463974e-01
-1.862135954998580e+00 2.785374658838549e-01 -8.514954534334375e-01
-1.852135954998579e+00 2.797309568495807e-01 -8.537119284367443e-01
-1.842135954998580e+00 2.809244244873678e-01 -8.559164254416127e-01
-1.832135954998579e+00 2.821178675015201e-01 -8.581089425342051e-01
-1.822135954998580e+00 2.833112846290298e-01 -8.602894778992793e-01
-1.812135954998579e+00 2.845046746390698e-01 -8.624580298179614e-01
-1.802135954998580e+00 2.856980363324967e-01 -8.646145966655597e-01
-1.792135954998579e+00 2.868913685413604e-01 -8.667591769094154e-01
-1.782135954998580e+00 2.880846701284228e-01 -8.688917691067952e-01
-1.772135954998579e+00 2.892779399866844e-01 -8.710123719028225e-01
-1.762135954998580e+00 2.904711770389198e-01 -8.731209840284435e-01
-1.752135954998579e+00 2.916643802372185e-01 -8.752176042984342e-01
-1.742135954998580e+00 2.928575485625357e-01 -8.773022316094389e-01
-1.732135954998579e+00 2.940506810242497e-01 -8.793748649380502e-01
-1.722135954998580e+00 2.952437766597265e-01 -8.814355033389160e-01
-1.712135954998579e+00 2.964368345338917e-01 -8.834841459428894e-01
-1.702135954998580e+00 2.976298537388096e-01 -8.855207919552043e-01
-1.692135954998579e+00 2.988228333932685e-01 -8.875454406536876e-01
-1.682135954998579e+00 3.000157726423744e-01 -8.895580913870029e-01
-1.672135954998579e+00 3.012086706571488e-01 -8.915587435729285e-01
-1.662135954998579e+00 3.024015266341363e-01 -8.935473966966589e-01
-1.652135954998580e+00 3.035943397950151e-01 -8.955240503091448e-01
-1.642135954998579e+00 3.047871093862170e-01 -8.974887040254576e-01
-1.632135954998580e+00 3.059798346785499e-01 -8.994413575231853e-01
-1.622135954998579e+00 3.071725149668316e-01 -9.013820105408575e-01
-1.612135954998580e+00 3.083651495695233e-01 -9.033106628763946e-01
-1.602135954998579e+00 3.095577378283742e-01 -9.052273143855910e-01
-1.592135954998580e+00 3.107502791080684e-01 -9.071319649806188e-01
-1.582135954998579e+00 3.119427727958793e-01 -9.090246146285622e-01
-1.572135954998580e+00 3.131352183013290e-01 -9.109052633499753e-01
-1.562135954998579e+00 3.143276150558518e-01 -9.127739112174682e-01
-1.552135954998580e+00 3.155199625124654e-01 -9.146305583543164e-01
-1.542135954998579e+00 3.167122601454458e-01 -9.164752049330931e-01
-1.532135954998580e+00 3.179045074500069e-01 -9.183078511743293e-01
-1.522135954998579e+00 3.190967039419862e-01 -9.201284973451945e-01
-1.512135954998580e+00 3.202888491575352e-01 -9.219371437582020e-01
-1.502135954998579e+00 3.214809426528139e-01 -9.237337907699359e-01
-1.492135954998580e+00 3.226729840036908e-01 -9.255184387798043e-01
-1.482135954998579e+00 3.238649728054472e-01 -9.272910882288058e-01
-1.472135954998580e+00 3.250569086724863e-01 -9.290517395983298e-01
-1.462135954998579e+00 3.262487912380460e-01 -9.308003934089643e-01
-1.452135954998580e+00 3.274406201539179e-01 -9.325370502193369e-01
-1.442135954998579e+00 3.286323950901688e-01 -9.342617106249673e-01
-1.432135954998579e+00 3.298241157348659e-01 -9.359743752571438e-01
-1.422135954998579e+00 3.310157817938097e-01 -9.376750447818203e-01
-1.412135954998579e+00 3.322073929902674e-01 -9.393637198985282e-01
-1.402135954998579e+00 3.333989490647105e-01 -9.410404013393128e-01
-1.392135954998579e+00 3.345904497745597e-01 -9.427050898676832e-01
-1.382135954998580e+00 3.357818948939291e-01 -9.443577862775836e-01
-1.372135954998579e+00 3.369732842133787e-01 -9.459984913923819e-01
-1.362135954998580e+00 3.381646175396661e-01 -9.476272060638746e-01
-1.352135954998579e+00 3.393558946955059e-01 -9.492439311713119e-01
-1.342135954998580e+00 3.405471155193302e-01 -9.508486676204346e-01
-1.332135954998579e+00 3.417382798650532e-01 -9.524414163425360e-01
-1.322135954998580e+00 3.429293876018406e-01 -9.540221782935278e-01
-1.312135954998579e+00 3.441204386138798e-01 -9.555909544530364e-01
-1.302135954998580e+00 3.453114328001555e-01 -9.571477458235051e-01
-1.292135954998579e+00 3.465023700742291e-01 -9.586925534293129e-01
-1.282135954998580e+00 3.476932503640183e-01 -9.602253783159131e-01
-1.272135954998579e+00 3.488840736115832e-01 -9.617462215489817e-01
-1.262135954998580e+00 3.500748397729135e-01 -9.632550842135859e-01
-1.252135954998579e+00 3.512655488177204e-01 -9.647519674133603e-01
-1.242135954998580e+00 3.524562007292289e-01 -9.662368722697051e-01
-1.232135954998579e+00 3.536467955039758e-01 -9.677097999209905e-01
-1.222135954998580e+00 3.548373331516093e-01 -9.691707515217792e-01
-1.212135954998579e+00 3.560278136946911e-01 -9.706197282420647e-01
-1.202135954998580e+00 3.572182371685026e-01 -9.720567312665166e-01
-1.192135954998579e+00 3.584086036208525e-01 -9.734817617937431e-01
-1.182135954998579e+00 3.595989131118875e-01 -9.748948210355661e-01
-1.172135954998579e+00 3.607891657139062e-01 -9.762959102163071e-01
-1.162135954998579e+00 3.619793615111752e-01 -9.776850305720872e-01
-1.152135954998579e+00 3.631695005997473e-01 -9.790621833501377e-01
-1.142135954998579e+00 3.643595830872838e-01 -9.804273698081243e-01
-1.132135954998580e+00 3.655496090928764e-01 -9.817805912134829e-01
-1.122135954998579e+00 3.667395787468747e-01 -9.831218488427641e-01
-1.112135954998580e+00 3.679294921907141e-01 -9.844511439809929e-01
-1.102135954998579e+00 3.691193495767469e-01 -9.857684779210393e-01
-1.092135954998580e+00 3.703091510680750e-01 -9.870738519629941e-01
-1.082135954998579e+00 3.714988968383850e-01 -9.883672674135650e-01
-1.072135954998580e+00 3.726885870717871e-01 -9.896487255854740e-01
-1.062135954998579e+00 3.738782219626534e-01 -9.909182277968732e-01
-1.052135954998580e+00 3.750678017154598e-01 -9.921757753707640e-01
-1.042135954998579e+00 3.762573265446314e-01 -9.934213696344313e-01
-1.032135954998580e+00 3.774467966743875e-01 -9.946550119188849e-01
-1.022135954998579e+00 3.786362123385897e-01 -9.958767035583135e-01
-1.012135954998580e+00 3.798255737805913e-01 -9.970864458895439e-01
-1.002135954998579e+00 3.810148812530921e-01 -9.982842402515137e-01
-9.921359549985795e-01 3.822041350179879e-01 -9.994700879847540e-01
-9.821359549985793e-01 3.833933353462310e-01 -1.000643990430874e+00
-9.721359549985795e-01 3.845824825176839e-01 -1.001805948932064e+00
-9.621359549985793e-01 3.857715768209824e-01 -1.002955964830602e+00
-9.521359549985795e-01 3.869606185533936e-01 -1.004094039468370e+00
-9.421359549985793e-01 3.881496080206812e-01 -1.005220174186377e+00
-9.321359549985795e-01 3.893385455369696e-01 -1.006334370324297e+00
-9.221359549985793e-01 3.905274314246094e-01 -1.007436629220006e+00
-9.121359549985795e-01 3.917162660140480e-01 -1.008526952209134e+00
-9.021359549985792e-01 3.929050496436959e-01 -1.009605340624626e+00
-8.921359549985795e-01 3.940937826598017e-01 -1.010671795796299e+00
-8.821359549985797e-01 3.952824654163221e-01 -1.011726319050429e+00
-8.721359549985794e-01 3.964710982747979e-01 -1.012768911709320e+00
-8.621359549985796e-01 3.976596816042298e-01 -1.013799575090901e+00
-8.521359549985794e-01 3.988482157809558e-01 -1.014818310508319e+00
-8.421359549985796e-01 4.000367011885298e-01 -1.015825119269545e+00
-8.321359549985794e-01 4.012251382176024e-01 -1.016820002676985e+00
-8.221359549985796e-01 4.024135272658029e-01 -1.017802962027095e+00
-8.121359549985794e-01 4.036018687376217e-01 -1.018773998610010e+00
-8.021359549985796e-01 4.047901630442954e-01 -1.019733113709177e+00
-7.921359549985794e-01 4.059784106036928e-01 -1.020680308600993e+00
-7.821359549985796e-01 4.071666118402014e-01 -1.021615584554447e+00
-7.721359549985793e-01 4.083547671846166e-01 -1.022538942830778e+00
-7.621359549985796e-01 4.095428770740310e-01 -1.023450384683132e+00
-7.521359549985793e-01 4.107309419517256e-01 -1.024349911356229e+00
-7.421359549985795e-01 4.119189622670607e-01 -1.025237524086031e+00
-7.321359549985793e-01 4.131069384753718e-01 -1.026113224099425e+00
-7.221359549985795e-01 4.142948710378618e-01 -1.026977012613903e+00
-7.121359549985793e-01 4.154827604214977e-01 -1.027828890837255e+00
-7.021359549985795e-01 4.166706070989070e-01 -1.028668859967267e+00
-6.921359549985793e-01 4.178584115482755e-01 -1.029496921191418e+00
-6.821359549985795e-01 4.190461742532466e-01 -1.030313075686595e+00
-6.721359549985793e-01 4.202338957028212e-01 -1.031117324618799e+00
-6.621359549985795e-01 4.214215763912587e-01 -1.031909669142873e+00
-6.521359549985792e-01 4.226092168179785e-01 -1.032690110402223e+00
-6.421359549985795e-01 4.237968174874647e-01 -1.033458649528548e+00
-6.321359549985797e-01 4.249843789091672e-01 -1.034215287641576e+00
-6.221359549985794e-01 4.261719015974098e-01 -1.034960025848812e+00
-6.121359549985796e-01 4.273593860712944e-01 -1.035692865245277e+00
-6.021359549985794e-01 4.285468328546076e-01 -1.036413806913263e+00
-5.921359549985796e-01 4.297342424757293e-01 -1.037122851922093e+00
-5.821359549985794e-01 4.309216154675413e-01 -1.037820001327881e+00
-5.721359549985796e-01 4.321089523673350e-01 -1.038505256173300e+00
-5.621359549985794e-01 4.332962537167244e-01 -1.039178617487356e+00
-5.521359549985796e-01 4.344835200615552e-01 -1.039840086285163e+00
-5.421359549985794e-01 4.356707519518176e-01 -1.040489663567728e+00
-5.321359549985796e-01 4.368579499415583e-01 -1.041127350321738e+00
-5.221359549985793e-01 4.380451145887946e-01 -1.041753147519352e+00
-5.121359549985796e-01 4.392322464554289e-01 -1.042367056117995e+00
-5.021359549985793e-01 4.404193461071617e-01 -1.042969077060164e+00
-4.921359549985795e-01 4.416064141134099e-01 -1.043559211273231e+00
-4.821359549985793e-01 4.427934510472217e-01 -1.044137459669256e+00
-4.721359549985795e-01 4.439804574851937e-01 -1.044703823144800e+00
-4.621359549985797e-01 4.451674340073888e-01 -1.045258302580744e+00
-4.521359549985791e-01 4.463543811972548e-01 -1.045800898842115e+00
-4.421359549985793e-01 4.475412996415425e-01 -1.046331612777916e+00
-4.321359549985795e-01 4.487281899302265e-01 -1.046850445220955e+00
-4.221359549985797e-01 4.499150526564246e-01 -1.047357396987683e+00
-4.121359549985790e-01 4.511018884163198e-01 -1.047852468878036e+00
-4.021359549985792e-01 4.522886978090791e-01 -1.048335661675281e+00
-3.921359549985795e-01 4.534754814367780e-01 -1.048806976145863e+00
-3.821359549985797e-01 4.546622399043223e-01 -1.049266413039262e+00
-3.721359549985799e-01 4.558489738193707e-01 -1.049713973087850e+00
-3.621359549985792e-01 4.570356837922583e-01 -1.050149657006749e+00
-3.521359549985794e-01 4.582223704359203e-01 -1.050573465493703e+00
-3.421359549985796e-01 4.594090343658188e-01 -1.050985399228941e+00
-3.321359549985798e-01 4.605956761998634e-01 -1.051385458875058e+00
-3.221359549985792e-01 4.617822965583412e-01 -1.051773645076887e+00
-3.121359549985794e-01 4.629688960638400e-01 -1.052149958461381e+00
-3.021359549985796e-01 4.641554753411752e-01 -1.052514399637503e+00
-2.921359549985798e-01 4.653420350173165e-01 -1.052866969196109e+00
-2.821359549985791e-01 4.665285757213147e-01 -1.053207667709843e+00
-2.721359549985793e-01 4.677150980842303e-01 -1.053536495733038e+00
-2.621359549985796e-01 4.689016027390603e-01 -1.053853453801608e+00
-2.521359549985798e-01 4.700880903206665e-01 -1.054158542432962e+00
-2.421359549985791e-01 4.712745614657040e-01 -1.054451762125900e+00
-2.321359549985793e-01 4.724610168125511e-01 -1.054733113360536e+00
-2.221359549985795e-01 4.736474570012367e-01 -1.055002596598207e+00
-2.121359549985797e-01 4.748338826733717e-01 -1.055260212281391e+00
-2.021359549985791e-01 4.760202944720777e-01 -1.055505960833630e+00
-1.921359549985793e-01 4.772066930419175e-01 -1.055739842659459e+00
-1.821359549985795e-01 4.783930790288244e-01 -1.055961858144332e+00
-1.721359549985797e-01 4.795794530800344e-01 -1.056172007654555e+00
-1.621359549985790e-01 4.807658158440167e-01 -1.056370291537224e+00
-1.521359549985792e-01 4.819521679704035e-01 -1.056556710120162e+00
-1.421359549985795e-01 4.831385101099219e-01 -1.056731263711866e+00
-1.321359549985797e-01 4.843248429143270e-01 -1.056893952601452e+00
-1.221359549985790e-01 4.855111670363309e-01 -1.057044777058603e+00
-1.121359549985792e-01 4.866974831295356e-01 -1.057183737333529e+00
-1.021359549985794e-01 4.878837918483666e-01 -1.057310833656917e+00
-9.213595499857963e-02 4.890700938480022e-01 -1.057426066239894e+00
-8.213595499857984e-02 4.902563897843082e-01 -1.057529435273995e+00
-7.213595499857917e-02 4.914426803137688e-01 -1.057620940931122e+00
-6.213595499857938e-02 4.926289660934198e-01 -1.057700583363525e+00
-5.213595499857959e-02 4.938152477807812e-01 -1.057768362703766e+00
-4.213595499857981e-02 4.950015260337900e-01 -1.057824279064703e+00
-3.213595499857913e-02 4.961878015107325e-01 -1.057868332539470e+00
-2.213595499857934e-02 4.973740748701774e-01 -1.057900523201458e+00
-1.213595499857956e-02 4.985603467709094e-01 -1.057920851104306e+00
-2.135954998579770e-03 4.997466178718608e-01 -1.057929316281890e+00
7.864045001420905e-03 5.009328888320457e-01 -1.057925918748319e+00
1.786404500142069e-02 5.021191603104919e-01 -1.057910658497930e+00
2.786404500142048e-02 5.033054329661758e-01 -1.057883535505291e+00
3.786404500142027e-02 5.044917074579528e-01 -1.057844549725204e+00
4.786404500142094e-02 5.056779844444922e-01 -1.057793701092716e+00
5.786404500142073e-02 5.068642645842091e-01 -1.057730989523124e+00
6.786404500142051e-02 5.080505485351977e-01 -1.057656414911994e+00
7.786404500142030e-02 5.092368369551649e-01 -1.057569977135179e+00
8.786404500142098e-02 5.104231305013610e-01 -1.057471676048836e+00
9.786404500142076e-02 5.116094298305144e-01 -1.057361511489456e+00
1.078640450014205e-01 5.127957355987633e-01 -1.057239483273887e+00
1.178640450014203e-01 5.139820484615881e-01 -1.057105591199366e+00
1.278640450014210e-01 5.151683690737440e-01 -1.056959835043557e+00
1.378640450014208e-01 5.163546980891929e-01 -1.056802214564587e+00
1.478640450014206e-01 5.175410361610359e-01 -1.056632729501086e+00
1.578640450014204e-01 5.187273839414449e-01 -1.056451379572232e+00
1.678640450014202e-01 5.199137420815946e-01 -1.056258164477803e+00
1.778640450014208e-01 5.211001112315936e-01 -1.056053083898223e+00
1.878640450014206e-01 5.222864920404159e-01 -1.055836137494624e+00
1.978640450014204e-01 5.234728851558329e-01 -1.055607324908898e+00
2.078640450014202e-01 5.246592912243431e-01 -1.055366645763763e+00
2.178640450014209e-01 5.258457108911031e-01 -1.055114099662827e+00
2.278640450014207e-01 5.270321447998587e-01 -1.054849686190658e+00
2.378640450014204e-01 5.282185935928746e-01 -1.054573404912859e+00
2.478640450014202e-01 5.294050579108645e-01 -1.054285255376138e+00
2.578640450014209e-01 5.305915383929203e-01 -1.053985237108394e+00
2.678640450014207e-01 5.317780356764414e-01 -1.053673349618799e+00
2.778640450014205e-01 5.329645503970654e-01 -1.053349592397880e+00
2.878640450014203e-01 5.341510831885941e-01 -1.053013964917618e+00
2.978640450014209e-01 5.353376346829242e-01 -1.052666466631538e+00
3.078640450014207e-01 5.365242055099733e-01 -1.052307096974805e+00
3.178640450014205e-01 5.377107962976099e-01 -1.051935855364329e+00
3.278640450014203e-01 5.388974076715780e-01 -1.051552741198869e+00
3.378640450014210e-01 5.400840402554266e-01 -1.051157753859144e+00
3.478640450014208e-01 5.412706946704340e-01 -1.050750892707945e+00
3.578640450014205e-01 5.424573715355350e-01 -1.050332157090250e+00
3.678640450014203e-01 5.436440714672462e-01 -1.049901546333349e+00
3.778640450014210e-01 5.448307950795921e-01 -1.049459059746962e+00
3.878640450014208e-01 5.460175429840269e-01 -1.049004696623375e+00
3.978640450014206e-01 5.472043157893626e-01 -1.048538456237570e+00
4.078640450014204e-01 5.483911141016897e-01 -1.048060337847357e+00
4.178640450014202e-01 5.495779385243027e-01 -1.047570340693521e+00
4.278640450014208e-01 5.507647896576210e-01 -1.047068463999964e+00
4.378640450014206e-01 5.519516680991113e-01 -1.046554706973850e+00
4.478640450014204e-01 5.531385744432106e-01 -1.046029068805765e+00
4.578640450014202e-01 5.543255092812464e-01 -1.045491548669869e+00
4.678640450014209e-01 5.555124732013554e-01 -1.044942145724057e+00
4.778640450014207e-01 5.566994667884079e-01 -1.044380859110128e+00
4.878640450014204e-01 5.578864906239214e-01 -1.043807687953950e+00
4.978640450014202e-01 5.590735452859839e-01 -1.043222631365639e+00
5.078640450014209e-01 5.602606313491696e-01 -1.042625688439735e+00
5.178640450014207e-01 5.614477493844563e-01 -1.042016858255383e+00
5.278640450014205e-01 5.626348999591430e-01 -1.041396139876525e+00
5.378640450014203e-01 5.638220836367648e-01 -1.040763532352088e+00
5.478640450014209e-01 5.650093009770092e-01 -1.040119034716183e+00
5.578640450014207e-01 5.661965525356292e-01 -1.039462645988304e+00
5.678640450014205e-01 5.673838388643593e-01 -1.038794365173537e+00
5.778640450014203e-01 5.685711605108259e-01 -1.038114191262766e+00
5.878640450014210e-01 5.697585180184613e-01 -1.037422123232893e+00
5.978640450014208e-01 5.709459119264151e-01 -1.036718160047056e+00
6.078640450014205e-01 5.721333427694633e-01 -1.036002300654856e+00
6.178640450014203e-01 5.733208110779204e-01 -1.035274543992582e+00
6.278640450014210e-01 5.745083173775468e-01 -1.034534888983455e+00
6.378640450014208e-01 5.756958621894565e-01 -1.033783334537860e+00
6.478640450014206e-01 5.768834460300257e-01 -1.033019879553596e+00
6.578640450014204e-01 5.780710694107986e-01 -1.032244522916124e+00
6.678640450014202e-01 5.792587328383921e-01 -1.031457263498827e+00
6.778640450014208e-01 5.804464368144010e-01 -1.030658100163268e+00
6.878640450014206e-01 5.816341818353009e-01 -1.029847031759456e+00
6.978640450014204e-01 5.828219683923507e-01 -1.029024057126124e+00
7.078640450014202e-01 5.840097969714951e-01 -1.028189175090998e+00
7.178640450014209e-01 5.851976680532640e-01 -1.027342384471091e+00
7.278640450014207e-01 5.863855821126711e-01 -1.026483684072983e+00
7.378640450014204e-01 5.875735396191145e-01 -1.025613072693121e+00
7.478640450014202e-01 5.887615410362720e-01 -1.024730549118120e+00
7.578640450014209e-01 5.899495868219987e-01 -1.023836112125067e+00
7.678640450014207e-01 5.911376774282197e-01 -1.022929760481840e+00
7.778640450014205e-01 5.923258133008271e-01 -1.022011492947420e+00
7.878640450014203e-01 5.935139948795699e-01 -1.021081308272219e+00
7.978640450014209e-01 5.947022225979469e-01 -1.020139205198415e+00
8.078640450014207e-01 5.958904968830971e-01 -1.019185182460286e+00
8.178640450014205e-01 5.970788181556869e-01 -1.018219238784558e+00
8.278640450014203e-01 5.982671868298011e-01 -1.017241372890751e+00
8.378640450014210e-01 5.994556033128253e-01 -1.016251583491545e+00
8.478640450014208e-01 6.006440680053342e-01 -1.015249869293136e+00
8.578640450014205e-01 6.018325813009741e-01 -1.014236228995613e+00
8.678640450014203e-01 6.030211435863446e-01 -1.013210661293339e+00
8.778640450014210e-01 6.042097552408821e-01 -1.012173164875326e+00
8.878640450014208e-01 6.053984166367354e-01 -1.011123738425642e+00
8.978640450014206e-01 6.065871281386479e-01 -1.010062380623799e+00
9.078640450014204e-01 6.077758901038314e-01 -1.008989090145170e+00
9.178640450014202e-01 6.089647028818426e-01 -1.007903865661398e+00
9.278640450014208e-01 6.101535668144560e-01 -1.006806705840821e+00
9.378640450014206e-01 6.113424822355368e-01 -1.005697609348903e+00
9.478640450014204e-01 6.125314494709100e-01 -1.004576574848672e+00
9.578640450014202e-01 6.137204688382312e-01 -1.003443601001169e+00
9.678640450014209e-01 6.149095406468519e-01 -1.002298686465895e+00
9.778640450014207e-01 6.160986651976851e-01 -1.001141829901286e+00
9.878640450014204e-01 6.172878427830709e-01 -9.999730299651733e-01
9.978640450014202e-01 6.184770736866368e-01 -9.987922853152704e-01
1.007864045001421e+00 6.196663581831588e-01 -9.975995946096580e-01
1.017864045001421e+00 6.208556965384192e-01 -9.963949565072836e-01
1.027864045001420e+00 6.220450890090637e-01 -9.951783696684648e-01
1.037864045001420e+00 6.232345358424567e-01 -9.939498327554098e-01
1.047864045001421e+00 6.244240372765327e-01 -9.927093444327368e-01
1.057864045001421e+00 6.256135935396483e-01 -9.914569033680131e-01
1.067864045001421e+00 6.268032048504315e-01 -9.901925082322931e-01
1.077864045001420e+00 6.279928714176273e-01 -9.889161577006768e-01
1.087864045001421e+00 6.291825934399435e-01 -9.876278504528716e-01
1.097864045001421e+00 6.303723711058933e-01 -9.863275851737637e-01
1.107864045001421e+00 6.315622045936361e-01 -9.850153605540043e-01
1.117864045001420e+00 6.327520940708152e-01 -9.836911752906008e-01
1.127864045001421e+00 6.339420396943960e-01 -9.823550280875242e-01
1.137864045001421e+00 6.351320416104973e-01 -9.810069176563220e-01
1.147864045001421e+00 6.363220999542257e-01 -9.796468427167442e-01
1.157864045001420e+00 6.375122148495032e-01 -9.782748019973836e-01
1.167864045001420e+00 6.387023864088957e-01 -9.768907942363186e-01
1.177864045001421e+00 6.398926147334364e-01 -9.754948181817793e-01
1.187864045001421e+00 6.410828999124489e-01 -9.740868725928140e-01
1.197864045001420e+00 6.422732420233674e-01 -9.726669562399760e-01
1.207864045001420e+00 6.434636411315516e-01 -9.712350679060179e-01
1.217864045001421e+00 6.446540972901049e-01 -9.697912063865970e-01
1.227864045001421e+00 6.458446105396827e-01 -9.683353704910012e-01
1.237864045001420e+00 6.470351809083044e-01 -9.668675590428760e-01
1.247864045001420e+00 6.482258084111586e-01 -9.653877708809742e-01
1.257864045001421e+00 6.494164930504077e-01 -9.638960048599126e-01
1.267864045001421e+00 6.506072348149877e-01 -9.623922598509459e-01
1.277864045001420e+00 6.517980336804081e-01 -9.608765347427537e-01
1.287864045001420e+00 6.529888896085457e-01 -9.593488284422365e-01
1.297864045001421e+00 6.541798025474372e-01 -9.578091398753331e-01
1.307864045001421e+00 6.553707724310676e-01 -9.562574679878488e-01
1.317864045001421e+00 6.565617991791579e-01 -9.546938117462964e-01
1.327864045001420e+00 6.577528826969463e-01 -9.531181701387557e-01
1.337864045001421e+00 6.589440228749697e-01 -9.515305421757444e-01
1.347864045001421e+00 6.601352195888379e-01 -9.499309268911095e-01
1.357864045001421e+00 6.613264726990087e-01 -9.483193233429280e-01
1.367864045001420e+00 6.625177820505572e-01 -9.466957306144299e-01
1.377864045001421e+00 6.637091474729406e-01 -9.450601478149314e-01
1.387864045001421e+00 6.649005687797630e-01 -9.434125740807896e-01
1.397864045001421e+00 6.660920457685336e-01 -9.417530085763711e-01
1.407864045001420e+00 6.672835782204226e-01 -9.400814504950404e-01
1.417864045001420e+00 6.684751659000123e-01 -9.383978990601607e-01
1.427864045001421e+00 6.696668085550467e-01 -9.367023535261191e-01
1.437864045001421e+00 6.708585059161739e-01 -9.349948131793651e-01
1.447864045001420e+00 6.720502576966881e-01 -9.332752773394698e-01
1.457864045001420e+00 6.732420635922648e-01 -9.315437453602010e-01
1.467864045001421e+00 6.744339232806938e-01 -9.298002166306228e-01
1.477864045001421e+00 6.756258364216078e-01 -9.280446905762093e-01
1.487864045001420e+00 6.768178026562038e-01 -9.262771666599805e-01
1.497864045001420e+00 6.780098216069669e-01 -9.244976443836580e-01
1.507864045001421e+00 6.792018928773821e-01 -9.227061232888429e-01
1.517864045001421e+00 6.803940160516467e-01 -9.209026029582097e-01
1.527864045001420e+00 6.815861906943766e-01 -9.190870830167299e-01
1.537864045001420e+00 6.827784163503077e-01 -9.172595631329096e-01
1.547864045001421e+00 6.839706925439931e-01 -9.154200430200498e-01
1.557864045001421e+00 6.851630187794953e-01 -9.135685224375375e-01
1.567864045001421e+00 6.863553945400731e-01 -9.117050011921485e-01
1.577864045001420e+00 6.875478192878653e-01 -9.098294791393834e-01
1.587864045001421e+00 6.887402924635669e-01 -9.079419561848191e-01
1.597864045001421e+00 6.899328134861008e-01 -9.060424322854919e-01
1.607864045001421e+00 6.911253817522870e-01 -9.041309074513004e-01
1.617864045001420e+00 6.923179966365004e-01 -9.022073817464369e-01
1.627864045001421e+00 6.935106574903315e-01 -9.002718552908424e-01
1.637864045001421e+00 6.947033636422331e-01 -8.983243282616875e-01
1.647864045001421e+00 6.958961143971671e-01 -8.963648008948851e-01
1.657864045001420e+00 6.970889090362433e-01 -8.943932734866213e-01
1.667864045001421e+00 6.982817468163524e-01 -8.924097463949234e-01
1.677864045001421e+00 6.994746269697930e-01 -8.904142200412519e-01
1.687864045001421e+00 7.006675487038942e-01 -8.884066949121188e-01
1.697864045001420e+00 7.018605112006284e-01 -8.863871715607413e-01
1.707864045001420e+00 7.030535136162208e-01 -8.843556506087219e-01
1.717864045001421e+00 7.042465550807522e-01 -8.823121327477592e-01
1.727864045001421e+00 7.054396346977533e-01 -8.802566187413911e-01
1.737864045001420e+00 7.066327515437939e-01 -8.781891094267694e-01
1.747864045001420e+00 7.078259046680654e-01 -8.761096057164667e-01
1.757864045001421e+00 7.090190930919554e-01 -8.740181086003168e-01
1.767864045001421e+00 7.102123158086145e-01 -8.719146191472894e-01
1.777864045001420e+00 7.114055717825187e-01 -8.697991385073968e-01
1.787864045001420e+00 7.125988599490201e-01 -8.676716679136397e-01
1.797864045001421e+00 7.137921792138956e-01 -8.655322086839852e-01
1.807864045001421e+00 7.149855284528820e-01 -8.633807622233854e-01
1.817864045001421e+00 7.161789065112074e-01 -8.612173300258262e-01
1.827864045001420e+00 7.173723122031135e-01 -8.590419136764249e-01
1.837864045001421e+00 7.185657443113689e-01 -8.568545148535553e-01
1.847864045001421e+00 7.197592015867740e-01 -8.546551353310224e-01
1.857864045001421e+00 7.209526827476601e-01 -8.524437769802682e-01
1.867864045001420e+00 7.221461864793752e-01 -8.502204417726288e-01
1.877864045001421e+00 7.233397114337655e-01 -8.479851317816234e-01
1.887864045001421e+00 7.245332562286465e-01 -8.457378491852957e-01
1.897864045001421e+00 7.257268194472607e-01 -8.434785962685906e-01
1.907864045001420e+00 7.269203996377345e-01 -8.412073754257837e-01
1.917864045001421e+00 7.281139953125169e-01 -8.389241891629488e-01
1.927864045001421e+00 7.293076049478137e-01 -8.366290401004797e-01
1.937864045001421e+00 7.305012269830103e-01 -8.343219309756532e-01
1.947864045001420e+00 7.316948598200846e-01 -8.320028646452438e-01
1.957864045001420e+00 7.328885018230061e-01 -8.296718440881879e-01
1.967864045001421e+00 7.340821513171327e-01 -8.273288724082981e-01
1.977864045001421e+00 7.352758065885866e-01 -8.249739528370298e-01
1.987864045001420e+00 7.364694658836273e-01 -8.226070887363014e-01
1.997864045001420e+00 7.376631274080077e-01 -8.202282836013626e-01
2.007864045001421e+00 7.388567893263231e-01 -8.178375410637284e-01
2.017864045001421e+00 7.400504497613453e-01 -8.154348648941605e-01
2.027864045001420e+00 7.412441067933464e-01 -8.130202590057094e-01
2.037864045001420e+00 7.424377584594100e-01 -8.105937274568141e-01
2.047864045001421e+00 7.436314027527289e-01 -8.081552744544636e-01
2.057864045001421e+00 7.448250376218922e-01 -8.057049043574190e-01
2.067864045001421e+00 7.460186609701569e-01 -8.032426216794953e-01
2.077864045001420e+00 7.472122706547094e-01 -8.007684310929131e-01
2.087864045001421e+00 7.484058644859091e-01 -7.982823374317081e-01
2.097864045001421e+00 7.495994402265220e-01 -7.957843456952127e-01
2.107864045001421e+00 7.507929955909396e-01 -7.932744610516064e-01
2.117864045001420e+00 7.519865282443798e-01 -7.907526888415291e-01
2.127864045001421e+00 7.531800358020785e-01 -7.882190345817734e-01
2.137864045001421e+00 7.543735158284613e-01 -7.856735039690453e-01
2.147864045001421e+00 7.555669658363028e-01 -7.831161028838003e-01
2.157864045001420e+00 7.567603832858701e-01 -7.805468373941541e-01
2.167864045001421e+00 7.579537655840467e-01 -7.779657137598743e-01
2.177864045001421e+00 7.591471100834446e-01 -7.753727384364488e-01
2.187864045001421e+00 7.603404140814974e-01 -7.727679180792348e-01
2.197864045001420e+00 7.615336748195359e-01 -7.701512595476933e-01
2.207864045001420e+00 7.627268894818467e-01 -7.675227699097042e-01
2.217864045001421e+00 7.639200551947138e-01 -7.648824564459766e-01
2.227864045001421e+00 7.651131690254389e-01 -7.622303266545369e-01
2.237864045001420e+00 7.663062279813474e-01 -7.595663882553136e-01
2.247864045001420e+00 7.674992290087714e-01 -7.568906491948177e-01
2.257864045001421e+00 7.686921689920144e-01 -7.542031176509090e-01
2.267864045001421e+00 7.698850447522974e-01 -7.515038020376712e-01
2.277864045001420e+00 7.710778530466826e-01 -7.487927110103735e-01
2.287864045001420e+00 7.722705905669760e-01 -7.460698534705458e-01
2.297864045001421e+00 7.734632539386118e-01 -7.433352385711466e-01
2.307864045001421e+00 7.746558397195096e-01 -7.405888757218483e-01
2.317864045001421e+00 7.758483443989145e-01 -7.378307745944230e-01
2.327864045001420e+00 7.770407643962108e-01 -7.350609451282412e-01
2.337864045001421e+00 7.782330960597149e-01 -7.322793975358877e-01
2.347864045001421e+00 7.794253356654404e-01 -7.294861423088924e-01
2.357864045001421e+00 7.806174794158433e-01 -7.266811902235784e-01
2.367864045001420e+00 7.818095234385382e-01 -7.238645523470335e-01
2.377864045001421e+00 7.830014637849919e-01 -7.210362400432088e-01
2.387864045001421e+00 7.841932964291890e-01 -7.181962649791431e-01
2.397864045001421e+00 7.853850172662697e-01 -7.153446391313176e-01
2.407864045001420e+00 7.865766221111425e-01 -7.124813747921488e-01
2.417864045001421e+00 7.877681066970675e-01 -7.096064845766120e-01
2.427864045001421e+00 7.889594666742097e-01 -7.067199814290155e-01
2.437864045001421e+00 7.901506976081659e-01 -7.038218786299066e-01
2.447864045001420e+00 7.913417949784569e-01 -7.009121898031364e-01
2.457864045001420e+00 7.925327541769934e-01 -6.979909289230694e-01
2.467864045001421e+00 7.937235705065067e-01 -6.950581103219499e-01
2.477864045001421e+00 7.949142391789477e-01 -6.921137486974271e-01
2.487864045001420e+00 7.961047553138548e-01 -6.891578591202451e-01
2.497864045001420e+00 7.972951139366851e-01 -6.861904570420916e-01
2.507864045001421e+00 7.984853099771116e-01 -6.832115583036290e-01
2.517864045001421e+00 7.996753382672832e-01 -6.802211791426929e-01
2.527864045001420e+00 8.008651935400531e-01 -6.772193362026689e-01
2.537864045001420e+00 8.020548704271619e-01 -6.742060465410604e-01
2.547864045001421e+00 8.032443634573891e-01 -6.711813276382373e-01
2.557864045001421e+00 8.044336670546605e-01 -6.681451974063843e-01
2.567864045001421e+00 8.056227755361186e-01 -6.650976741986422e-01
2.577864045001420e+00 8.068116831101486e-01 -6.620387768184558e-01
2.587864045001421e+00 8.080003838743636e-01 -6.589685245291297e-01
2.597864045001421e+00 8.091888718135462e-01 -6.558869370635962e-01
2.607864045001421e+00 8.103771407975440e-01 -6.527940346344061e-01
2.617864045001420e+00 8.115651845791206e-01 -6.496898379439386e-01
2.627864045001421e+00 8.127529967917612e-01 -6.465743681948496e-01
2.637864045001421e+00 8.139405709474234e-01 -6.434476471007499e-01
2.647864045001421e+00 8.151279004342477e-01 -6.403096968971305e-01
2.657864045001420e+00 8.163149785142101e-01 -6.371605403525361e-01
2.667864045001421e+00 8.175017983207254e-01 -6.340002007799941e-01
2.677864045001421e+00 8.186883528561968e-01 -6.308287020487087e-01
2.687864045001421e+00 8.198746349895115e-01 -6.276460685960212e-01
2.697864045001420e+00 8.210606374534766e-01 -6.244523254396491e-01
2.707864045001420e+00 8.222463528422016e-01 -6.212474981902116e-01
2.717864045001421e+00 8.234317736084191e-01 -6.180316130640419e-01
2.727864045001421e+00 8.246168920607451e-01 -6.148046968963073e-01
2.737864045001420e+00 8.258017003608751e-01 -6.115667771544282e-01
2.747864045001420e+00 8.269861905207186e-01 -6.083178819518216e-01
2.757864045001421e+00 8.281703543994656e-01 -6.050580400619632e-01
2.767864045001421e+00 8.293541837005858e-01 -6.017872809327920e-01
2.777864045001420e+00 8.305376699687592e-01 -5.985056347014476e-01
2.787864045001420e+00 8.317208045867325e-01 -5.952131322093698e-01
2.797864045001421e+00 8.329035787721035e-01 -5.919098050177551e-01
2.807864045001421e+00 8.340859835740305e-01 -5.885956854233902e-01
2.817864045001421e+00 8.352680098698633e-01 -5.852708064748647e-01
2.827864045001420e+00 8.364496483616924e-01 -5.819352019891822e-01
2.837864045001421e+00 8.376308895728182e-01 -5.785889065687729e-01
2.847864045001421e+00 8.388117238441362e-01 -5.752319556189284e-01
2.857864045001421e+00 8.399921413304310e-01 -5.718643853656589e-01
2.867864045001420e+00 8.411721319965879e-01 -5.684862328739977e-01
2.877864045001421e+00 8.423516856137033e-01 -5.650975360667557e-01
2.887864045001421e+00 8.435307917551100e-01 -5.616983337437474e-01
2.897864045001421e+00 8.447094397922978e-01 -5.582886656014919e-01
2.907864045001420e+00 8.458876188907357e-01 -5.548685722534166e-01
2.917864045001421e+00 8.470653180055933e-01 -5.514380952505625e-01
2.927864045001421e+00 8.482425258773525e-01 -5.479972771028223e-01
2.937864045001421e+00 8.494192310273129e-01 -5.445461613007129e-01
2.947864045001420e+00 8.505954217529794e-01 -5.410847923377072e-01
2.957864045001420e+00 8.517710861233404e-01 -5.376132157331411e-01
2.967864045001421e+00 8.529462119740205e-01 -5.341314780557065e-01
2.977864045001421e+00 8.541207869023132e-01 -5.306396269475595e-01
2.987864045001420e+00 8.552947982620841e-01 -5.271377111490496e-01
2.997864045001420e+00 8.564682331585474e-01 -5.236257805241004e-01
3.007864045001421e+00 8.576410784429008e-01 -5.201038860862567e-01
3.017864045001421e+00 8.588133207068268e-01 -5.165720800254154e-01
3.027864045001420e+00 8.599849462768497e-01 -5.130304157352702e-01
3.037864045001420e+00 8.611559412085390e-01 -5.094789478414843e-01
3.047864045001421e+00 8.623262912805701e-01 -5.059177322306192e-01
3.057864045001421e+00 8.634959819886164e-01 -5.023468260798414e-01
3.067864045001421e+00 8.646649985390874e-01 -4.987662878874325e-01
3.077864045001420e+00 8.658333258426932e-01 -4.951761775041272e-01
3.087864045001421e+00 8.670009485078395e-01 -4.915765561653117e-01
3.097864045001421e+00 8.681678508338414e-01 -4.879674865240994e-01
3.107864045001421e+00 8.693340168039532e-01 -4.843490326853235e-01
3.117864045001420e+00 8.704994300782071e-01 -4.807212602404732e-01
3.127864045001421e+00 8.716640739860548e-01 -4.770842363035993e-01
3.137864045001421e+00 8.728279315188047e-01 -4.734380295482323e-01
3.147864045001421e+00 8.739909853218509e-01 -4.697827102453355e-01
3.157864045001420e+00 8.751532176866801e-01 -4.661183503023347e-01
3.167864045001421e+00 8.763146105426561e-01 -4.624450233032628e-01
3.177864045001421e+00 8.774751454485731e-01 -4.587628045500506e-01
3.187864045001421e+00 8.786348035839644e-01 -4.550717711050071e-01
3.197864045001420e+00 8.797935657401624e-01 -4.513720018345309e-01
3.207864045001420e+00 8.809514123111043e-01 -4.476635774540965e-01
3.217864045001421e+00 8.821083232838665e-01 -4.439465805745545e-01
3.227864045001421e+00 8.832642782289237e-01 -4.402210957498014e-01
3.237864045001420e+00 8.844192562901241e-01 -4.364872095258561e-01
3.247864045001420e+00 8.855732361743635e-01 -4.327450104914043e-01
3.257864045001421e+00 8.867261961409568e-01 -4.289945893298568e-01
3.267864045001421e+00 8.878781139906872e-01 -4.252360388729807e-01
3.277864045001420e+00 8.890289670545263e-01 -4.214694541561539e-01
3.287864045001420e+00 8.901787321820140e-01 -4.176949324753165e-01
3.297864045001421e+00 8.913273857292803e-01 -4.139125734456615e-01
3.307864045001421e+00 8.924749035466980e-01 -4.101224790621541e-01
3.317864045001421e+00 8.936212609661572e-01 -4.063247537619229e-01
3.327864045001420e+00 8.947664327879390e-01 -4.025195044886158e-01
3.337864045001421e+00 8.959103932671787e-01 -3.987068407587810e-01
3.347864045001421e+00 8.970531160998995e-01 -3.948868747303588e-01
3.357864045001421e+00 8.981945744086034e-01 -3.910597212733615e-01
3.367864045001420e+00 8.993347407273974e-01 -3.872254980428274e-01
3.377864045001421e+00 9.004735869866423e-01 -3.833843255541441e-01
3.387864045001421e+00 9.016110844970970e-01 -3.795363272608241e-01
3.397864045001421e+00 9.027472039335493e-01 -3.756816296348425e-01
3.407864045001420e+00 9.038819153178986e-01 -3.718203622496301e-01
3.417864045001421e+00 9.050151880016808e-01 -3.679526578658360e-01
3.427864045001421e+00 9.061469906480037e-01 -3.640786525199738e-01
3.437864045001421e+00 9.072772912128740e-01 -3.601984856160623e-01
3.447864045001420e+00 9.084060569258856e-01 -3.563123000203961e-01
3.457864045001421e+00 9.095332542702470e-01 -3.524202421595704e-01
3.467864045001421e+00 9.106588489621115e-01 -3.485224621219031e-01
3.477864045001421e+00 9.117828059291939e-01 -3.446191137623903e-01
3.487864045001420e+00 9.129050892886263e-01 -3.407103548113617e-01
3.497864045001420e+00 9.140256623240323e-01 -3.367963469869862e-01
3.507864045001421e+00 9.151444874617789e-01 -3.328772561117979e-01
3.517864045001421e+00 9.162615262463689e-01 -3.289532522334283e-01
3.527864045001420e+00 9.173767393149387e-01 -3.250245097497240e-01
3.537864045001420e+00 9.184900863708175e-01 -3.210912075384537e-01
3.547864045001420e+00 9.196015261561057e-01 -3.171535290918139e-01
3.557864045001420e+00 9.207110164232256e-01 -3.132116626559531e-01
3.567864045001421e+00 9.218185139053986e-01 -3.092658013757455e-01
3.577864045001421e+00 9.229239742859948e-01 -3.053161434450731e-01
3.587864045001421e+00 9.240273521667032e-01 -3.013628922628570e-01
3.597864045001421e+00 9.251286010344639e-01 -2.974062565951398e-01
3.607864045001421e+00 9.262276732271008e-01 -2.934464507434918e-01
3.617864045001420e+00 9.273245198975938e-01 -2.894836947200624e-01
3.627864045001420e+00 9.284190909769166e-01 -2.855182144296045e-01
3.637864045001420e+00 9.295113351353709e-01 -2.815502418588204e-01
3.647864045001421e+00 9.306011997423430e-01 -2.775800152734019e-01
3.657864045001421e+00 9.316886308243909e-01 -2.736077794231611e-01
3.667864045001421e+00 9.327735730215850e-01 -2.696337857556662e-01
3.677864045001421e+00 9.338559695420018e-01 -2.656582926388399e-01
3.687864045001421e+00 9.349357621142769e-01 -2.616815655929854e-01
3.697864045001420e+00 9.360128909381048e-01 -2.577038775327549e-01
3.707864045001420e+00 9.370872946325818e-01 -2.537255090196033e-01
3.717864045001420e+00 9.381589101822581e-01 -2.497467485252994e-01
3.727864045001420e+00 9.392276728807822e-01 -2.457678927071187e-01
3.737864045001421e+00 9.402935162719960e-01 -2.417892466953742e-01
3.747864045001421e+00 9.413563720883221e-01 -2.378111243940062e-01
3.757864045001421e+00 9.424161701863030e-01 -2.338338487949652e-01
3.767864045001421e+00 9.434728384791028e-01 -2.298577523072295e-01
3.777864045001420e+00 9.445263028658000e-01 -2.258831771013136e-01
3.787864045001420e+00 9.455764871572685e-01 -2.219104754702146e-01
3.797864045001420e+00 9.466233129984390e-01 -2.179400102078026e-01
3.807864045001420e+00 9.476666997867046e-01 -2.139721550057503e-01
3.817864045001421e+00 9.487065645862275e-01 -2.100072948701662e-01
3.827864045001421e+00 9.497428220378835e-01 -2.060458265592120e-01
3.837864045001421e+00 9.507753842645471e-01 -2.020881590430584e-01
3.847864045001421e+00 9.518041607714112e-01 -1.981347139876723e-01
3.857864045001421e+00 9.528290583409953e-01 -1.941859262640392e-01
3.867864045001420e+00 9.538499809224835e-01 -1.902422444845593e-01
3.877864045001420e+00 9.548668295149797e-01 -1.863041315685120e-01
3.887864045001420e+00 9.558795020442554e-01 -1.823720653386470e-01
3.897864045001421e+00 9.568878932325027e-01 -1.784465391511422e-01
3.907864045001421e+00 9.578918944605866e-01 -1.745280625613833e-01
3.917864045001421e+00 9.588913936222152e-01 -1.706171620282188e-01
3.927864045001421e+00 9.598862749694165e-01 -1.667143816596394e-01
3.937864045001421e+00 9.608764189486306e-01 -1.628202840030712e-01
3.947864045001420e+00 9.618617020266749e-01 -1.589354508838093e-01
3.957864045001420e+00 9.628419965057514e-01 -1.550604842954631e-01
3.967864045001420e+00 9.638171703265849e-01 -1.511960073466837e-01
3.977864045001420e+00 9.647870868586916e-01 -1.473426652688773e-01
3.987864045001421e+00 9.657516046766510e-01 -1.435011264901276e-01
3.997864045001421e+00 9.667105773211625e-01 -1.396720837810963e-01
4.007864045001421e+00 9.676638530434921e-01 -1.358562554793208e-01
4.017864045001421e+00 9.686112745317914e-01 -1.320543867990605e-01
4.027864045001420e+00 9.695526786175690e-01 -1.282672512346612e-01
4.037864045001420e+00 9.704878959604007e-01 -1.244956520663598e-01
4.047864045001420e+00 9.714167507087289e-01 -1.207404239785343e-01
4.057864045001420e+00 9.723390601343208e-01 -1.170024348016470e-01
4.067864045001421e+00 9.732546342376658e-01 -1.132825873905652e-01
4.077864045001421e+00 9.741632753212073e-01 -1.095818216536050e-01
4.087864045001421e+00 9.750647775269048e-01 -1.059011167485575e-01
4.097864045001421e+00 9.759589263341224e-01 -1.022414934642177e-01
4.107864045001421e+00 9.768454980132749e-01 -9.860401680853971e-02
4.117864045001420e+00 9.777242590299936e-01 -9.498979882762675e-02
4.127864045001420e+00 9.785949653937775e-01 -9.140000168339156e-02
4.137864045001420e+00 9.794573619441650e-01 -8.783584102201404e-02
4.147864045001421e+00 9.803111815663410e-01 -8.429858967043613e-02
4.157864045001421e+00 9.811561443267593e-01 -8.078958170424208e-02
4.167864045001421e+00 9.819919565177656e-01 -7.731021693761053e-02
4.177864045001421e+00 9.828183095982388e-01 -7.386196589490937e-02
4.187864045001421e+00 9.836348790149395e-01 -7.044637533429206e-02
4.197864045001420e+00 9.844413228863350e-01 -6.706507440685154e-02
4.207864045001420e+00 9.852372805271111e-01 -6.371978155116546e-02
4.217864045001420e+00 9.860223707871586e-01 -6.041231224323691e-02
4.227864045001422e+00 9.867961901732796e-01 -5.714458774706273e-02
4.237864045001421e+00 9.875583107148694e-01 -5.391864504286915e-02
4.247864045001421e+00 9.883082775259412e-01 -5.073664815048289e-02
4.257864045001421e+00 9.890456060044321e-01 -4.760090111724142e-02
4.267864045001421e+00 9.897697785949070e-01 -4.451386300719266e-02
4.277864045001420e+00 9.904802410213027e-01 -4.147816531669268e-02
4.287864045001420e+00 9.911763978704830e-01 -3.849663235885335e-02
4.297864045001420e+00 9.918576073725487e-01 -3.557230531719678e-02
4.307864045001420e+00 9.925231751762217e-01 -3.270847088453654e-02
4.317864045001421e+00 9.931723468515038e-01 -2.990869570244759e-02
4.327864045001421e+00 9.938042987582889e-01 -2.717686823968828e-02
4.337864045001421e+00 9.944181267847088e-01 -2.451725035787166e-02
4.347864045001421e+00 9.950128322598593e-01 -2.193454171214921e-02
4.357864045001421e+00 9.955873040441533e-01 -1.943396149554793e-02
4.367864045001420e+00 9.961402953306362e-01 -1.702135415560803e-02
4.377864045001420e+00 9.966703929329644e-01 -1.470332912803933e-02
4.387864045001420e+00 9.971759755649299e-01 -1.248745035819000e-02
4.397864045001421e+00 9.976551553826424e-01 -1.038250143950067e-02
4.407864045001421e+00 9.981056929056373e-01 -8.398870894614391e-03
4.417864045001421e+00 9.985248671458612e-01 -6.549139392447400e-03
4.427864045001421e+00 9.989092647072220e-01 -4.849031883432074e-03
4.437864045001421e+00 9.992544073134656e-01 -3.319096604443978e-03
4.447864045001420e+00 9.995540089917381e-01 -1.988048373886676e-03
4.457864045001420e+00 9.997981734870351e-01 -9.008690599122699e-04
4.467864045001420e+00 9.999668272016112e-01 -1.482682631627251e-04
