-3.999999999999000e+00 1.667498896606048e-19 -6.669995586423190e-19
-3.899999999999000e+00 4.991377927556629e-03 -1.966911854163563e-02
-3.799999999999000e+00 1.342131527996098e-02 -5.210633651042926e-02
-3.699999999999000e+00 2.352396180691385e-02 -8.998063396663986e-02
-3.599999999999000e+00 3.466081259020121e-02 -1.306232455821537e-01
-3.499999999999000e+00 4.648347127879945e-02 -1.725890095536824e-01
-3.399999999999000e+00 5.877641182639428e-02 -2.149964132395245e-01
-3.299999999999000e+00 7.139705176912946e-02 -2.572732890694084e-01
-3.199999999999000e+00 8.424698053204685e-02 -2.990339731827363e-01
-3.099999999999000e+00 9.725627082306745e-02 -3.400121450409931e-01
-2.999999999999000e+00 1.103741931384424e-01 -3.800210755197356e-01
-2.899999999999000e+00 1.235633932993264e-01 -4.189287501441725e-01
-2.799999999999000e+00 1.367960802976629e-01 -4.566416415021068e-01
-2.699999999999000e+00 1.500514447175576e-01 -4.930937765923978e-01
-2.599999999999000e+00 1.633138622947932e-01 -5.282391783884276e-01
-2.499999999999000e+00 1.765716154232378e-01 -5.620465281114840e-01
-2.399999999999000e+00 1.898159659019142e-01 -5.944953283875225e-01
-2.299999999999000e+00 2.030404714740403e-01 -6.255731036598648e-01
-2.199999999999000e+00 2.162404749806175e-01 -6.552733311973835e-01
-2.099999999999000e+00 2.294127178603106e-01 -6.835938952012727e-01
-1.999999999999000e+00 2.425550445907013e-01 -7.105359208229822e-01
-1.899999999999000e+00 2.556661745363685e-01 -7.361028875692364e-01
-1.799999999999000e+00 2.687455243590132e-01 -7.602999504413986e-01
-1.699999999999000e+00 2.817930687615571e-01 -7.831334170409238e-01
-1.599999999999000e+00 2.948092305759505e-01 -8.046103427840363e-01
-1.499999999999000e+00 3.077947935082345e-01 -8.247382162392426e-01
-1.399999999999000e+00 3.207508325152533e-01 -8.435247136944587e-01
-1.299999999999000e+00 3.336786579989450e-01 -8.609775072171770e-01
-1.199999999999000e+00 3.465797708975260e-01 -8.771041142598710e-01
-1.099999999999000e+00 3.594558264181422e-01 -8.919117796739926e-01
-9.999999999989999e-01 3.723086046553144e-01 -9.054073831006286e-01
-8.999999999989998e-01 3.851399867180309e-01 -9.175973662953038e-01
-7.999999999989997e-01 3.979519352769815e-01 -9.284876761544114e-01
-6.999999999989996e-01 4.107464786649434e-01 -9.380837201393454e-01
-5.999999999989996e-01 4.235256978341428e-01 -9.463903315126683e-01
-4.999999999989999e-01 4.362917156065551e-01 -9.534117423609468e-01
-3.999999999989998e-01 4.490466877555486e-01 -9.591515628200337e-01
-2.999999999989997e-01 4.617927955364719e-01 -9.636127652695592e-01
-1.999999999989996e-01 4.745322393447612e-01 -9.667976725464766e-01
-9.999999999899956e-02 4.872672332264271e-01 -9.687079494595489e-01
1.000088900582341e-12 5.000000000000561e-01 -9.693445970810504e-01
1.000000000010006e-01 5.127327667736836e-01 -9.687079494594576e-01
2.000000000010003e-01 5.254677606553481e-01 -9.667976725462935e-01
3.000000000009999e-01 5.382072044636355e-01 -9.636127652692832e-01
4.000000000010004e-01 5.509533122445559e-01 -9.591515628196651e-01
5.000000000010001e-01 5.637082843935451e-01 -9.534117423604851e-01
6.000000000010006e-01 5.764743021659535e-01 -9.463903315121112e-01
7.000000000010003e-01 5.892535213351466e-01 -9.380837201386931e-01
8.000000000010008e-01 6.020480647231025e-01 -9.284876761536605e-01
9.000000000010004e-01 6.148600132820456e-01 -9.175973662952079e-01
1.000000000001000e+00 6.276913953447536e-01 -9.054073831004900e-01
1.100000000001001e+00 6.405441735819162e-01 -8.919117796738125e-01
1.200000000001000e+00 6.534202291025221e-01 -8.771041142596505e-01
1.300000000001001e+00 6.663213420010924e-01 -8.609775072169175e-01
1.400000000001000e+00 6.792491674847713e-01 -8.435247136941607e-01
1.500000000001000e+00 6.922052064917774e-01 -8.247382162389063e-01
1.600000000001001e+00 7.051907694240480e-01 -8.046103427836643e-01
1.700000000001000e+00 7.182069312384257e-01 -7.831334170405150e-01
1.800000000001001e+00 7.312544756409537e-01 -7.602999504409552e-01
1.900000000001000e+00 7.443338254635814e-01 -7.361028875687576e-01
2.000000000001000e+00 7.574449554092304e-01 -7.105359208224694e-01
2.100000000001001e+00 7.705872821396014e-01 -6.835938952007263e-01
2.200000000001000e+00 7.837595250192740e-01 -6.552733311968044e-01
2.300000000001001e+00 7.969595285258294e-01 -6.255731036592523e-01
2.400000000001000e+00 8.101840340979326e-01 -5.944953283868774e-01
2.500000000001000e+00 8.234283845765845e-01 -5.620465281108079e-01
2.600000000001001e+00 8.366861377050037e-01 -5.282391783877211e-01
2.700000000001000e+00 8.499485552822118e-01 -4.930937765916604e-01
2.800000000001001e+00 8.632039197020779e-01 -4.566416415013401e-01
2.900000000001000e+00 8.764366067003841e-01 -4.189287501433780e-01
3.000000000001000e+00 8.896258068612356e-01 -3.800210755189144e-01
3.100000000001001e+00 9.027437291765766e-01 -3.400121450401488e-01
3.200000000001000e+00 9.157530194675608e-01 -2.990339731818712e-01
3.300000000001001e+00 9.286029482304389e-01 -2.572732890685270e-01
3.400000000001000e+00 9.412235881731310e-01 -2.149964132386351e-01
3.500000000001000e+00 9.535165287206760e-01 -1.725890095528106e-01
3.600000000001001e+00 9.653391874092266e-01 -1.306232455812933e-01
3.700000000001000e+00 9.764760381924426e-01 -8.998063396605463e-02
3.800000000001001e+00 9.865786847188950e-01 -5.210633650936201e-02
3.900000000001000e+00 9.950086220723509e-01 -1.966911853777396e-02
