-2.828427124745190e+00 7.569620794223942e-19 -2.141012077842125e-18
-2.728427124745190e+00 1.806583963007736e-02 -5.006925109949990e-02
-2.628427124745190e+00 4.170131721856515e-02 -1.133678725302208e-01
-2.528427124745190e+00 6.528290829717301e-02 -1.741767003159043e-01
-2.428427124745190e+00 8.805371703889847e-02 -2.306200422695367e-01
-2.328427124745190e+00 1.099183272142628e-01 -2.826308425642488e-01
-2.228427124745190e+00 1.309315563308045e-01 -3.305146968823144e-01
-2.128427124745190e+00 1.511811515129561e-01 -3.746329500653583e-01
-2.028427124745190e+00 1.707555792832679e-01 -4.153222485235782e-01
-1.928427124745190e+00 1.897351765947881e-01 -4.528766468047198e-01
-1.828427124745190e+00 2.081904817711071e-01 -4.875476930126598e-01
-1.728427124745190e+00 2.261828100874218e-01 -5.195493625721431e-01
-1.628427124745190e+00 2.437654378334290e-01 -5.490637329426024e-01
-1.528427124745190e+00 2.609848393702031e-01 -5.762461524311816e-01
-1.428427124745190e+00 2.778818002177536e-01 -6.012296079002674e-01
-1.328427124745190e+00 2.944923653970293e-01 -6.241283089060589e-01
-1.228427124745190e+00 3.108486299348302e-01 -6.450405957362646e-01
-1.128427124745190e+00 3.269793928960434e-01 -6.640512911773252e-01
-1.028427124745190e+00 3.429106983967358e-01 -6.812336031824615e-01
-9.284271247451901e-01 3.586662848694178e-01 -6.966506671208021e-01
-8.284271247451902e-01 3.742679605454156e-01 -7.103567984261628e-01
-7.284271247451901e-01 3.897359198652127e-01 -7.223985114204682e-01
-6.284271247451900e-01 4.050890127112987e-01 -7.328153478350060e-01
-5.284271247451899e-01 4.203449760539895e-01 -7.416405489022673e-01
-4.284271247451898e-01 4.355206357699676e-01 -7.489015972965677e-01
-3.284271247451902e-01 4.506320849642647e-01 -7.546206492259107e-01
-2.284271247451901e-01 4.656948440263774e-01 -7.588148722374193e-01
-1.284271247451900e-01 4.807240068172801e-01 -7.614967004863169e-01
-2.842712474518994e-02 4.957343767720249e-01 -7.626740160906172e-01
7.157287525481015e-02 5.107405962221141e-01 -7.623502625567522e-01
1.715728752548098e-01 5.257572720704522e-01 -7.605244939582472e-01
2.715728752548099e-01 5.407991006021661e-01 -7.571913614490738e-01
3.715728752548100e-01 5.558809943685240e-01 -7.523410366788443e-01
4.715728752548101e-01 5.710182140572925e-01 -7.459590696390517e-01
5.715728752548102e-01 5.862265085114392e-01 -7.380261762973848e-01
6.715728752548098e-01 6.015222664048919e-01 -7.285179489422834e-01
7.715728752548099e-01 6.169226835963344e-01 -7.174044793471721e-01
8.715728752548100e-01 6.324459508922764e-01 -7.046498814425745e-01
9.715728752548101e-01 6.481114678793951e-01 -6.902116960290365e-01
1.071572875254810e+00 6.639400897410974e-01 -6.740401548181623e-01
1.171572875254810e+00 6.799544155453262e-01 -6.560772744717204e-01
1.271572875254810e+00 6.961791285300337e-01 -6.362557428809071e-01
1.371572875254810e+00 7.126414014329283e-01 -6.144975492216227e-01
1.471572875254810e+00 7.293713829405792e-01 -5.907122958823211e-01
1.571572875254810e+00 7.464027846730431e-01 -5.647951140069072e-01
1.671572875254810e+00 7.637735912009845e-01 -5.366240858679203e-01
1.771572875254810e+00 7.815269164420613e-01 -5.060570600165925e-01
1.871572875254810e+00 7.997120238953687e-01 -4.729277397198331e-01
1.971572875254811e+00 8.183855031580684e-01 -4.370409612293181e-01
2.071572875254810e+00 8.376125195707558e-01 -3.981672372215335e-01
2.171572875254810e+00 8.574678422386046e-01 -3.560371496173334e-01
2.271572875254810e+00 8.780357638784921e-01 -3.103377021277115e-01
2.371572875254810e+00 8.994062951332044e-01 -2.607173972059292e-01
2.471572875254811e+00 9.216595075827114e-01 -2.068220273858374e-01
2.571572875254810e+00 9.448098645948080e-01 -1.484396001888523e-01
2.671572875254810e+00 9.685922479910744e-01 -8.608998364350033e-02
2.771572875254810e+00 9.913687268541836e-01 -2.412791362544826e-02
